1.2685E-08 1.0542E-01 6.1251E-16 1.0672E+00 1.2624E+00
4.0113E-08 1.0542E-01 1.9369E-15 1.0672E+00 1.2624E+00
1.2685E-07 1.0542E-01 6.1251E-15 1.0672E+00 1.2624E+00
4.0113E-07 1.0542E-01 1.9369E-14 1.0672E+00 1.2624E+00
1.2685E-06 1.0542E-01 6.1251E-14 1.0672E+00 1.2624E+00
4.0113E-06 1.0542E-01 1.9369E-13 1.0672E+00 1.2624E+00
1.2685E-05 1.0542E-01 6.1251E-13 1.0672E+00 1.2624E+00
4.0113E-05 1.0542E-01 1.9369E-12 1.0672E+00 1.2624E+00
1.2685E-04 1.0542E-01 6.1251E-12 1.0672E+00 1.2624E+00
4.0113E-04 1.0542E-01 1.9369E-11 1.0672E+00 1.2624E+00
1.2685E-03 1.0542E-01 6.1251E-11 1.0672E+00 1.2624E+00
4.0113E-03 1.0542E-01 1.9369E-10 1.0672E+00 1.2624E+00
1.2685E-02 1.0542E-01 6.1251E-10 1.0672E+00 1.2624E+00
4.0113E-02 1.0542E-01 1.9373E-09 1.0672E+00 1.2624E+00
1.2685E-01 1.0542E-01 6.1264E-09 1.0672E+00 1.2624E+00
