4.0020E-13 3.5453E-01 3.1099E-05 1.0671E+00 1.2585E+00
1.2655E-12 3.5454E-01 9.7139E-05 1.0671E+00 1.2584E+00
4.0020E-12 3.5456E-01 2.9664E-04 1.0671E+00 1.2582E+00
1.2655E-11 3.5460E-01 8.5127E-04 1.0671E+00 1.2580E+00
4.0020E-11 3.5468E-01 2.1307E-03 1.0671E+00 1.2577E+00
1.2655E-10 3.5485E-01 4.2904E-03 1.0671E+00 1.2574E+00
4.0020E-10 3.5524E-01 7.3433E-03 1.0671E+00 1.2570E+00
1.2655E-09 3.5604E-01 1.3823E-02 1.0671E+00 1.2564E+00
4.0020E-09 3.5766E-01 2.9842E-02 1.0670E+00 1.2556E+00
1.2655E-08 3.6036E-01 6.2232E-02 1.0670E+00 1.2546E+00
4.0020E-08 3.6426E-01 1.1803E-01 1.0670E+00 1.2534E+00
1.2655E-07 3.6928E-01 2.0168E-01 1.0669E+00 1.2522E+00
4.0020E-07 3.7578E-01 3.1897E-01 1.0669E+00 1.2509E+00
1.2655E-06 3.8480E-01 4.9657E-01 1.0668E+00 1.2495E+00
4.0020E-06 3.9930E-01 7.5830E-01 1.0668E+00 1.2482E+00
