4.0020E-16 3.5726E-01 4.8451E+01 1.0004E+00 1.0013E+00
1.2655E-15 3.5950E-01 5.5502E+01 1.0003E+00 1.0011E+00
4.0020E-15 3.6149E-01 6.7470E+01 9.9996E-01 1.0007E+00
1.2655E-14 3.6369E-01 8.4630E+01 9.9910E-01 9.9968E-01
4.0020E-14 3.6715E-01 1.0660E+02 9.9664E-01 9.9709E-01
1.2655E-13 3.7403E-01 1.2642E+02 9.9030E-01 9.9063E-01
4.0020E-13 3.9093E-01 1.4284E+02 9.7747E-01 9.7773E-01
1.2655E-12 4.3793E-01 1.6434E+02 9.6032E-01 9.6054E-01
4.0020E-12 5.6937E-01 2.1522E+02 9.4841E-01 9.4862E-01
1.2655E-11 9.2521E-01 3.3676E+02 9.4183E-01 9.4202E-01
4.0020E-11 1.9351E+00 7.8722E+02 9.3639E-01 9.3657E-01
1.2655E-10 4.9531E+00 2.1314E+03 9.2581E-01 9.2597E-01
4.0020E-10 1.3719E+01 6.0195E+03 8.9752E-01 8.9764E-01
1.2655E-09 3.6567E+01 1.5698E+04 8.2858E-01 8.2866E-01
4.0020E-09 8.0019E+01 3.3493E+04 7.0416E-01 7.0421E-01
