1.2685E-11 3.4627E-01 6.3205E-12 1.0672E+00 1.2624E+00
4.0113E-11 3.4627E-01 1.9987E-11 1.0672E+00 1.2624E+00
1.2685E-10 3.4627E-01 6.3205E-11 1.0672E+00 1.2624E+00
4.0113E-10 3.4627E-01 2.6107E-10 1.0672E+00 1.2624E+00
1.2685E-09 3.4627E-01 3.0649E-09 1.0672E+00 1.2624E+00
4.0113E-09 3.4627E-01 1.2067E-08 1.0672E+00 1.2624E+00
1.2685E-08 3.4627E-01 3.8432E-08 1.0672E+00 1.2624E+00
4.0113E-08 3.4627E-01 1.2169E-07 1.0672E+00 1.2624E+00
1.2685E-07 3.4627E-01 3.8684E-07 1.0672E+00 1.2624E+00
4.0113E-07 3.4627E-01 1.2294E-06 1.0672E+00 1.2624E+00
1.2685E-06 3.4628E-01 3.9203E-06 1.0672E+00 1.2624E+00
4.0113E-06 3.4629E-01 1.2486E-05 1.0672E+00 1.2624E+00
1.2685E-05 3.4633E-01 3.9845E-05 1.0672E+00 1.2624E+00
4.0113E-05 3.4643E-01 1.2590E-04 1.0672E+00 1.2624E+00
1.2685E-04 3.4664E-01 3.9536E-04 1.0672E+00 1.2624E+00
