1.4182E-16 3.2192E-01 7.2495E+01 8.9894E-01 8.9899E-01
4.4847E-16 3.0460E-01 1.0303E+02 8.4231E-01 8.4234E-01
1.4182E-15 2.6329E-01 1.9982E+02 7.1938E-01 7.1940E-01
4.4847E-15 2.0965E-01 2.1023E+02 5.6398E-01 5.6399E-01
1.4182E-14 1.5759E-01 1.9475E+02 4.1542E-01 4.1542E-01
4.4847E-14 1.0068E-01 1.6729E+02 2.5560E-01 2.5561E-01
1.4182E-13 6.5608E-02 1.6652E+02 1.5880E-01 1.5880E-01
4.4847E-13 4.5091E-02 1.8426E+02 1.0287E-01 1.0287E-01
1.4182E-12 2.4700E-02 2.3712E+02 4.8211E-02 4.8214E-02
4.4847E-12 2.1261E-02 2.6835E+02 3.5579E-02 3.5581E-02
1.4182E-11 1.7104E-02 2.9851E+02 1.7595E-02 1.7596E-02
4.4847E-11 2.0824E-02 2.3749E+02 1.0781E-02 1.0782E-02
1.4182E-10 2.8353E-02 2.3114E+02 6.2051E-03 6.2058E-03
4.4847E-10 4.8029E-02 3.2543E+02 2.7364E-03 2.7367E-03
1.4182E-09 5.3139E-02 3.3670E+02 2.1041E-03 2.1044E-03
