-21.4937 -20.9937 -20.4937 -19.9937 -19.4937 -18.9937 -18.4937 -17.9937 -17.4937 -16.9937 -16.4937 -15.9937 -15.4937 -14.9937 -14.4937 
3.7636 30.8812 30.5338 30.3215 29.8435 29.3103 28.7443 28.2423 27.7863 27.3958 26.9496 26.4958 25.8965 25.3847 25.0333 24.5481
4.0646 31.3092 30.8682 30.4530 30.0515 29.6517 29.2257 28.7788 28.3397 27.9568 27.6513 27.5200 27.4526 27.4035 27.3198 27.1489
4.5417 33.0340 32.5534 32.0622 31.5581 31.0260 30.4428 29.8145 29.2238 28.7371 28.3718 28.1127 27.8950 27.6520 27.3354 26.9412
5.0646 33.2342 32.7627 32.3067 31.8541 31.3750 30.8453 30.2798 29.6888 29.1053 28.5715 28.1441 27.8238 27.5498 27.2547 26.8976
5.5417 31.8443 31.4635 31.0253 30.5288 30.0081 29.5141 29.0752 28.6885 28.3336 28.0000 27.6955 27.4144 27.1553 26.9220 26.6644
6.0646 29.1167 29.1113 29.0961 29.0540 28.9524 28.7564 28.4898 28.2645 28.0987 27.9179 27.6959 27.4286 27.1277 26.8199 26.5038
6.5417 28.1142 27.8492 27.5397 27.1734 26.7638 26.3606 26.0179 25.7839 25.6605 25.5981 25.5551 25.5107 25.4658 25.4274 25.3850
7.0646 24.4237 24.4237 24.4237 24.5397 25.1093 25.2045 25.2076 25.2082 25.2104 25.2126 25.2162 25.2193 25.2233 25.2229 25.2199
7.5417 24.4053 24.4053 24.4053 24.4053 24.4053 24.4053 24.4053 24.4053 24.4053 24.4094 24.4708 24.4991 24.5128 24.5149 24.5147
8.0646 24.3935 24.3935 24.3935 24.3935 24.3935 24.3935 24.3935 24.3935 24.3935 24.3935 24.3935 24.3935 24.4117 24.4144 24.4143
9.0646 24.4100 24.4100 24.4100 24.4100 24.4100 24.4100 24.4100 24.4100 24.4100 24.4100 24.4100 24.4100 24.4100 24.4101 24.4101
