-21.4937 -20.9937 -20.4937 -19.9937 -19.4937 -18.9937 -18.4937 -17.9937 -17.4937 -16.9937 -16.4937 -15.9937 -15.4937 -14.9937 -14.4937 
3.7636 -0.4923 -0.5163 -0.5796 -0.6785 -0.8025 -0.9971 -1.1830 -1.3459 -1.6073 -1.6724 -1.7669 -1.6814 -1.5474 -1.3185 -1.2746
4.0646 -0.4470 -0.4443 -0.4419 -0.4393 -0.4352 -0.4271 -0.4079 -0.3586 -0.2446 -0.0338 0.2867 0.6949 1.1373 1.5631 1.9032
4.5417 -0.4247 -0.4211 -0.4162 -0.4097 -0.4016 -0.3914 -0.3787 -0.3449 -0.2906 -0.1872 -0.0274 0.1911 0.4790 0.8498 1.2953
5.0646 -0.3084 -0.2961 -0.2847 -0.2754 -0.2659 -0.2557 -0.2462 -0.2351 -0.2190 -0.1966 -0.1566 -0.0855 0.0417 0.2457 0.5430
5.5417 -0.4466 -0.4462 -0.4457 -0.4451 -0.4445 -0.4437 -0.4426 -0.4405 -0.4360 -0.4269 -0.4087 -0.3717 -0.3011 -0.1811 0.0103
6.0646 -0.4503 -0.4503 -0.4503 -0.4503 -0.4502 -0.4500 -0.4495 -0.4485 -0.4465 -0.4433 -0.4386 -0.4326 -0.4251 -0.4148 -0.3987
6.5417 -0.4530 -0.4530 -0.4530 -0.4530 -0.4530 -0.4530 -0.4530 -0.4530 -0.4530 -0.4530 -0.4529 -0.4527 -0.4523 -0.4514 -0.4495
7.0646 -0.4606 -0.4606 -0.4606 -0.4606 -0.4606 -0.4606 -0.4606 -0.4606 -0.4606 -0.4606 -0.4606 -0.4606 -0.4605 -0.4604 -0.4601
7.5417 -0.4844 -0.4844 -0.4844 -0.4844 -0.4844 -0.4844 -0.4844 -0.4844 -0.4844 -0.4844 -0.4844 -0.4844 -0.4844 -0.4844 -0.4843
8.0646 -0.5540 -0.5540 -0.5540 -0.5540 -0.5540 -0.5540 -0.5540 -0.5540 -0.5540 -0.5540 -0.5540 -0.5540 -0.5540 -0.5540 -0.5540
9.0646 -0.9771 -0.9771 -0.9771 -0.9771 -0.9771 -0.9771 -0.9771 -0.9771 -0.9771 -0.9771 -0.9771 -0.9771 -0.9771 -0.9771 -0.9771
