4.0020E-10 2.7927E-01 5.8830E-14 1.0672E+00 1.2624E+00
1.2655E-09 2.7927E-01 1.8604E-13 1.0672E+00 1.2624E+00
4.0020E-09 2.7927E-01 5.8830E-13 1.0672E+00 1.2624E+00
1.2655E-08 2.7927E-01 1.8604E-12 1.0672E+00 1.2624E+00
4.0020E-08 2.7927E-01 5.8830E-12 1.0672E+00 1.2624E+00
1.2655E-07 2.7927E-01 1.8604E-11 1.0672E+00 1.2624E+00
4.0020E-07 2.7927E-01 5.8830E-11 1.0672E+00 1.2624E+00
1.2655E-06 2.7927E-01 1.8604E-10 1.0672E+00 1.2624E+00
4.0020E-06 2.7927E-01 5.8830E-10 1.0672E+00 1.2624E+00
1.2655E-05 2.7927E-01 1.8604E-09 1.0672E+00 1.2624E+00
4.0020E-05 2.7927E-01 5.8830E-09 1.0672E+00 1.2624E+00
1.2655E-04 2.7927E-01 1.8604E-08 1.0672E+00 1.2624E+00
4.0020E-04 2.7927E-01 6.1351E-08 1.0672E+00 1.2624E+00
1.2655E-03 2.7927E-01 1.9518E-07 1.0672E+00 1.2624E+00
4.0020E-03 2.7927E-01 6.1713E-07 1.0672E+00 1.2624E+00
