1.2685E-14 4.9157E-01 4.0864E+01 1.0647E+00 1.2141E+00
4.0113E-14 5.0571E-01 4.3635E+01 1.0646E+00 1.2136E+00
1.2685E-13 5.1911E-01 4.8285E+01 1.0646E+00 1.2132E+00
4.0113E-13 5.3043E-01 5.3845E+01 1.0646E+00 1.2127E+00
1.2685E-12 5.4214E-01 5.6510E+01 1.0646E+00 1.2121E+00
4.0113E-12 5.5500E-01 5.2770E+01 1.0645E+00 1.2114E+00
1.2685E-11 5.6725E-01 4.5383E+01 1.0645E+00 1.2106E+00
4.0113E-11 5.8203E-01 3.6807E+01 1.0644E+00 1.2099E+00
1.2685E-10 6.0399E-01 3.0366E+01 1.0644E+00 1.2093E+00
4.0113E-10 6.3591E-01 2.8090E+01 1.0643E+00 1.2087E+00
1.2685E-09 6.9730E-01 3.3206E+01 1.0643E+00 1.2080E+00
4.0113E-09 8.2137E-01 5.0225E+01 1.0642E+00 1.2073E+00
1.2685E-08 1.1008E+00 8.4513E+01 1.0641E+00 1.2063E+00
4.0113E-08 1.7607E+00 1.3546E+02 1.0639E+00 1.2048E+00
1.2685E-07 3.4917E+00 1.8822E+02 1.0637E+00 1.2028E+00
