2.0795E-15 3.7611E-01 2.8565E+02 1.0629E+00 1.1941E+00
6.5760E-15 3.7925E-01 2.9871E+02 1.0628E+00 1.1937E+00
2.0795E-14 3.8357E-01 3.0480E+02 1.0627E+00 1.1931E+00
6.5760E-14 3.8933E-01 3.0198E+02 1.0626E+00 1.1923E+00
2.0795E-13 3.9665E-01 2.8044E+02 1.0625E+00 1.1913E+00
6.5760E-13 4.0603E-01 2.3157E+02 1.0623E+00 1.1903E+00
2.0795E-12 4.1810E-01 1.7232E+02 1.0620E+00 1.1890E+00
6.5760E-12 4.5193E-01 1.3984E+02 1.0612E+00 1.1862E+00
2.0795E-11 5.1211E-01 1.4419E+02 1.0591E+00 1.1795E+00
6.5760E-11 6.4982E-01 1.9661E+02 1.0536E+00 1.1628E+00
2.0795E-10 9.3895E-01 3.4243E+02 1.0423E+00 1.1286E+00
6.5760E-10 1.5529E+00 6.5590E+02 1.0264E+00 1.0806E+00
2.0795E-09 3.0132E+00 1.1853E+03 1.0126E+00 1.0388E+00
6.5760E-09 7.0762E+00 1.8084E+03 1.0049E+00 1.0157E+00
2.0795E-08 1.9739E+01 2.3071E+03 1.0021E+00 1.0071E+00
