2.0795E-12 3.5237E-01 3.4360E-07 1.0672E+00 1.2612E+00
6.5760E-12 3.5237E-01 5.9031E-07 1.0672E+00 1.2607E+00
2.0795E-11 3.5236E-01 9.1523E-07 1.0672E+00 1.2602E+00
6.5760E-11 3.5236E-01 1.2453E-06 1.0672E+00 1.2598E+00
2.0795E-10 3.5236E-01 1.5334E-06 1.0672E+00 1.2596E+00
6.5760E-10 3.5236E-01 1.9164E-06 1.0672E+00 1.2595E+00
2.0795E-09 3.5236E-01 2.7528E-06 1.0672E+00 1.2594E+00
6.5760E-09 3.5236E-01 5.0782E-06 1.0672E+00 1.2594E+00
2.0795E-08 3.5237E-01 1.2087E-05 1.0672E+00 1.2594E+00
6.5760E-08 3.5240E-01 3.3106E-05 1.0672E+00 1.2594E+00
2.0795E-07 3.5247E-01 9.4826E-05 1.0672E+00 1.2594E+00
6.5760E-07 3.5262E-01 2.7075E-04 1.0671E+00 1.2593E+00
2.0795E-06 3.5296E-01 7.7199E-04 1.0671E+00 1.2593E+00
6.5760E-06 3.5369E-01 2.2346E-03 1.0671E+00 1.2592E+00
2.0795E-05 3.5524E-01 6.4096E-03 1.0671E+00 1.2592E+00
