6.5913E-14 3.5758E-01 1.8499E-01 1.0665E+00 1.2411E+00
2.0844E-13 3.5792E-01 2.4343E-01 1.0664E+00 1.2395E+00
6.5913E-13 3.5831E-01 2.8063E-01 1.0663E+00 1.2378E+00
2.0844E-12 3.5880E-01 2.8295E-01 1.0662E+00 1.2365E+00
6.5913E-12 3.5935E-01 2.6973E-01 1.0661E+00 1.2356E+00
2.0844E-11 3.5999E-01 2.7348E-01 1.0660E+00 1.2345E+00
6.5913E-11 3.6088E-01 3.1481E-01 1.0659E+00 1.2327E+00
2.0844E-10 3.6266E-01 4.0866E-01 1.0658E+00 1.2308E+00
6.5913E-10 3.6644E-01 5.7074E-01 1.0657E+00 1.2295E+00
2.0844E-09 3.7418E-01 8.3719E-01 1.0656E+00 1.2287E+00
6.5913E-09 3.9023E-01 1.3133E+00 1.0656E+00 1.2278E+00
2.0844E-08 4.2496E-01 2.1740E+00 1.0655E+00 1.2266E+00
6.5913E-08 4.9991E-01 3.7855E+00 1.0654E+00 1.2249E+00
2.0844E-07 6.5898E-01 6.9960E+00 1.0652E+00 1.2229E+00
6.5913E-07 1.0240E+00 1.2226E+01 1.0651E+00 1.2212E+00
