6.5913E-11 3.2783E-01 6.7324E-13 1.0672E+00 1.2624E+00
2.0844E-10 3.2783E-01 2.1290E-12 1.0672E+00 1.2624E+00
6.5913E-10 3.2783E-01 6.7324E-12 1.0672E+00 1.2624E+00
2.0844E-09 3.2783E-01 2.1290E-11 1.0672E+00 1.2624E+00
6.5913E-09 3.2783E-01 6.7324E-11 1.0672E+00 1.2624E+00
2.0844E-08 3.2783E-01 2.1290E-10 1.0672E+00 1.2624E+00
6.5913E-08 3.2783E-01 6.7324E-10 1.0672E+00 1.2624E+00
2.0844E-07 3.2783E-01 2.1290E-09 1.0672E+00 1.2624E+00
6.5913E-07 3.2783E-01 6.7324E-09 1.0672E+00 1.2624E+00
2.0844E-06 3.2783E-01 2.1492E-08 1.0672E+00 1.2624E+00
6.5913E-06 3.2783E-01 7.8281E-08 1.0672E+00 1.2624E+00
2.0844E-05 3.2783E-01 2.6422E-07 1.0672E+00 1.2624E+00
6.5913E-05 3.2783E-01 8.6233E-07 1.0672E+00 1.2624E+00
2.0844E-04 3.2783E-01 2.7398E-06 1.0672E+00 1.2624E+00
6.5913E-04 3.2784E-01 8.6612E-06 1.0672E+00 1.2624E+00
