1.2685E-08 9.9563E-02 5.9665E-16 1.1068E+00 1.3873E+00
4.0113E-08 9.9563E-02 1.8362E-15 1.1068E+00 1.3873E+00
1.2685E-07 9.9563E-02 5.8067E-15 1.1068E+00 1.3873E+00
4.0113E-07 9.9563E-02 1.8362E-14 1.1068E+00 1.3873E+00
1.2685E-06 9.9563E-02 5.8067E-14 1.1068E+00 1.3873E+00
4.0113E-06 9.9563E-02 1.8362E-13 1.1068E+00 1.3873E+00
1.2685E-05 9.9563E-02 5.8067E-13 1.1068E+00 1.3873E+00
4.0113E-05 9.9563E-02 1.8362E-12 1.1068E+00 1.3873E+00
1.2685E-04 9.9563E-02 5.8067E-12 1.1068E+00 1.3873E+00
4.0113E-04 9.9563E-02 1.8362E-11 1.1068E+00 1.3873E+00
1.2685E-03 9.9563E-02 5.8067E-11 1.1068E+00 1.3873E+00
4.0113E-03 9.9563E-02 1.8362E-10 1.1068E+00 1.3873E+00
1.2685E-02 9.9563E-02 5.8067E-10 1.1068E+00 1.3873E+00
4.0113E-02 9.9563E-02 1.8366E-09 1.1068E+00 1.3873E+00
1.2685E-01 9.9563E-02 5.8079E-09 1.1068E+00 1.3873E+00
