4.0020E-13 3.3483E-01 3.0263E-05 1.1067E+00 1.3830E+00
1.2655E-12 3.3485E-01 9.1873E-05 1.1067E+00 1.3828E+00
4.0020E-12 3.3486E-01 2.8106E-04 1.1067E+00 1.3827E+00
1.2655E-11 3.3490E-01 8.0952E-04 1.1067E+00 1.3824E+00
4.0020E-11 3.3497E-01 2.0396E-03 1.1067E+00 1.3821E+00
1.2655E-10 3.3513E-01 4.1440E-03 1.1067E+00 1.3818E+00
4.0020E-10 3.3550E-01 7.1222E-03 1.1067E+00 1.3814E+00
1.2655E-09 3.3623E-01 1.3371E-02 1.1067E+00 1.3807E+00
4.0020E-09 3.3775E-01 2.8826E-02 1.1066E+00 1.3798E+00
1.2655E-08 3.4030E-01 6.0250E-02 1.1066E+00 1.3787E+00
4.0020E-08 3.4401E-01 1.1460E-01 1.1066E+00 1.3775E+00
1.2655E-07 3.4877E-01 1.9637E-01 1.1065E+00 1.3761E+00
4.0020E-07 3.5498E-01 3.1093E-01 1.1065E+00 1.3747E+00
1.2655E-06 3.6365E-01 4.8325E-01 1.1064E+00 1.3732E+00
4.0020E-06 3.7757E-01 7.4687E-01 1.1064E+00 1.3717E+00
