1.2685E-11 3.2703E-01 6.1839E-12 1.1068E+00 1.3873E+00
4.0113E-11 3.2703E-01 1.9031E-11 1.1068E+00 1.3873E+00
1.2685E-10 3.2703E-01 6.0183E-11 1.1068E+00 1.3873E+00
4.0113E-10 3.2703E-01 2.4265E-10 1.1068E+00 1.3873E+00
1.2685E-09 3.2703E-01 2.7672E-09 1.1068E+00 1.3873E+00
4.0113E-09 3.2703E-01 1.1409E-08 1.1068E+00 1.3873E+00
1.2685E-08 3.2703E-01 3.6337E-08 1.1068E+00 1.3873E+00
4.0113E-08 3.2703E-01 1.1503E-07 1.1068E+00 1.3873E+00
1.2685E-07 3.2703E-01 3.6576E-07 1.1068E+00 1.3873E+00
4.0113E-07 3.2704E-01 1.1622E-06 1.1068E+00 1.3873E+00
1.2685E-06 3.2704E-01 3.7058E-06 1.1068E+00 1.3873E+00
4.0113E-06 3.2705E-01 1.1805E-05 1.1068E+00 1.3873E+00
1.2685E-05 3.2709E-01 3.7667E-05 1.1068E+00 1.3873E+00
4.0113E-05 3.2718E-01 1.1907E-04 1.1068E+00 1.3873E+00
1.2685E-04 3.2738E-01 3.7418E-04 1.1068E+00 1.3873E+00
