2.0795E-12 3.3279E-01 3.4005E-07 1.1068E+00 1.3859E+00
6.5760E-12 3.3279E-01 5.7918E-07 1.1068E+00 1.3854E+00
2.0795E-11 3.3279E-01 9.0141E-07 1.1068E+00 1.3849E+00
6.5760E-11 3.3278E-01 1.2318E-06 1.1068E+00 1.3844E+00
2.0795E-10 3.3278E-01 1.5189E-06 1.1068E+00 1.3842E+00
6.5760E-10 3.3278E-01 1.8893E-06 1.1068E+00 1.3840E+00
2.0795E-09 3.3278E-01 2.6877E-06 1.1068E+00 1.3840E+00
6.5760E-09 3.3279E-01 4.8983E-06 1.1068E+00 1.3840E+00
2.0795E-08 3.3280E-01 1.1535E-05 1.1068E+00 1.3840E+00
6.5760E-08 3.3282E-01 3.1480E-05 1.1068E+00 1.3840E+00
2.0795E-07 3.3288E-01 8.9989E-05 1.1068E+00 1.3839E+00
6.5760E-07 3.3303E-01 2.5708E-04 1.1068E+00 1.3839E+00
2.0795E-06 3.3335E-01 7.3248E-04 1.1068E+00 1.3838E+00
6.5760E-06 3.3405E-01 2.1249E-03 1.1068E+00 1.3838E+00
2.0795E-05 3.3551E-01 6.1174E-03 1.1068E+00 1.3837E+00
