-21.4937 -20.9937 -20.4937 -19.9937 -19.4937 -18.9937 -18.4937 -17.9937 -17.4937 -16.9937 -16.4937 -15.9937 -15.4937 -14.9937 -14.4937 
3.7636 30.8793 30.5017 30.2562 29.8175 29.2937 28.7277 28.2263 27.7579 27.3642 26.9089 26.4661 25.8864 25.3475 24.9810 24.5088
4.0646 31.3092 30.8635 30.4467 30.0437 29.6434 29.2197 28.7710 28.3249 27.9276 27.5859 27.4279 27.3457 27.2928 27.2120 27.0508
4.5417 33.0337 32.5530 32.0621 31.5589 31.0288 30.4494 29.8246 29.2239 28.7343 28.3683 28.1221 27.9319 27.7191 27.4231 27.0415
5.0646 33.2338 32.7612 32.3047 31.8520 31.3754 30.8481 30.2850 29.6914 29.1072 28.5702 28.1376 27.8128 27.5375 27.2439 26.8975
5.5417 31.8421 31.4608 31.0247 30.5299 30.0090 29.5127 29.0704 28.6833 28.3271 27.9916 27.6850 27.4024 27.1415 26.9065 26.6565
6.0646 29.1048 29.0871 29.0727 29.0322 28.9335 28.7414 28.4765 28.2501 28.0837 27.9039 27.6831 27.4170 27.1166 26.8081 26.4972
6.5417 28.1097 27.8410 27.5331 27.1687 26.7597 26.3545 26.0075 25.7682 25.6402 25.5762 25.5323 25.4882 25.4430 25.4055 25.3647
7.0646 24.4142 24.4024 24.4024 24.5079 25.0649 25.1802 25.1833 25.1837 25.1861 25.1882 25.1918 25.1950 25.1989 25.1987 25.1960
7.5417 24.3950 24.3832 24.3832 24.3832 24.3832 24.3832 24.3832 24.3832 24.3832 24.3868 24.4439 24.4763 24.4895 24.4921 24.4920
8.0646 24.3832 24.3705 24.3704 24.3705 24.3704 24.3705 24.3704 24.3705 24.3704 24.3705 24.3704 24.3705 24.3878 24.3912 24.3911
9.0646 24.3986 24.3868 24.3868 24.3868 24.3868 24.3868 24.3868 24.3868 24.3868 24.3868 24.3868 24.3868 24.3868 24.3869 24.3869
