-21.4937 -20.9937 -20.4937 -19.9937 -19.4937 -18.9937 -18.4937 -17.9937 -17.4937 -16.9937 -16.4937 -15.9937 -15.4937 -14.9937 -14.4937 
3.7636 -0.5502 -0.5690 -0.6250 -0.7171 -0.8439 -1.0458 -1.1984 -1.3877 -1.6544 -1.6976 -1.7870 -1.6817 -1.5450 -1.3123 -1.2612
4.0646 -0.4867 -0.4841 -0.4817 -0.4792 -0.4758 -0.4695 -0.4548 -0.4141 -0.3132 -0.1161 0.1918 0.5925 1.0331 1.4631 1.8117
4.5417 -0.4491 -0.4455 -0.4406 -0.4340 -0.4258 -0.4154 -0.4021 -0.3694 -0.3159 -0.2133 -0.0546 0.1588 0.4371 0.7981 1.2319
5.0646 -0.3307 -0.3185 -0.3068 -0.2971 -0.2874 -0.2768 -0.2667 -0.2560 -0.2392 -0.2164 -0.1755 -0.1030 0.0252 0.2290 0.5239
5.5417 -0.4714 -0.4710 -0.4706 -0.4700 -0.4693 -0.4685 -0.4674 -0.4654 -0.4609 -0.4519 -0.4337 -0.3965 -0.3248 -0.2021 -0.0054
6.0646 -0.4752 -0.4751 -0.4751 -0.4751 -0.4750 -0.4748 -0.4743 -0.4734 -0.4714 -0.4681 -0.4634 -0.4575 -0.4498 -0.4393 -0.4230
6.5417 -0.4778 -0.4778 -0.4778 -0.4778 -0.4778 -0.4778 -0.4778 -0.4778 -0.4778 -0.4778 -0.4777 -0.4775 -0.4771 -0.4762 -0.4743
7.0646 -0.4854 -0.4854 -0.4854 -0.4854 -0.4854 -0.4854 -0.4854 -0.4854 -0.4854 -0.4854 -0.4854 -0.4854 -0.4853 -0.4852 -0.4849
7.5417 -0.5092 -0.5092 -0.5092 -0.5092 -0.5092 -0.5092 -0.5092 -0.5092 -0.5092 -0.5092 -0.5092 -0.5092 -0.5092 -0.5092 -0.5092
8.0646 -0.5788 -0.5788 -0.5788 -0.5788 -0.5788 -0.5788 -0.5788 -0.5788 -0.5788 -0.5788 -0.5788 -0.5788 -0.5788 -0.5788 -0.5788
9.0646 -1.0019 -1.0019 -1.0019 -1.0019 -1.0019 -1.0019 -1.0019 -1.0019 -1.0019 -1.0019 -1.0019 -1.0019 -1.0019 -1.0019 -1.0019
