1.000000 5.827455e+08 7.756592e+08 1.100000e+14 1.285079e+14 2.033285e+13 4.157875e-13
1.100000 6.103437e+08 7.900543e+08 1.150349e+14 1.352096e+14 2.103569e+13 3.797618e-13
1.200000 6.277612e+08 7.976862e+08 1.203083e+14 1.420357e+14 2.053223e+13 3.475705e-13
1.300000 6.385910e+08 8.011440e+08 1.257321e+14 1.489277e+14 1.939925e+13 3.182313e-13
1.400000 6.452165e+08 8.021051e+08 1.312496e+14 1.558496e+14 1.798995e+13 2.918738e-13
1.500000 6.488795e+08 8.012912e+08 1.368242e+14 1.627798e+14 1.652693e+13 2.686993e-13
1.600000 6.507530e+08 7.995524e+08 1.424306e+14 1.697029e+14 1.509841e+13 2.477735e-13
1.700000 6.512522e+08 7.970547e+08 1.480531e+14 1.766111e+14 1.377008e+13 2.292698e-13
1.800000 6.508196e+08 7.940937e+08 1.536799e+14 1.834976e+14 1.255675e+13 2.128731e-13
1.900000 6.498250e+08 7.909395e+08 1.593030e+14 1.903586e+14 1.145427e+13 1.980542e-13
2.000000 6.483183e+08 7.875418e+08 1.649175e+14 1.971923e+14 1.046907e+13 1.848288e-13
2.100000 6.465393e+08 7.840937e+08 1.705189e+14 2.039967e+14 9.584723e+12 1.729060e-13
2.200000 6.444847e+08 7.805180e+08 1.761050e+14 2.107712e+14 8.800122e+12 1.621070e-13
2.300000 6.423249e+08 7.769885e+08 1.816734e+14 2.175149e+14 8.095423e+12 1.523272e-13
2.400000 6.400302e+08 7.734399e+08 1.872231e+14 2.242281e+14 7.466525e+12 1.434207e-13
2.500000 6.377265e+08 7.699902e+08 1.927529e+14 2.309106e+14 6.899449e+12 1.353618e-13
2.600000 6.353744e+08 7.665759e+08 1.982629e+14 2.375633e+14 6.390619e+12 1.279386e-13
2.700000 6.329820e+08 7.631911e+08 2.037525e+14 2.441865e+14 5.933798e+12 1.210662e-13
2.800000 6.305977e+08 7.598806e+08 2.092215e+14 2.507805e+14 5.521049e+12 1.148026e-13
2.900000 6.282751e+08 7.566955e+08 2.146698e+14 2.573459e+14 5.145214e+12 1.090671e-13
3.000000 6.259489e+08 7.535522e+08 2.200981e+14 2.638837e+14 4.805563e+12 1.037864e-13
3.100000 6.236565e+08 7.504863e+08 2.255063e+14 2.703944e+14 4.496633e+12 9.889615e-14
3.200000 6.213563e+08 7.474464e+08 2.308947e+14 2.768786e+14 4.216866e+12 9.429532e-14
3.300000 6.191368e+08 7.445271e+08 2.362633e+14 2.833365e+14 3.959692e+12 9.004172e-14
3.400000 6.169257e+08 7.416441e+08 2.416126e+14 2.897693e+14 3.725485e+12 8.609533e-14
3.500000 6.147736e+08 7.388509e+08 2.469428e+14 2.961771e+14 3.510030e+12 8.248375e-14
3.600000 6.126275e+08 7.360858e+08 2.522545e+14 3.025607e+14 3.313244e+12 7.904107e-14
3.700000 6.105822e+08 7.334511e+08 2.575476e+14 3.089205e+14 3.130142e+12 7.577700e-14
3.800000 6.085601e+08 7.308600e+08 2.628230e+14 3.152575e+14 2.961781e+12 7.276218e-14
3.900000 6.065753e+08 7.283265e+08 2.680810e+14 3.215722e+14 2.806281e+12 6.991700e-14
4.000000 6.046206e+08 7.258411e+08 2.733218e+14 3.278649e+14 2.662603e+12 6.727632e-14
4.100000 6.027276e+08 7.234376e+08 2.785457e+14 3.341362e+14 2.528733e+12 6.477272e-14
4.200000 6.008633e+08 7.210786e+08 2.837533e+14 3.403867e+14 2.404642e+12 6.242159e-14
4.300000 5.990071e+08 7.187402e+08 2.889447e+14 3.466168e+14 2.289961e+12 6.021378e-14
4.400000 5.972220e+08 7.164909e+08 2.941201e+14 3.528267e+14 2.182249e+12 5.811050e-14
4.500000 5.954686e+08 7.142866e+08 2.992801e+14 3.590172e+14 2.081841e+12 5.613417e-14
4.600000 5.937620e+08 7.121433e+08 3.044250e+14 3.651886e+14 1.987738e+12 5.425970e-14
4.700000 5.920530e+08 7.100073e+08 3.095551e+14 3.713415e+14 1.900471e+12 5.247349e-14
4.800000 5.904169e+08 7.079597e+08 3.146704e+14 3.774760e+14 1.817842e+12 5.076894e-14
4.900000 5.887913e+08 7.059315e+08 3.197716e+14 3.835928e+14 1.740779e+12 4.915133e-14
5.000000 5.872196e+08 7.039696e+08 3.248588e+14 3.896920e+14 1.667941e+12 4.763904e-14
5.100000 5.856736e+08 7.020428e+08 3.299324e+14 3.957743e+14 1.599541e+12 4.617854e-14
5.200000 5.841256e+08 7.001206e+08 3.349926e+14 4.018400e+14 1.535742e+12 4.479560e-14
5.300000 5.826402e+08 6.982728e+08 3.400394e+14 4.078890e+14 1.474992e+12 4.346919e-14
5.400000 5.811656e+08 6.964430e+08 3.450734e+14 4.139221e+14 1.417978e+12 4.221887e-14
5.500000 5.797119e+08 6.946417e+08 3.500947e+14 4.199394e+14 1.364236e+12 4.102326e-14
5.600000 5.782852e+08 6.928752e+08 3.551034e+14 4.259411e+14 1.313415e+12 3.987108e-14
5.700000 5.769028e+08 6.911620e+08 3.600998e+14 4.319275e+14 1.265019e+12 3.876621e-14
5.800000 5.755431e+08 6.894785e+08 3.650843e+14 4.378991e+14 1.219213e+12 3.771167e-14
5.900000 5.741924e+08 6.878098e+08 3.700569e+14 4.438562e+14 1.176015e+12 3.671558e-14
6.000000 5.728818e+08 6.861891e+08 3.750180e+14 4.497989e+14 1.134776e+12 3.574728e-14
6.100000 5.715810e+08 6.845836e+08 3.799677e+14 4.557276e+14 1.095798e+12 3.482475e-14
6.200000 5.703203e+08 6.830257e+08 3.849061e+14 4.616424e+14 1.058498e+12 3.393141e-14
6.300000 5.690739e+08 6.814874e+08 3.898337e+14 4.675437e+14 1.023118e+12 3.307434e-14
6.400000 5.678338e+08 6.799600e+08 3.947505e+14 4.734318e+14 9.896295e+11 3.225119e-14
6.500000 5.666388e+08 6.784850e+08 3.996566e+14 4.793066e+14 9.574054e+11 3.147386e-14
6.600000 5.654329e+08 6.770020e+08 4.045523e+14 4.851688e+14 9.270712e+11 3.071254e-14
6.700000 5.642694e+08 6.755683e+08 4.094377e+14 4.910181e+14 8.978459e+11 2.998368e-14
6.800000 5.631190e+08 6.741521e+08 4.143130e+14 4.968550e+14 8.700115e+11 2.928276e-14
6.900000 5.619823e+08 6.727542e+08 4.191783e+14 5.026796e+14 8.434720e+11 2.861406e-14
7.000000 5.608611e+08 6.713761e+08 4.240338e+14 5.084922e+14 8.181264e+11 2.796025e-14
7.100000 5.597674e+08 6.700306e+08 4.288797e+14 5.142929e+14 7.937688e+11 2.733374e-14
7.200000 5.586910e+08 6.687069e+08 4.337161e+14 5.200820e+14 7.704489e+11 2.672778e-14
7.300000 5.576087e+08 6.673798e+08 4.385432e+14 5.258596e+14 7.483507e+11 2.614069e-14
7.400000 5.565783e+08 6.661111e+08 4.433609e+14 5.316258e+14 7.268030e+11 2.557915e-14
7.500000 5.555278e+08 6.648239e+08 4.481697e+14 5.373810e+14 7.065012e+11 2.503101e-14
7.600000 5.545180e+08 6.635825e+08 4.529695e+14 5.431251e+14 6.867768e+11 2.450436e-14
7.700000 5.535106e+08 6.623459e+08 4.577605e+14 5.488584e+14 6.679686e+11 2.399482e-14
7.800000 5.525269e+08 6.611373e+08 4.625429e+14 5.545811e+14 6.498168e+11 2.349554e-14
7.900000 5.515487e+08 6.599372e+08 4.673167e+14 5.602933e+14 6.324530e+11 2.301707e-14
8.000000 5.505794e+08 6.587491e+08 4.720821e+14 5.659952e+14 6.158032e+11 2.256183e-14
8.100000 5.496302e+08 6.575848e+08 4.768391e+14 5.716868e+14 5.997298e+11 2.210642e-14
8.200000 5.486898e+08 6.564322e+08 4.815879e+14 5.773683e+14 5.842987e+11 2.167392e-14
8.300000 5.477777e+08 6.553120e+08 4.863286e+14 5.830399e+14 5.693117e+11 2.125702e-14
8.400000 5.468635e+08 6.541920e+08 4.910614e+14 5.887018e+14 5.549961e+11 2.084714e-14
8.500000 5.459595e+08 6.530850e+08 4.957863e+14 5.943540e+14 5.412169e+11 2.045089e-14
8.600000 5.450729e+08 6.519986e+08 5.005034e+14 5.999966e+14 5.278906e+11 2.006831e-14
8.700000 5.442084e+08 6.509377e+08 5.052128e+14 6.056299e+14 5.149566e+11 1.969703e-14
8.800000 5.433418e+08 6.498767e+08 5.099147e+14 6.112540e+14 5.025795e+11 1.933673e-14
8.900000 5.424843e+08 6.488274e+08 5.146092e+14 6.168689e+14 4.906477e+11 1.898323e-14
9.000000 5.416386e+08 6.477926e+08 5.192963e+14 6.224748e+14 4.791193e+11 1.864035e-14
9.100000 5.408011e+08 6.467683e+08 5.239760e+14 6.280717e+14 4.680003e+11 1.831237e-14
9.200000 5.399751e+08 6.457580e+08 5.286486e+14 6.336598e+14 4.572477e+11 1.798994e-14
9.300000 5.391682e+08 6.447698e+08 5.333139e+14 6.392392e+14 4.467913e+11 1.767499e-14
9.400000 5.383710e+08 6.437937e+08 5.379724e+14 6.448100e+14 4.366810e+11 1.737234e-14
9.500000 5.375686e+08 6.428137e+08 5.426239e+14 6.503723e+14 4.270001e+11 1.707313e-14
9.600000 5.367846e+08 6.418550e+08 5.472685e+14 6.559263e+14 4.175730e+11 1.678717e-14
9.700000 5.360188e+08 6.409174e+08 5.519063e+14 6.614719e+14 4.083888e+11 1.650302e-14
9.800000 5.352538e+08 6.399822e+08 5.565375e+14 6.670094e+14 3.995479e+11 1.622956e-14
9.900000 5.344908e+08 6.390507e+08 5.611621e+14 6.725389e+14 3.910268e+11 1.596382e-14
10.000000 5.337394e+08 6.381331e+08 5.657801e+14 6.780603e+14 3.827518e+11 1.570599e-14
10.100000 5.330053e+08 6.372351e+08 5.703916e+14 6.835737e+14 3.746795e+11 1.545322e-14
10.200000 5.322829e+08 6.363510e+08 5.749968e+14 6.890794e+14 3.668333e+11 1.520718e-14
10.300000 5.315551e+08 6.354628e+08 5.795957e+14 6.945775e+14 3.593016e+11 1.496607e-14
10.400000 5.308320e+08 6.345810e+08 5.841883e+14 7.000679e+14 3.520134e+11 1.472991e-14
10.500000 5.301238e+08 6.337162e+08 5.887747e+14 7.055507e+14 3.449015e+11 1.450194e-14
10.600000 5.294300e+08 6.328680e+08 5.933550e+14 7.110260e+14 3.379621e+11 1.428000e-14
10.700000 5.287447e+08 6.320300e+08 5.979293e+14 7.164940e+14 3.312189e+11 1.406268e-14
10.800000 5.280604e+08 6.311945e+08 6.024976e+14 7.219547e+14 3.247040e+11 1.384815e-14
10.900000 5.273706e+08 6.303545e+08 6.070601e+14 7.274082e+14 3.184406e+11 1.363949e-14
11.000000 5.266971e+08 6.295330e+08 6.116165e+14 7.328545e+14 3.123070e+11 1.343743e-14
11.100000 5.260359e+08 6.287256e+08 6.161672e+14 7.382937e+14 3.063188e+11 1.324045e-14
11.200000 5.253864e+08 6.279317e+08 6.207122e+14 7.437258e+14 3.004731e+11 1.304769e-14
11.300000 5.247391e+08 6.271413e+08 6.252515e+14 7.491512e+14 2.948103e+11 1.285977e-14
11.400000 5.240780e+08 6.263378e+08 6.297852e+14 7.545697e+14 2.893993e+11 1.267618e-14
11.500000 5.234420e+08 6.255616e+08 6.343133e+14 7.599812e+14 2.840471e+11 1.249625e-14
11.600000 5.228164e+08 6.247976e+08 6.388358e+14 7.653861e+14 2.788196e+11 1.231888e-14
11.700000 5.221932e+08 6.240373e+08 6.433529e+14 7.707843e+14 2.737484e+11 1.214546e-14
11.800000 5.215685e+08 6.232763e+08 6.478647e+14 7.761760e+14 2.688461e+11 1.197768e-14
11.900000 5.209629e+08 6.225366e+08 6.523710e+14 7.815611e+14 2.640135e+11 1.181409e-14
12.000000 5.203631e+08 6.218040e+08 6.568722e+14 7.869398e+14 2.593069e+11 1.165253e-14
12.100000 5.197655e+08 6.210747e+08 6.613681e+14 7.923122e+14 2.547375e+11 1.149277e-14
12.200000 5.191674e+08 6.203461e+08 6.658589e+14 7.976783e+14 2.503103e+11 1.133793e-14
12.300000 5.185700e+08 6.196199e+08 6.703445e+14 8.030381e+14 2.460126e+11 1.118761e-14
12.400000 5.179837e+08 6.189064e+08 6.748249e+14 8.083916e+14 2.417989e+11 1.104095e-14
12.500000 5.174068e+08 6.182038e+08 6.793003e+14 8.137390e+14 2.376742e+11 1.089585e-14
12.600000 5.168377e+08 6.175103e+08 6.837707e+14 8.190803e+14 2.336418e+11 1.075271e-14
12.700000 5.162694e+08 6.168186e+08 6.882362e+14 8.244155e+14 2.297259e+11 1.061170e-14
12.800000 5.157033e+08 6.161300e+08 6.926967e+14 8.297449e+14 2.259172e+11 1.047624e-14
12.900000 5.151390e+08 6.154443e+08 6.971524e+14 8.350682e+14 2.222127e+11 1.034386e-14
13.000000 5.145955e+08 6.147811e+08 7.016032e+14 8.403857e+14 2.185379e+11 1.021414e-14
13.100000 5.140509e+08 6.141177e+08 7.060493e+14 8.456974e+14 2.149728e+11 1.008580e-14
13.200000 5.135049e+08 6.134537e+08 7.104907e+14 8.510033e+14 2.115150e+11 9.959093e-15
13.300000 5.129654e+08 6.127972e+08 7.149274e+14 8.563036e+14 2.081321e+11 9.834586e-15
13.400000 5.124312e+08 6.121473e+08 7.193594e+14 8.615982e+14 2.048255e+11 9.712997e-15
13.500000 5.119020e+08 6.115033e+08 7.237868e+14 8.668871e+14 2.015941e+11 9.595718e-15
13.600000 5.113714e+08 6.108586e+08 7.282097e+14 8.721705e+14 1.984576e+11 9.481121e-15
13.700000 5.108461e+08 6.102203e+08 7.326279e+14 8.774483e+14 1.953895e+11 9.367546e-15
13.800000 5.103259e+08 6.095882e+08 7.370416e+14 8.827206e+14 1.923880e+11 9.255415e-15
13.900000 5.098171e+08 6.089686e+08 7.414508e+14 8.879875e+14 1.894307e+11 9.144926e-15
14.000000 5.093134e+08 6.083552e+08 7.458557e+14 8.932489e+14 1.865362e+11 9.035652e-15
14.100000 5.088150e+08 6.077479e+08 7.502561e+14 8.985051e+14 1.837027e+11 8.930838e-15
14.200000 5.083208e+08 6.071459e+08 7.546523e+14 9.037561e+14 1.809311e+11 8.829660e-15
14.300000 5.078273e+08 6.065453e+08 7.590442e+14 9.090018e+14 1.782308e+11 8.727566e-15
14.400000 5.073286e+08 6.059400e+08 7.634318e+14 9.142424e+14 1.756179e+11 8.626987e-15
14.500000 5.068334e+08 6.053391e+08 7.678151e+14 9.194777e+14 1.730624e+11 8.527761e-15
14.600000 5.063422e+08 6.047430e+08 7.721942e+14 9.247078e+14 1.705612e+11 8.431905e-15
14.700000 5.058685e+08 6.041658e+08 7.765690e+14 9.299328e+14 1.680721e+11 8.337844e-15
14.800000 5.053994e+08 6.035941e+08 7.809397e+14 9.351528e+14 1.656330e+11 8.243788e-15
14.900000 5.049353e+08 6.030283e+08 7.853063e+14 9.403678e+14 1.632412e+11 8.151395e-15
15.000000 5.044632e+08 6.024548e+08 7.896690e+14 9.455780e+14 1.609335e+11 8.060624e-15
15.100000 5.039907e+08 6.018815e+08 7.940275e+14 9.507832e+14 1.586849e+11 7.972551e-15
15.200000 5.035290e+08 6.013202e+08 7.983820e+14 9.559835e+14 1.564617e+11 7.886304e-15
15.300000 5.030738e+08 6.007662e+08 8.027325e+14 9.611789e+14 1.542758e+11 7.802088e-15
15.400000 5.026270e+08 6.002216e+08 8.070791e+14 9.663695e+14 1.521205e+11 7.718729e-15
15.500000 5.021790e+08 5.996764e+08 8.114217e+14 9.715554e+14 1.500215e+11 7.636167e-15
15.600000 5.017318e+08 5.991326e+08 8.157606e+14 9.767366e+14 1.479713e+11 7.554671e-15
15.700000 5.012811e+08 5.985859e+08 8.200955e+14 9.819131e+14 1.459800e+11 7.474451e-15
15.800000 5.008350e+08 5.980446e+08 8.244266e+14 9.870849e+14 1.440246e+11 7.396223e-15
15.900000 5.004028e+08 5.975183e+08 8.287538e+14 9.922520e+14 1.420796e+11 7.319468e-15
16.000000 4.999635e+08 5.969851e+08 8.330773e+14 9.974146e+14 1.401994e+11 7.244461e-15
16.100000 4.995113e+08 5.964392e+08 8.373970e+14 1.002573e+15 1.383964e+11 7.169669e-15
16.200000 4.990841e+08 5.959197e+08 8.417128e+14 1.007726e+15 1.365729e+11 7.095048e-15
16.300000 4.986792e+08 5.954239e+08 8.460249e+14 1.012875e+15 1.347367e+11 7.022749e-15
16.400000 4.982743e+08 5.949287e+08 8.503334e+14 1.018019e+15 1.329428e+11 6.952071e-15
16.500000 4.978701e+08 5.944347e+08 8.546385e+14 1.023159e+15 1.311891e+11 6.882326e-15
16.600000 4.974217e+08 5.938956e+08 8.589401e+14 1.028295e+15 1.295815e+11 6.813647e-15
16.700000 4.969826e+08 5.933666e+08 8.632379e+14 1.033426e+15 1.279887e+11 6.745904e-15
16.800000 4.966132e+08 5.929103e+08 8.675318e+14 1.038553e+15 1.262680e+11 6.679366e-15
16.900000 4.962250e+08 5.924351e+08 8.718225e+14 1.043676e+15 1.246299e+11 6.614439e-15
17.000000 4.957959e+08 5.919180e+08 8.761099e+14 1.048794e+15 1.231227e+11 6.550446e-15
17.100000 4.953738e+08 5.914088e+08 8.803936e+14 1.053909e+15 1.216331e+11 6.487311e-15
17.200000 4.949615e+08 5.909101e+08 8.846736e+14 1.059018e+15 1.201547e+11 6.424797e-15
17.300000 4.945566e+08 5.904196e+08 8.889501e+14 1.064124e+15 1.186923e+11 6.362755e-15
17.400000 4.941609e+08 5.899391e+08 8.932230e+14 1.069225e+15 1.172416e+11 6.301550e-15
17.500000 4.937658e+08 5.894597e+08 8.974926e+14 1.074322e+15 1.158213e+11 6.241172e-15
17.600000 4.933709e+08 5.889810e+08 9.017587e+14 1.079415e+15 1.144315e+11 6.181686e-15
17.700000 4.929839e+08 5.885110e+08 9.060215e+14 1.084504e+15 1.130546e+11 6.123080e-15
17.800000 4.926051e+08 5.880498e+08 9.102808e+14 1.089589e+15 1.116900e+11 6.066211e-15
17.900000 4.922260e+08 5.875888e+08 9.145369e+14 1.094669e+15 1.103552e+11 6.010678e-15
18.000000 4.918469e+08 5.871283e+08 9.187898e+14 1.099746e+15 1.090487e+11 5.955999e-15
18.100000 4.914762e+08 5.866769e+08 9.230393e+14 1.104819e+15 1.077526e+11 5.902137e-15
18.200000 4.911126e+08 5.862334e+08 9.272857e+14 1.109888e+15 1.064692e+11 5.848112e-15
18.300000 4.907578e+08 5.857993e+08 9.315289e+14 1.114953e+15 1.051951e+11 5.794329e-15
18.400000 4.904097e+08 5.853727e+08 9.357690e+14 1.120014e+15 1.039339e+11 5.741166e-15
18.500000 4.900388e+08 5.849229e+08 9.400062e+14 1.125072e+15 1.027439e+11 5.688674e-15
18.600000 4.896540e+08 5.844592e+08 9.442401e+14 1.130125e+15 1.016053e+11 5.637894e-15
18.700000 4.892839e+08 5.840112e+08 9.484707e+14 1.135175e+15 1.004616e+11 5.588527e-15
18.800000 4.889324e+08 5.835827e+08 9.526981e+14 1.140221e+15 9.930577e+10 5.539440e-15
18.900000 4.885720e+08 5.831454e+08 9.569225e+14 1.145263e+15 9.819016e+10 5.490662e-15
19.000000 4.882002e+08 5.826969e+08 9.611438e+14 1.150302e+15 9.711819e+10 5.442212e-15
19.100000 4.878428e+08 5.822635e+08 9.653618e+14 1.155336e+15 9.604124e+10 5.393992e-15
19.200000 4.875205e+08 5.818669e+08 9.695768e+14 1.160367e+15 9.492106e+10 5.346672e-15
19.300000 4.871932e+08 5.814654e+08 9.737890e+14 1.165394e+15 9.383230e+10 5.300470e-15
19.400000 4.868498e+08 5.810477e+08 9.779983e+14 1.170418e+15 9.279411e+10 5.255032e-15
19.500000 4.865064e+08 5.806304e+08 9.822047e+14 1.175438e+15 9.177628e+10 5.210790e-15
19.600000 4.861439e+08 5.801939e+08 9.864081e+14 1.180455e+15 9.081209e+10 5.167107e-15
19.700000 4.857835e+08 5.797605e+08 9.906084e+14 1.185468e+15 8.986176e+10 5.122833e-15
19.800000 4.854484e+08 5.793538e+08 9.948056e+14 1.190477e+15 8.888560e+10 5.079157e-15
19.900000 4.851180e+08 5.789522e+08 9.989998e+14 1.195483e+15 8.792017e+10 5.038192e-15
20.000000 4.847844e+08 5.785478e+08 1.003191e+15 1.200485e+15 8.697861e+10 4.998102e-15
20.100000 4.844506e+08 5.781435e+08 1.007380e+15 1.205483e+15 8.605548e+10 4.956361e-15
20.200000 4.841234e+08 5.777464e+08 1.011565e+15 1.210479e+15 8.513886e+10 4.913543e-15
20.300000 4.838028e+08 5.773563e+08 1.015748e+15 1.215470e+15 8.422866e+10 4.871432e-15
20.400000 4.834783e+08 5.769627e+08 1.019928e+15 1.220459e+15 8.334197e+10 4.830066e-15
20.500000 4.831419e+08 5.765571e+08 1.024106e+15 1.225444e+15 8.249126e+10 4.790406e-15
20.600000 4.828074e+08 5.761538e+08 1.028280e+15 1.230425e+15 8.165334e+10 4.754447e-15
20.700000 4.824933e+08 5.757718e+08 1.032451e+15 1.235403e+15 8.079849e+10 4.718927e-15
20.800000 4.821832e+08 5.753943e+08 1.036620e+15 1.240378e+15 7.995286e+10 4.678235e-15
20.900000 4.818508e+08 5.749942e+08 1.040786e+15 1.245349e+15 7.915798e+10 4.637242e-15
21.000000 4.815086e+08 5.745842e+08 1.044949e+15 1.250317e+15 7.839292e+10 4.600816e-15
21.100000 4.811817e+08 5.741904e+08 1.049110e+15 1.255281e+15 7.761811e+10 4.566481e-15
21.200000 4.808951e+08 5.738383e+08 1.053267e+15 1.260242e+15 7.679571e+10 4.532272e-15
21.300000 4.806088e+08 5.734868e+08 1.057422e+15 1.265200e+15 7.598785e+10 4.497820e-15
21.400000 4.802922e+08 5.731045e+08 1.061574e+15 1.270155e+15 7.523995e+10 4.463784e-15
21.500000 4.799773e+08 5.727243e+08 1.065724e+15 1.275107e+15 7.450287e+10 4.429307e-15
21.600000 4.796662e+08 5.723483e+08 1.069871e+15 1.280055e+15 7.377330e+10 4.395156e-15
21.700000 4.793581e+08 5.719756e+08 1.074015e+15 1.285000e+15 7.305230e+10 4.361605e-15
21.800000 4.790519e+08 5.716052e+08 1.078157e+15 1.289942e+15 7.234121e+10 4.328653e-15
21.900000 4.787486e+08 5.712381e+08 1.082296e+15 1.294881e+15 7.163848e+10 4.296030e-15
22.000000 4.784469e+08 5.708730e+08 1.086433e+15 1.299816e+15 7.094574e+10 4.262961e-15
22.100000 4.781492e+08 5.705122e+08 1.090566e+15 1.304749e+15 7.025949e+10 4.230291e-15
22.200000 4.778538e+08 5.701540e+08 1.094698e+15 1.309678e+15 6.958190e+10 4.198289e-15
22.300000 4.775608e+08 5.697987e+08 1.098826e+15 1.314604e+15 6.891251e+10 4.166814e-15
22.400000 4.772714e+08 5.694473e+08 1.102952e+15 1.319527e+15 6.824976e+10 4.135511e-15
22.500000 4.769835e+08 5.690978e+08 1.107076e+15 1.324447e+15 6.759630e+10 4.103921e-15
22.600000 4.766996e+08 5.687526e+08 1.111197e+15 1.329364e+15 6.694854e+10 4.072707e-15
22.700000 4.764175e+08 5.684095e+08 1.115316e+15 1.334278e+15 6.630938e+10 4.041168e-15
22.800000 4.761278e+08 5.680590e+08 1.119432e+15 1.339189e+15 6.569112e+10 4.009840e-15
22.900000 4.758285e+08 5.676988e+08 1.123546e+15 1.344097e+15 6.509609e+10 3.980091e-15
23.000000 4.755306e+08 5.673404e+08 1.127657e+15 1.349002e+15 6.450902e+10 3.952669e-15
23.100000 4.752545e+08 5.670045e+08 1.131765e+15 1.353904e+15 6.390347e+10 3.925553e-15
23.200000 4.749848e+08 5.666756e+08 1.135872e+15 1.358803e+15 6.329953e+10 3.897212e-15
23.300000 4.747095e+08 5.663412e+08 1.139976e+15 1.363699e+15 6.271288e+10 3.868545e-15
23.400000 4.744224e+08 5.659948e+08 1.144077e+15 1.368592e+15 6.215092e+10 3.840694e-15
23.500000 4.741367e+08 5.656502e+08 1.148176e+15 1.373482e+15 6.159638e+10 3.814512e-15
23.600000 4.738540e+08 5.653089e+08 1.152273e+15 1.378370e+15 6.104714e+10 3.788617e-15
23.700000 4.735734e+08 5.649701e+08 1.156367e+15 1.383254e+15 6.050422e+10 3.761076e-15
23.800000 4.732943e+08 5.646330e+08 1.160458e+15 1.388135e+15 5.996826e+10 3.732454e-15
23.900000 4.730204e+08 5.643015e+08 1.164548e+15 1.393014e+15 5.943456e+10 3.704412e-15
24.000000 4.727478e+08 5.639716e+08 1.168635e+15 1.397889e+15 5.890781e+10 3.678269e-15
24.100000 4.724766e+08 5.636434e+08 1.172719e+15 1.402762e+15 5.838780e+10 3.652415e-15
24.200000 4.722070e+08 5.633170e+08 1.176801e+15 1.407632e+15 5.787433e+10 3.627581e-15
24.300000 4.719386e+08 5.629921e+08 1.180881e+15 1.412499e+15 5.736747e+10 3.603937e-15
24.400000 4.716740e+08 5.626714e+08 1.184959e+15 1.417363e+15 5.686409e+10 3.580541e-15
24.500000 4.714119e+08 5.623534e+08 1.189034e+15 1.422225e+15 5.636583e+10 3.556028e-15
24.600000 4.711510e+08 5.620370e+08 1.193107e+15 1.427083e+15 5.587391e+10 3.531317e-15
24.700000 4.708931e+08 5.617238e+08 1.197178e+15 1.431939e+15 5.538626e+10 3.506897e-15
24.800000 4.706364e+08 5.614121e+08 1.201246e+15 1.436793e+15 5.490481e+10 3.483221e-15
24.900000 4.703821e+08 5.611030e+08 1.205312e+15 1.441643e+15 5.442827e+10 3.459797e-15
25.000000 4.701314e+08 5.607976e+08 1.209377e+15 1.446491e+15 5.395523e+10 3.436402e-15
25.100000 4.698818e+08 5.604936e+08 1.213439e+15 1.451336e+15 5.348816e+10 3.412834e-15
25.200000 4.696220e+08 5.601795e+08 1.217498e+15 1.456179e+15 5.303954e+10 3.389517e-15
25.300000 4.693574e+08 5.598606e+08 1.221556e+15 1.461019e+15 5.260295e+10 3.367276e-15
25.400000 4.690941e+08 5.595433e+08 1.225611e+15 1.465856e+15 5.217166e+10 3.345747e-15
25.500000 4.688488e+08 5.592447e+08 1.229664e+15 1.470691e+15 5.172736e+10 3.324439e-15
25.600000 4.686099e+08 5.589527e+08 1.233715e+15 1.475523e+15 5.128296e+10 3.302420e-15
25.700000 4.683707e+08 5.586608e+08 1.237764e+15 1.480352e+15 5.084545e+10 3.280178e-15
25.800000 4.681166e+08 5.583537e+08 1.241810e+15 1.485179e+15 5.043040e+10 3.258168e-15
25.900000 4.678635e+08 5.580480e+08 1.245855e+15 1.490003e+15 5.002034e+10 3.238615e-15
26.000000 4.676121e+08 5.577442e+08 1.249897e+15 1.494825e+15 4.961462e+10 3.219361e-15
26.100000 4.673644e+08 5.574444e+08 1.253937e+15 1.499643e+15 4.921114e+10 3.200294e-15
26.200000 4.671178e+08 5.571459e+08 1.257975e+15 1.504460e+15 4.881246e+10 3.178124e-15
26.300000 4.668725e+08 5.568490e+08 1.262011e+15 1.509273e+15 4.841823e+10 3.156138e-15
26.400000 4.666291e+08 5.565542e+08 1.266045e+15 1.514085e+15 4.802788e+10 3.134931e-15
26.500000 4.663868e+08 5.562607e+08 1.270077e+15 1.518893e+15 4.764213e+10 3.115494e-15
26.600000 4.661465e+08 5.559695e+08 1.274106e+15 1.523699e+15 4.725993e+10 3.096249e-15
26.700000 4.659091e+08 5.556815e+08 1.278134e+15 1.528503e+15 4.688040e+10 3.077132e-15
26.800000 4.656727e+08 5.553947e+08 1.282159e+15 1.533304e+15 4.650533e+10 3.058051e-15
26.900000 4.654386e+08 5.551104e+08 1.286183e+15 1.538103e+15 4.613347e+10 3.039157e-15
27.000000 4.652070e+08 5.548289e+08 1.290204e+15 1.542899e+15 4.576444e+10 3.020419e-15
27.100000 4.649764e+08 5.545486e+08 1.294224e+15 1.547693e+15 4.539972e+10 3.001799e-15
27.200000 4.647399e+08 5.542625e+08 1.298241e+15 1.552484e+15 4.504582e+10 2.983359e-15
27.300000 4.644980e+08 5.539711e+08 1.302256e+15 1.557273e+15 4.470203e+10 2.965040e-15
27.400000 4.642572e+08 5.536810e+08 1.306270e+15 1.562059e+15 4.436211e+10 2.946770e-15
27.500000 4.640237e+08 5.533985e+08 1.310281e+15 1.566843e+15 4.402006e+10 2.928678e-15
27.600000 4.638013e+08 5.531275e+08 1.314290e+15 1.571624e+15 4.367251e+10 2.910704e-15
27.700000 4.635798e+08 5.528577e+08 1.318297e+15 1.576403e+15 4.332893e+10 2.892784e-15
27.800000 4.633532e+08 5.525828e+08 1.322303e+15 1.581180e+15 4.299487e+10 2.875036e-15
27.900000 4.631203e+08 5.523017e+08 1.326306e+15 1.585954e+15 4.267116e+10 2.857404e-15
28.000000 4.628884e+08 5.520218e+08 1.330307e+15 1.590726e+15 4.235103e+10 2.839830e-15
28.100000 4.626630e+08 5.517488e+08 1.334307e+15 1.595496e+15 4.202936e+10 2.822426e-15
28.200000 4.624509e+08 5.514894e+08 1.338304e+15 1.600263e+15 4.170026e+10 2.805569e-15
28.300000 4.622397e+08 5.512312e+08 1.342300e+15 1.605027e+15 4.137488e+10 2.789653e-15
28.400000 4.620243e+08 5.509688e+08 1.346293e+15 1.609790e+15 4.105762e+10 2.773882e-15
28.500000 4.618014e+08 5.506991e+08 1.350285e+15 1.614550e+15 4.075120e+10 2.758149e-15
28.600000 4.615795e+08 5.504304e+08 1.354275e+15 1.619309e+15 4.044813e+10 2.741224e-15
28.700000 4.613589e+08 5.501633e+08 1.358263e+15 1.624064e+15 4.014795e+10 2.724460e-15
28.800000 4.611408e+08 5.498990e+08 1.362249e+15 1.628818e+15 3.984963e+10 2.707926e-15
28.900000 4.609237e+08 5.496358e+08 1.366234e+15 1.633569e+15 3.955455e+10 2.692608e-15
29.000000 4.607066e+08 5.493728e+08 1.370216e+15 1.638318e+15 3.926332e+10 2.677429e-15
29.100000 4.604797e+08 5.490999e+08 1.374197e+15 1.643064e+15 3.898429e+10 2.662386e-15
29.200000 4.602536e+08 5.488281e+08 1.378175e+15 1.647808e+15 3.870820e+10 2.647377e-15
29.300000 4.600285e+08 5.485574e+08 1.382152e+15 1.652550e+15 3.843500e+10 2.632477e-15
29.400000 4.598150e+08 5.482987e+08 1.386126e+15 1.657290e+15 3.815581e+10 2.617711e-15
29.500000 4.596069e+08 5.480458e+08 1.390099e+15 1.662027e+15 3.787573e+10 2.602963e-15
29.600000 4.593997e+08 5.477938e+08 1.394070e+15 1.666762e+15 3.759863e+10 2.588244e-15
29.700000 4.591943e+08 5.475439e+08 1.398039e+15 1.671495e+15 3.732372e+10 2.573657e-15
29.800000 4.589905e+08 5.472958e+08 1.402007e+15 1.676226e+15 3.705103e+10 2.559197e-15
29.900000 4.587875e+08 5.470487e+08 1.405972e+15 1.680955e+15 3.678125e+10 2.544855e-15
30.000000 4.585812e+08 5.467983e+08 1.409936e+15 1.685681e+15 3.651762e+10 2.530640e-15
30.100000 4.583682e+08 5.465412e+08 1.413899e+15 1.690405e+15 3.626267e+10 2.516550e-15
30.200000 4.581560e+08 5.462852e+08 1.417859e+15 1.695128e+15 3.601035e+10 2.502394e-15
30.300000 4.579446e+08 5.460301e+08 1.421817e+15 1.699847e+15 3.576061e+10 2.488358e-15
30.400000 4.577356e+08 5.457776e+08 1.425774e+15 1.704565e+15 3.551222e+10 2.474446e-15
30.500000 4.575274e+08 5.455261e+08 1.429729e+15 1.709281e+15 3.526632e+10 2.460593e-15
30.600000 4.573200e+08 5.452756e+08 1.433682e+15 1.713994e+15 3.502292e+10 2.446834e-15
30.700000 4.571143e+08 5.450269e+08 1.437633e+15 1.718705e+15 3.478133e+10 2.433195e-15
30.800000 4.569099e+08 5.447798e+08 1.441582e+15 1.723414e+15 3.454171e+10 2.419604e-15
30.900000 4.567064e+08 5.445336e+08 1.445530e+15 1.728121e+15 3.430451e+10 2.406023e-15
31.000000 4.565042e+08 5.442889e+08 1.449476e+15 1.732826e+15 3.406925e+10 2.392562e-15
31.100000 4.563056e+08 5.440481e+08 1.453420e+15 1.737529e+15 3.383423e+10 2.379311e-15
31.200000 4.561078e+08 5.438082e+08 1.457363e+15 1.742229e+15 3.360158e+10 2.366950e-15
31.300000 4.559107e+08 5.435692e+08 1.461304e+15 1.746928e+15 3.337127e+10 2.354692e-15
31.400000 4.557153e+08 5.433322e+08 1.465243e+15 1.751624e+15 3.314250e+10 2.342536e-15
31.500000 4.555211e+08 5.430961e+08 1.469180e+15 1.756318e+15 3.291595e+10 2.329874e-15
31.600000 4.553275e+08 5.428609e+08 1.473116e+15 1.761011e+15 3.269166e+10 2.316835e-15
31.700000 4.551351e+08 5.426270e+08 1.477050e+15 1.765701e+15 3.246928e+10 2.303909e-15
31.800000 4.549442e+08 5.423948e+08 1.480982e+15 1.770389e+15 3.224855e+10 2.291308e-15
31.900000 4.547539e+08 5.421635e+08 1.484913e+15 1.775076e+15 3.203001e+10 2.279447e-15
32.000000 4.545644e+08 5.419329e+08 1.488842e+15 1.779760e+15 3.181361e+10 2.267685e-15
32.100000 4.543658e+08 5.416933e+08 1.492769e+15 1.784442e+15 3.160622e+10 2.256018e-15
32.200000 4.541673e+08 5.414540e+08 1.496695e+15 1.789123e+15 3.140119e+10 2.244347e-15
32.300000 4.539696e+08 5.412156e+08 1.500619e+15 1.793801e+15 3.119812e+10 2.232726e-15
32.400000 4.537772e+08 5.409827e+08 1.504541e+15 1.798477e+15 3.099381e+10 2.221200e-15
32.500000 4.535954e+08 5.407607e+08 1.508462e+15 1.803151e+15 3.078465e+10 2.209763e-15
32.600000 4.534143e+08 5.405396e+08 1.512381e+15 1.807823e+15 3.057754e+10 2.198374e-15
32.700000 4.532338e+08 5.403192e+08 1.516299e+15 1.812493e+15 3.037244e+10 2.187078e-15
32.800000 4.530446e+08 5.400902e+08 1.520215e+15 1.817162e+15 3.017560e+10 2.175874e-15
32.900000 4.528550e+08 5.398609e+08 1.524129e+15 1.821828e+15 2.998139e+10 2.164689e-15
33.000000 4.526661e+08 5.396323e+08 1.528041e+15 1.826493e+15 2.978901e+10 2.153535e-15
33.100000 4.524780e+08 5.394048e+08 1.531953e+15 1.831155e+15 2.959830e+10 2.142471e-15
33.200000 4.522912e+08 5.391787e+08 1.535862e+15 1.835815e+15 2.940896e+10 2.131497e-15
33.300000 4.521051e+08 5.389535e+08 1.539770e+15 1.840474e+15 2.922139e+10 2.120491e-15
33.400000 4.519197e+08 5.387290e+08 1.543676e+15 1.845130e+15 2.903558e+10 2.109569e-15
33.500000 4.517366e+08 5.385071e+08 1.547581e+15 1.849785e+15 2.885039e+10 2.098735e-15
33.600000 4.515553e+08 5.382871e+08 1.551484e+15 1.854438e+15 2.866619e+10 2.088216e-15
33.700000 4.513746e+08 5.380678e+08 1.555385e+15 1.859089e+15 2.848370e+10 2.078149e-15
33.800000 4.511945e+08 5.378494e+08 1.559285e+15 1.863737e+15 2.830291e+10 2.068159e-15
33.900000 4.510083e+08 5.376247e+08 1.563183e+15 1.868384e+15 2.812810e+10 2.058246e-15
34.000000 4.508223e+08 5.374004e+08 1.567080e+15 1.873030e+15 2.795513e+10 2.048021e-15
34.100000 4.506369e+08 5.371769e+08 1.570975e+15 1.877673e+15 2.778374e+10 2.037538e-15
34.200000 4.504527e+08 5.369548e+08 1.574868e+15 1.882314e+15 2.761353e+10 2.027139e-15
34.300000 4.502770e+08 5.367414e+08 1.578760e+15 1.886953e+15 2.744000e+10 2.016823e-15
34.400000 4.501019e+08 5.365287e+08 1.582651e+15 1.891591e+15 2.726805e+10 2.007133e-15
34.500000 4.499275e+08 5.363167e+08 1.586540e+15 1.896226e+15 2.709767e+10 1.997552e-15
34.600000 4.497515e+08 5.361034e+08 1.590427e+15 1.900860e+15 2.693010e+10 1.988044e-15
34.700000 4.495731e+08 5.358877e+08 1.594313e+15 1.905492e+15 2.676589e+10 1.978545e-15
34.800000 4.493952e+08 5.356727e+08 1.598197e+15 1.910122e+15 2.660315e+10 1.968412e-15
34.900000 4.492180e+08 5.354584e+08 1.602080e+15 1.914750e+15 2.644187e+10 1.958358e-15
35.000000 4.490405e+08 5.352440e+08 1.605961e+15 1.919377e+15 2.628252e+10 1.948384e-15
35.100000 4.488628e+08 5.350295e+08 1.609841e+15 1.924001e+15 2.612507e+10 1.938758e-15
35.200000 4.486857e+08 5.348157e+08 1.613719e+15 1.928624e+15 2.596901e+10 1.929502e-15
35.300000 4.485091e+08 5.346026e+08 1.617596e+15 1.933245e+15 2.581431e+10 1.920316e-15
35.400000 4.483422e+08 5.343994e+08 1.621471e+15 1.937864e+15 2.565572e+10 1.911199e-15
35.500000 4.481813e+08 5.342024e+08 1.625345e+15 1.942481e+15 2.549534e+10 1.902097e-15
35.600000 4.480210e+08 5.340061e+08 1.629217e+15 1.947096e+15 2.533641e+10 1.893029e-15
35.700000 4.478611e+08 5.338104e+08 1.633088e+15 1.951710e+15 2.517890e+10 1.884028e-15
35.800000 4.476847e+08 5.335980e+08 1.636957e+15 1.956322e+15 2.503262e+10 1.875095e-15
35.900000 4.475076e+08 5.333850e+08 1.640825e+15 1.960932e+15 2.488824e+10 1.866574e-15
36.000000 4.473311e+08 5.331728e+08 1.644692e+15 1.965541e+15 2.474509e+10 1.858241e-15
36.100000 4.471552e+08 5.329612e+08 1.648557e+15 1.970148e+15 2.460316e+10 1.849969e-15
36.200000 4.469871e+08 5.327577e+08 1.652420e+15 1.974752e+15 2.445839e+10 1.841755e-15
36.300000 4.468211e+08 5.325564e+08 1.656282e+15 1.979355e+15 2.431396e+10 1.833233e-15
36.400000 4.466557e+08 5.323558e+08 1.660143e+15 1.983957e+15 2.417078e+10 1.824521e-15
36.500000 4.464908e+08 5.321559e+08 1.664002e+15 1.988556e+15 2.402883e+10 1.815872e-15
36.600000 4.463305e+08 5.319608e+08 1.667859e+15 1.993154e+15 2.388585e+10 1.807288e-15
36.700000 4.461712e+08 5.317668e+08 1.671716e+15 1.997750e+15 2.374386e+10 1.798717e-15
36.800000 4.460124e+08 5.315733e+08 1.675571e+15 2.002345e+15 2.360310e+10 1.790188e-15
36.900000 4.458541e+08 5.313805e+08 1.679424e+15 2.006937e+15 2.346355e+10 1.781722e-15
37.000000 4.456878e+08 5.311797e+08 1.683276e+15 2.011529e+15 2.332977e+10 1.773318e-15
37.100000 4.455219e+08 5.309793e+08 1.687127e+15 2.016118e+15 2.319718e+10 1.765346e-15
37.200000 4.453565e+08 5.307796e+08 1.690976e+15 2.020706e+15 2.306569e+10 1.757516e-15
37.300000 4.451916e+08 5.305805e+08 1.694824e+15 2.025292e+15 2.293529e+10 1.749741e-15
37.400000 4.450272e+08 5.303820e+08 1.698671e+15 2.029876e+15 2.280601e+10 1.742021e-15
37.500000 4.448633e+08 5.301841e+08 1.702516e+15 2.034458e+15 2.267780e+10 1.734315e-15
37.600000 4.446998e+08 5.299868e+08 1.706359e+15 2.039039e+15 2.255066e+10 1.726642e-15
37.700000 4.445369e+08 5.297901e+08 1.710202e+15 2.043618e+15 2.242456e+10 1.719022e-15
37.800000 4.443760e+08 5.295955e+08 1.714042e+15 2.048196e+15 2.229876e+10 1.711456e-15
37.900000 4.442161e+08 5.294021e+08 1.717882e+15 2.052771e+15 2.217369e+10 1.703915e-15
38.000000 4.440567e+08 5.292093e+08 1.721720e+15 2.057345e+15 2.204965e+10 1.696398e-15
38.100000 4.438978e+08 5.290171e+08 1.725556e+15 2.061918e+15 2.192662e+10 1.688934e-15
38.200000 4.437405e+08 5.288266e+08 1.729392e+15 2.066488e+15 2.180405e+10 1.681521e-15
38.300000 4.435845e+08 5.286375e+08 1.733226e+15 2.071057e+15 2.168202e+10 1.674119e-15
38.400000 4.434291e+08 5.284491e+08 1.737058e+15 2.075625e+15 2.156099e+10 1.666680e-15
38.500000 4.432741e+08 5.282612e+08 1.740889e+15 2.080191e+15 2.144095e+10 1.659294e-15
38.600000 4.431203e+08 5.280747e+08 1.744719e+15 2.084755e+15 2.132151e+10 1.651959e-15
38.700000 4.429682e+08 5.278900e+08 1.748548e+15 2.089317e+15 2.120245e+10 1.644668e-15
38.800000 4.428166e+08 5.277058e+08 1.752375e+15 2.093878e+15 2.108436e+10 1.637385e-15
38.900000 4.426654e+08 5.275222e+08 1.756201e+15 2.098438e+15 2.096723e+10 1.630152e-15
39.000000 4.425134e+08 5.273378e+08 1.760026e+15 2.102996e+15 2.085165e+10 1.622969e-15
39.100000 4.423573e+08 5.271495e+08 1.763849e+15 2.107552e+15 2.073918e+10 1.615836e-15
39.200000 4.422018e+08 5.269617e+08 1.767671e+15 2.112106e+15 2.062760e+10 1.608710e-15
39.300000 4.420467e+08 5.267744e+08 1.771492e+15 2.116659e+15 2.051690e+10 1.601631e-15
39.400000 4.418920e+08 5.265877e+08 1.775311e+15 2.121211e+15 2.040708e+10 1.594601e-15
39.500000 4.417437e+08 5.264076e+08 1.779129e+15 2.125760e+15 2.029532e+10 1.587619e-15
39.600000 4.415971e+08 5.262292e+08 1.782945e+15 2.130308e+15 2.018387e+10 1.580968e-15
39.700000 4.414509e+08 5.260514e+08 1.786761e+15 2.134855e+15 2.007331e+10 1.574446e-15
39.800000 4.413051e+08 5.258741e+08 1.790575e+15 2.139400e+15 1.996364e+10 1.567967e-15
39.900000 4.411560e+08 5.256935e+08 1.794388e+15 2.143944e+15 1.985659e+10 1.561530e-15
40.000000 4.410053e+08 5.255113e+08 1.798199e+15 2.148486e+15 1.975133e+10 1.554974e-15
40.100000 4.408550e+08 5.253297e+08 1.802010e+15 2.153026e+15 1.964689e+10 1.548113e-15
40.200000 4.407052e+08 5.251486e+08 1.805819e+15 2.157565e+15 1.954325e+10 1.541298e-15
40.300000 4.405562e+08 5.249684e+08 1.809626e+15 2.162102e+15 1.944024e+10 1.534531e-15
40.400000 4.404089e+08 5.247900e+08 1.813433e+15 2.166638e+15 1.933744e+10 1.527850e-15
40.500000 4.402620e+08 5.246122e+08 1.817238e+15 2.171172e+15 1.923544e+10 1.521534e-15
40.600000 4.401156e+08 5.244349e+08 1.821042e+15 2.175705e+15 1.913423e+10 1.515259e-15
40.700000 4.399695e+08 5.242580e+08 1.824844e+15 2.180236e+15 1.903380e+10 1.509025e-15
40.800000 4.398252e+08 5.240831e+08 1.828646e+15 2.184766e+15 1.893354e+10 1.502832e-15
40.900000 4.396816e+08 5.239089e+08 1.832446e+15 2.189294e+15 1.883392e+10 1.496660e-15
41.000000 4.395385e+08 5.237353e+08 1.836245e+15 2.193820e+15 1.873508e+10 1.490518e-15
41.100000 4.393957e+08 5.235621e+08 1.840042e+15 2.198345e+15 1.863698e+10 1.484416e-15
41.200000 4.392512e+08 5.233872e+08 1.843839e+15 2.202869e+15 1.854059e+10 1.478353e-15
41.300000 4.391040e+08 5.232097e+08 1.847634e+15 2.207391e+15 1.844625e+10 1.472314e-15
41.400000 4.389572e+08 5.230328e+08 1.851428e+15 2.211911e+15 1.835262e+10 1.466233e-15
41.500000 4.388109e+08 5.228563e+08 1.855220e+15 2.216430e+15 1.825969e+10 1.460192e-15
41.600000 4.386649e+08 5.226803e+08 1.859012e+15 2.220948e+15 1.816745e+10 1.454190e-15
41.700000 4.385257e+08 5.225113e+08 1.862802e+15 2.225464e+15 1.807318e+10 1.448227e-15
41.800000 4.383889e+08 5.223447e+08 1.866591e+15 2.229978e+15 1.797880e+10 1.442465e-15
41.900000 4.382524e+08 5.221785e+08 1.870378e+15 2.234491e+15 1.788514e+10 1.436814e-15
42.000000 4.381163e+08 5.220129e+08 1.874165e+15 2.239003e+15 1.779218e+10 1.431198e-15
42.100000 4.379780e+08 5.218450e+08 1.877950e+15 2.243513e+15 1.770101e+10 1.425617e-15
42.200000 4.378350e+08 5.216726e+08 1.881734e+15 2.248022e+15 1.761263e+10 1.420071e-15
42.300000 4.376924e+08 5.215005e+08 1.885517e+15 2.252529e+15 1.752491e+10 1.414305e-15
42.400000 4.375502e+08 5.213290e+08 1.889299e+15 2.257035e+15 1.743783e+10 1.408556e-15
42.500000 4.374084e+08 5.211579e+08 1.893079e+15 2.261539e+15 1.735139e+10 1.402845e-15
42.600000 4.372695e+08 5.209898e+08 1.896858e+15 2.266042e+15 1.726455e+10 1.397169e-15
42.700000 4.371322e+08 5.208234e+08 1.900636e+15 2.270543e+15 1.717785e+10 1.391601e-15
42.800000 4.369952e+08 5.206575e+08 1.904413e+15 2.275043e+15 1.709179e+10 1.386159e-15
42.900000 4.368586e+08 5.204920e+08 1.908189e+15 2.279542e+15 1.700637e+10 1.380751e-15
43.000000 4.367223e+08 5.203270e+08 1.911963e+15 2.284039e+15 1.692157e+10 1.375377e-15
43.100000 4.365854e+08 5.201613e+08 1.915737e+15 2.288534e+15 1.683781e+10 1.370035e-15
43.200000 4.364488e+08 5.199961e+08 1.919509e+15 2.293029e+15 1.675467e+10 1.364762e-15
43.300000 4.363126e+08 5.198313e+08 1.923280e+15 2.297521e+15 1.667212e+10 1.359538e-15
43.400000 4.361768e+08 5.196669e+08 1.927049e+15 2.302013e+15 1.659017e+10 1.354345e-15
43.500000 4.360405e+08 5.195022e+08 1.930818e+15 2.306503e+15 1.650913e+10 1.349184e-15
43.600000 4.359030e+08 5.193363e+08 1.934585e+15 2.310991e+15 1.642931e+10 1.344055e-15
43.700000 4.357658e+08 5.191708e+08 1.938352e+15 2.315478e+15 1.635005e+10 1.338557e-15
43.800000 4.356290e+08 5.190058e+08 1.942117e+15 2.319964e+15 1.627135e+10 1.333044e-15
43.900000 4.354926e+08 5.188412e+08 1.945880e+15 2.324448e+15 1.619322e+10 1.327566e-15
44.000000 4.353585e+08 5.186791e+08 1.949643e+15 2.328931e+15 1.611483e+10 1.322123e-15
44.100000 4.352276e+08 5.185203e+08 1.953405e+15 2.333412e+15 1.603595e+10 1.316923e-15
44.200000 4.350970e+08 5.183618e+08 1.957165e+15 2.337892e+15 1.595764e+10 1.312104e-15
44.300000 4.349668e+08 5.182038e+08 1.960924e+15 2.342371e+15 1.587988e+10 1.307313e-15
44.400000 4.348369e+08 5.180462e+08 1.964682e+15 2.346848e+15 1.580268e+10 1.302551e-15
44.500000 4.347055e+08 5.178872e+08 1.968439e+15 2.351324e+15 1.572671e+10 1.297816e-15
44.600000 4.345739e+08 5.177280e+08 1.972195e+15 2.355799e+15 1.565150e+10 1.293023e-15
44.700000 4.344426e+08 5.175691e+08 1.975950e+15 2.360272e+15 1.557682e+10 1.288079e-15
44.800000 4.343116e+08 5.174107e+08 1.979703e+15 2.364744e+15 1.550267e+10 1.283164e-15
44.900000 4.341810e+08 5.172527e+08 1.983456e+15 2.369214e+15 1.542903e+10 1.278278e-15
45.000000 4.340496e+08 5.170940e+08 1.987207e+15 2.373683e+15 1.535631e+10 1.273422e-15
45.100000 4.339183e+08 5.169355e+08 1.990957e+15 2.378151e+15 1.528418e+10 1.268525e-15
45.200000 4.337873e+08 5.167774e+08 1.994706e+15 2.382617e+15 1.521255e+10 1.263593e-15
45.300000 4.336567e+08 5.166197e+08 1.998454e+15 2.387082e+15 1.514142e+10 1.258691e-15
45.400000 4.335264e+08 5.164624e+08 2.002201e+15 2.391546e+15 1.507077e+10 1.253819e-15
45.500000 4.333996e+08 5.163086e+08 2.005947e+15 2.396008e+15 1.499948e+10 1.248976e-15
45.600000 4.332734e+08 5.161556e+08 2.009691e+15 2.400469e+15 1.492857e+10 1.244342e-15
45.700000 4.331475e+08 5.160029e+08 2.013435e+15 2.404928e+15 1.485814e+10 1.239806e-15
45.800000 4.330220e+08 5.158507e+08 2.017177e+15 2.409387e+15 1.478820e+10 1.235296e-15
45.900000 4.328967e+08 5.156988e+08 2.020919e+15 2.413844e+15 1.471873e+10 1.230813e-15
46.000000 4.327675e+08 5.155430e+08 2.024659e+15 2.418299e+15 1.465127e+10 1.226355e-15
46.100000 4.326385e+08 5.153874e+08 2.028398e+15 2.422754e+15 1.458431e+10 1.221923e-15
46.200000 4.325098e+08 5.152322e+08 2.032136e+15 2.427207e+15 1.451781e+10 1.217518e-15
46.300000 4.323814e+08 5.150774e+08 2.035873e+15 2.431658e+15 1.445175e+10 1.213138e-15
46.400000 4.322534e+08 5.149230e+08 2.039609e+15 2.436108e+15 1.438613e+10 1.208783e-15
46.500000 4.321286e+08 5.147721e+08 2.043343e+15 2.440557e+15 1.431991e+10 1.204453e-15
46.600000 4.320050e+08 5.146222e+08 2.047077e+15 2.445005e+15 1.425387e+10 1.200116e-15
46.700000 4.318816e+08 5.144728e+08 2.050809e+15 2.449451e+15 1.418828e+10 1.195778e-15
46.800000 4.317585e+08 5.143237e+08 2.054541e+15 2.453896e+15 1.412313e+10 1.191465e-15
46.900000 4.316358e+08 5.141750e+08 2.058271e+15 2.458340e+15 1.405842e+10 1.187176e-15
47.000000 4.315116e+08 5.140249e+08 2.062001e+15 2.462783e+15 1.399472e+10 1.182912e-15
47.100000 4.313874e+08 5.138749e+08 2.065729e+15 2.467224e+15 1.393156e+10 1.178646e-15
47.200000 4.312636e+08 5.137252e+08 2.069456e+15 2.471664e+15 1.386881e+10 1.174375e-15
47.300000 4.311400e+08 5.135759e+08 2.073182e+15 2.476102e+15 1.380647e+10 1.170128e-15
47.400000 4.310168e+08 5.134270e+08 2.076907e+15 2.480540e+15 1.374455e+10 1.165905e-15
47.500000 4.308943e+08 5.132790e+08 2.080631e+15 2.484976e+15 1.368286e+10 1.161707e-15
47.600000 4.307725e+08 5.131316e+08 2.084354e+15 2.489410e+15 1.362149e+10 1.157512e-15
47.700000 4.306509e+08 5.129846e+08 2.088076e+15 2.493844e+15 1.356052e+10 1.153308e-15
47.800000 4.305296e+08 5.128379e+08 2.091797e+15 2.498276e+15 1.349995e+10 1.149127e-15
47.900000 4.304086e+08 5.126916e+08 2.095517e+15 2.502707e+15 1.343977e+10 1.144970e-15
48.000000 4.302883e+08 5.125460e+08 2.099235e+15 2.507136e+15 1.337988e+10 1.140836e-15
48.100000 4.301686e+08 5.124011e+08 2.102953e+15 2.511565e+15 1.332026e+10 1.136766e-15
48.200000 4.300492e+08 5.122566e+08 2.106670e+15 2.515992e+15 1.326102e+10 1.132833e-15
48.300000 4.299301e+08 5.121124e+08 2.110385e+15 2.520418e+15 1.320218e+10 1.128922e-15
48.400000 4.298113e+08 5.119686e+08 2.114100e+15 2.524843e+15 1.314371e+10 1.125032e-15
48.500000 4.296923e+08 5.118246e+08 2.117813e+15 2.529266e+15 1.308578e+10 1.121163e-15
48.600000 4.295723e+08 5.116798e+08 2.121526e+15 2.533688e+15 1.302860e+10 1.117315e-15
48.700000 4.294527e+08 5.115353e+08 2.125237e+15 2.538109e+15 1.297179e+10 1.113324e-15
48.800000 4.293333e+08 5.113911e+08 2.128948e+15 2.542529e+15 1.291535e+10 1.109331e-15
48.900000 4.292142e+08 5.112473e+08 2.132657e+15 2.546947e+15 1.285926e+10 1.105361e-15
49.000000 4.290954e+08 5.111039e+08 2.136366e+15 2.551364e+15 1.280354e+10 1.101413e-15
49.100000 4.289794e+08 5.109633e+08 2.140073e+15 2.555780e+15 1.274738e+10 1.097486e-15
49.200000 4.288641e+08 5.108235e+08 2.143780e+15 2.560195e+15 1.269144e+10 1.093695e-15
49.300000 4.287491e+08 5.106840e+08 2.147485e+15 2.564608e+15 1.263587e+10 1.089962e-15
49.400000 4.286343e+08 5.105448e+08 2.151189e+15 2.569021e+15 1.258065e+10 1.086249e-15
49.500000 4.285198e+08 5.104060e+08 2.154893e+15 2.573432e+15 1.252578e+10 1.082557e-15
49.600000 4.284045e+08 5.102664e+08 2.158595e+15 2.577842e+15 1.247160e+10 1.078884e-15
49.700000 4.282888e+08 5.101265e+08 2.162297e+15 2.582251e+15 1.241794e+10 1.075215e-15
49.800000 4.281735e+08 5.099870e+08 2.165997e+15 2.586658e+15 1.236462e+10 1.071539e-15
49.900000 4.280583e+08 5.098478e+08 2.169696e+15 2.591064e+15 1.231164e+10 1.067883e-15
50.000000 4.279435e+08 5.097089e+08 2.173395e+15 2.595469e+15 1.225899e+10 1.064246e-15
50.100000 4.278290e+08 5.095704e+08 2.177092e+15 2.599873e+15 1.220663e+10 1.060629e-15
50.200000 4.277152e+08 5.094327e+08 2.180789e+15 2.604276e+15 1.215448e+10 1.057031e-15
50.300000 4.276017e+08 5.092953e+08 2.184484e+15 2.608677e+15 1.210266e+10 1.053413e-15
50.400000 4.274885e+08 5.091582e+08 2.188179e+15 2.613078e+15 1.205116e+10 1.049813e-15
50.500000 4.273755e+08 5.090214e+08 2.191872e+15 2.617477e+15 1.199997e+10 1.046232e-15
50.600000 4.272627e+08 5.088849e+08 2.195565e+15 2.621875e+15 1.194911e+10 1.042670e-15
50.700000 4.271473e+08 5.087458e+08 2.199256e+15 2.626272e+15 1.189942e+10 1.039128e-15
50.800000 4.270312e+08 5.086060e+08 2.202947e+15 2.630667e+15 1.185034e+10 1.035672e-15
50.900000 4.269153e+08 5.084666e+08 2.206636e+15 2.635062e+15 1.180155e+10 1.032296e-15
51.000000 4.267997e+08 5.083274e+08 2.210325e+15 2.639455e+15 1.175306e+10 1.028937e-15
51.100000 4.266843e+08 5.081885e+08 2.214012e+15 2.643847e+15 1.170486e+10 1.025595e-15
51.200000 4.265695e+08 5.080503e+08 2.217699e+15 2.648237e+15 1.165688e+10 1.022271e-15
51.300000 4.264594e+08 5.079168e+08 2.221384e+15 2.652627e+15 1.160790e+10 1.018963e-15
51.400000 4.263495e+08 5.077837e+08 2.225069e+15 2.657015e+15 1.155922e+10 1.015505e-15
51.500000 4.262399e+08 5.076509e+08 2.228753e+15 2.661403e+15 1.151084e+10 1.012031e-15
51.600000 4.261306e+08 5.075184e+08 2.232435e+15 2.665789e+15 1.146276e+10 1.008576e-15
51.700000 4.260215e+08 5.073862e+08 2.236117e+15 2.670174e+15 1.141496e+10 1.005138e-15
51.800000 4.259118e+08 5.072534e+08 2.239798e+15 2.674557e+15 1.136769e+10 1.001720e-15
51.900000 4.258017e+08 5.071204e+08 2.243478e+15 2.678940e+15 1.132087e+10 9.983926e-16
52.000000 4.256919e+08 5.069876e+08 2.247157e+15 2.683322e+15 1.127434e+10 9.951926e-16
52.100000 4.255824e+08 5.068551e+08 2.250835e+15 2.687702e+15 1.122808e+10 9.920089e-16
52.200000 4.254731e+08 5.067230e+08 2.254512e+15 2.692081e+15 1.118211e+10 9.888413e-16
52.300000 4.253641e+08 5.065911e+08 2.258188e+15 2.696459e+15 1.113640e+10 9.856898e-16
52.400000 4.252555e+08 5.064599e+08 2.261863e+15 2.700836e+15 1.109089e+10 9.825542e-16
52.500000 4.251473e+08 5.063289e+08 2.265537e+15 2.705212e+15 1.104564e+10 9.793741e-16
52.600000 4.250393e+08 5.061983e+08 2.269211e+15 2.709587e+15 1.100067e+10 9.761832e-16
52.700000 4.249316e+08 5.060679e+08 2.272883e+15 2.713960e+15 1.095596e+10 9.730086e-16
52.800000 4.248240e+08 5.059379e+08 2.276554e+15 2.718333e+15 1.091151e+10 9.698503e-16
52.900000 4.247168e+08 5.058081e+08 2.280225e+15 2.722704e+15 1.086732e+10 9.667081e-16
53.000000 4.246100e+08 5.056789e+08 2.283894e+15 2.727074e+15 1.082333e+10 9.635818e-16
53.100000 4.245034e+08 5.055499e+08 2.287563e+15 2.731443e+15 1.077961e+10 9.604958e-16
53.200000 4.243971e+08 5.054212e+08 2.291231e+15 2.735811e+15 1.073614e+10 9.574260e-16
53.300000 4.242910e+08 5.052928e+08 2.294897e+15 2.740178e+15 1.069293e+10 9.543716e-16
53.400000 4.241851e+08 5.051647e+08 2.298563e+15 2.744544e+15 1.064997e+10 9.513327e-16
53.500000 4.240778e+08 5.050352e+08 2.302228e+15 2.748908e+15 1.060771e+10 9.483089e-16
53.600000 4.239686e+08 5.049038e+08 2.305892e+15 2.753272e+15 1.056626e+10 9.453139e-16
53.700000 4.238596e+08 5.047727e+08 2.309555e+15 2.757634e+15 1.052504e+10 9.423759e-16
53.800000 4.237509e+08 5.046419e+08 2.313218e+15 2.761996e+15 1.048407e+10 9.394523e-16
53.900000 4.236424e+08 5.045114e+08 2.316879e+15 2.766356e+15 1.044333e+10 9.365432e-16
54.000000 4.235341e+08 5.043811e+08 2.320539e+15 2.770715e+15 1.040282e+10 9.336484e-16
54.100000 4.234293e+08 5.042544e+08 2.324198e+15 2.775073e+15 1.036171e+10 9.307678e-16
54.200000 4.233282e+08 5.041315e+08 2.327857e+15 2.779429e+15 1.031991e+10 9.278759e-16
54.300000 4.232274e+08 5.040089e+08 2.331514e+15 2.783785e+15 1.027837e+10 9.249156e-16
54.400000 4.231268e+08 5.038866e+08 2.335171e+15 2.788140e+15 1.023706e+10 9.219701e-16
54.500000 4.230264e+08 5.037645e+08 2.338827e+15 2.792493e+15 1.019600e+10 9.190392e-16
54.600000 4.229262e+08 5.036427e+08 2.342482e+15 2.796846e+15 1.015517e+10 9.161229e-16
54.700000 4.228234e+08 5.035183e+08 2.346136e+15 2.801197e+15 1.011531e+10 9.132211e-16
54.800000 4.227198e+08 5.033931e+08 2.349789e+15 2.805548e+15 1.007593e+10 9.103601e-16
54.900000 4.226163e+08 5.032681e+08 2.353441e+15 2.809897e+15 1.003678e+10 9.075406e-16
55.000000 4.225132e+08 5.031435e+08 2.357093e+15 2.814245e+15 9.997857e+09 9.047349e-16
55.100000 4.224102e+08 5.030191e+08 2.360743e+15 2.818592e+15 9.959151e+09 9.019428e-16
55.200000 4.223074e+08 5.028949e+08 2.364393e+15 2.822938e+15 9.920665e+09 8.991643e-16
55.300000 4.222049e+08 5.027711e+08 2.368042e+15 2.827283e+15 9.882394e+09 8.963994e-16
55.400000 4.221026e+08 5.026475e+08 2.371690e+15 2.831627e+15 9.844338e+09 8.936614e-16
55.500000 4.220005e+08 5.025241e+08 2.375337e+15 2.835970e+15 9.806496e+09 8.909523e-16
55.600000 4.218986e+08 5.024011e+08 2.378983e+15 2.840312e+15 9.768868e+09 8.882562e-16
55.700000 4.217970e+08 5.022782e+08 2.382628e+15 2.844653e+15 9.731451e+09 8.855731e-16
55.800000 4.216955e+08 5.021557e+08 2.386272e+15 2.848992e+15 9.694244e+09 8.829027e-16
55.900000 4.215935e+08 5.020326e+08 2.389916e+15 2.853331e+15 9.657426e+09 8.802452e-16
56.000000 4.214915e+08 5.019096e+08 2.393558e+15 2.857669e+15 9.620867e+09 8.775686e-16
56.100000 4.213898e+08 5.017868e+08 2.397200e+15 2.862005e+15 9.584512e+09 8.748628e-16
56.200000 4.212882e+08 5.016643e+08 2.400841e+15 2.866341e+15 9.548358e+09 8.721700e-16
56.300000 4.211868e+08 5.015421e+08 2.404481e+15 2.870675e+15 9.512405e+09 8.694902e-16
56.400000 4.210857e+08 5.014201e+08 2.408120e+15 2.875008e+15 9.476650e+09 8.668234e-16
56.500000 4.209847e+08 5.012983e+08 2.411758e+15 2.879341e+15 9.441096e+09 8.641693e-16
56.600000 4.208840e+08 5.011768e+08 2.415395e+15 2.883672e+15 9.405740e+09 8.615641e-16
56.700000 4.207834e+08 5.010555e+08 2.419032e+15 2.888002e+15 9.370579e+09 8.590291e-16
56.800000 4.206831e+08 5.009345e+08 2.422667e+15 2.892331e+15 9.335610e+09 8.565059e-16
56.900000 4.205829e+08 5.008137e+08 2.426302e+15 2.896659e+15 9.300833e+09 8.539944e-16
57.000000 4.204830e+08 5.006932e+08 2.429936e+15 2.900986e+15 9.266247e+09 8.514947e-16
57.100000 4.203843e+08 5.005739e+08 2.433569e+15 2.905312e+15 9.231604e+09 8.490066e-16
57.200000 4.202882e+08 5.004574e+08 2.437201e+15 2.909637e+15 9.196590e+09 8.465257e-16
57.300000 4.201923e+08 5.003410e+08 2.440832e+15 2.913961e+15 9.161769e+09 8.439826e-16
57.400000 4.200966e+08 5.002250e+08 2.444462e+15 2.918284e+15 9.127141e+09 8.414514e-16
57.500000 4.200011e+08 5.001091e+08 2.448092e+15 2.922606e+15 9.092703e+09 8.389321e-16
57.600000 4.199058e+08 4.999935e+08 2.451721e+15 2.926927e+15 9.058454e+09 8.364246e-16
57.700000 4.198094e+08 4.998768e+08 2.455349e+15 2.931247e+15 9.024681e+09 8.339289e-16
57.800000 4.197101e+08 4.997573e+08 2.458976e+15 2.935566e+15 8.991799e+09 8.314449e-16
57.900000 4.196111e+08 4.996380e+08 2.462602e+15 2.939884e+15 8.959094e+09 8.290138e-16
58.000000 4.195122e+08 4.995190e+08 2.466228e+15 2.944201e+15 8.926563e+09 8.265942e-16
58.100000 4.194135e+08 4.994002e+08 2.469852e+15 2.948516e+15 8.894207e+09 8.241858e-16
58.200000 4.193151e+08 4.992816e+08 2.473476e+15 2.952831e+15 8.862023e+09 8.217884e-16
58.300000 4.192168e+08 4.991633e+08 2.477099e+15 2.957145e+15 8.830011e+09 8.194021e-16
58.400000 4.191212e+08 4.990477e+08 2.480721e+15 2.961458e+15 8.797603e+09 8.170268e-16
58.500000 4.190265e+08 4.989330e+08 2.484342e+15 2.965770e+15 8.765229e+09 8.146520e-16
58.600000 4.189319e+08 4.988186e+08 2.487963e+15 2.970080e+15 8.733029e+09 8.122826e-16
58.700000 4.188375e+08 4.987043e+08 2.491582e+15 2.974390e+15 8.701002e+09 8.099240e-16
58.800000 4.187433e+08 4.985903e+08 2.495201e+15 2.978699e+15 8.669147e+09 8.075763e-16
58.900000 4.186493e+08 4.984765e+08 2.498819e+15 2.983007e+15 8.637462e+09 8.052392e-16
59.000000 4.185536e+08 4.983610e+08 2.502436e+15 2.987314e+15 8.606369e+09 8.029128e-16
59.100000 4.184564e+08 4.982441e+08 2.506052e+15 2.991619e+15 8.575804e+09 8.005929e-16
59.200000 4.183594e+08 4.981274e+08 2.509668e+15 2.995924e+15 8.545399e+09 7.982735e-16
59.300000 4.182626e+08 4.980109e+08 2.513282e+15 3.000228e+15 8.515153e+09 7.959648e-16
59.400000 4.181659e+08 4.978947e+08 2.516896e+15 3.004531e+15 8.485064e+09 7.936665e-16
59.500000 4.180695e+08 4.977786e+08 2.520509e+15 3.008833e+15 8.455133e+09 7.913787e-16
59.600000 4.179733e+08 4.976629e+08 2.524121e+15 3.013133e+15 8.425340e+09 7.891013e-16
59.700000 4.178797e+08 4.975498e+08 2.527733e+15 3.017433e+15 8.395192e+09 7.868342e-16
59.800000 4.177862e+08 4.974369e+08 2.531343e+15 3.021732e+15 8.365202e+09 7.846077e-16
59.900000 4.176930e+08 4.973243e+08 2.534953e+15 3.026030e+15 8.335369e+09 7.823937e-16
60.000000 4.175999e+08 4.972118e+08 2.538562e+15 3.030327e+15 8.305692e+09 7.801895e-16
60.100000 4.175070e+08 4.970996e+08 2.542170e+15 3.034623e+15 8.276170e+09 7.779952e-16
60.200000 4.174142e+08 4.969876e+08 2.545777e+15 3.038918e+15 8.246801e+09 7.758106e-16
60.300000 4.173230e+08 4.968771e+08 2.549383e+15 3.043212e+15 8.217312e+09 7.736357e-16
60.400000 4.172331e+08 4.967680e+08 2.552989e+15 3.047505e+15 8.187721e+09 7.714550e-16
60.500000 4.171434e+08 4.966592e+08 2.556594e+15 3.051797e+15 8.158286e+09 7.692430e-16
60.600000 4.170539e+08 4.965506e+08 2.560198e+15 3.056088e+15 8.129005e+09 7.670410e-16
60.700000 4.169645e+08 4.964421e+08 2.563801e+15 3.060378e+15 8.099876e+09 7.648488e-16
60.800000 4.168754e+08 4.963339e+08 2.567404e+15 3.064667e+15 8.070900e+09 7.626664e-16
60.900000 4.167863e+08 4.962259e+08 2.571006e+15 3.068956e+15 8.042074e+09 7.604938e-16
61.000000 4.166943e+08 4.961149e+08 2.574607e+15 3.073243e+15 8.014066e+09 7.583308e-16
61.100000 4.166023e+08 4.960040e+08 2.578207e+15 3.077530e+15 7.986207e+09 7.562061e-16
61.200000 4.165106e+08 4.958933e+08 2.581807e+15 3.081815e+15 7.958491e+09 7.540941e-16
61.300000 4.164190e+08 4.957828e+08 2.585405e+15 3.086100e+15 7.930916e+09 7.519915e-16
61.400000 4.163276e+08 4.956726e+08 2.589003e+15 3.090383e+15 7.903482e+09 7.498981e-16
61.500000 4.162364e+08 4.955626e+08 2.592600e+15 3.094666e+15 7.876186e+09 7.478138e-16
61.600000 4.161450e+08 4.954524e+08 2.596196e+15 3.098947e+15 7.849090e+09 7.457387e-16
61.700000 4.160535e+08 4.953421e+08 2.599792e+15 3.103228e+15 7.822203e+09 7.436705e-16
61.800000 4.159621e+08 4.952321e+08 2.603387e+15 3.107508e+15 7.795451e+09 7.416036e-16
61.900000 4.158709e+08 4.951222e+08 2.606980e+15 3.111787e+15 7.768835e+09 7.395458e-16
62.000000 4.157798e+08 4.950125e+08 2.610574e+15 3.116064e+15 7.742351e+09 7.374969e-16
62.100000 4.156890e+08 4.949031e+08 2.614166e+15 3.120341e+15 7.716001e+09 7.354569e-16
62.200000 4.155983e+08 4.947938e+08 2.617757e+15 3.124617e+15 7.689782e+09 7.334259e-16
62.300000 4.155094e+08 4.946864e+08 2.621348e+15 3.128892e+15 7.663377e+09 7.314036e-16
62.400000 4.154214e+08 4.945799e+08 2.624938e+15 3.133166e+15 7.636955e+09 7.294291e-16
62.500000 4.153335e+08 4.944736e+08 2.628528e+15 3.137440e+15 7.610665e+09 7.274960e-16
62.600000 4.152458e+08 4.943676e+08 2.632116e+15 3.141712e+15 7.584507e+09 7.255712e-16
62.700000 4.151583e+08 4.942617e+08 2.635704e+15 3.145983e+15 7.558481e+09 7.236544e-16
62.800000 4.150710e+08 4.941560e+08 2.639291e+15 3.150254e+15 7.532586e+09 7.217457e-16
62.900000 4.149838e+08 4.940505e+08 2.642877e+15 3.154523e+15 7.506820e+09 7.198450e-16
63.000000 4.148963e+08 4.939448e+08 2.646462e+15 3.158792e+15 7.481273e+09 7.179523e-16
63.100000 4.148089e+08 4.938392e+08 2.650047e+15 3.163059e+15 7.455865e+09 7.160187e-16
63.200000 4.147217e+08 4.937337e+08 2.653631e+15 3.167326e+15 7.430582e+09 7.140570e-16
63.300000 4.146346e+08 4.936285e+08 2.657214e+15 3.171592e+15 7.405424e+09 7.121036e-16
63.400000 4.145477e+08 4.935235e+08 2.660797e+15 3.175857e+15 7.380388e+09 7.101586e-16
63.500000 4.144609e+08 4.934187e+08 2.664378e+15 3.180121e+15 7.355477e+09 7.082220e-16
63.600000 4.143743e+08 4.933140e+08 2.667959e+15 3.184384e+15 7.330698e+09 7.062936e-16
63.700000 4.142873e+08 4.932090e+08 2.671539e+15 3.188646e+15 7.306127e+09 7.043734e-16
63.800000 4.142006e+08 4.931043e+08 2.675119e+15 3.192908e+15 7.281678e+09 7.024832e-16
63.900000 4.141139e+08 4.929997e+08 2.678698e+15 3.197168e+15 7.257349e+09 7.006042e-16
64.000000 4.140275e+08 4.928953e+08 2.682276e+15 3.201428e+15 7.233138e+09 6.987331e-16
64.100000 4.139412e+08 4.927911e+08 2.685853e+15 3.205686e+15 7.209046e+09 6.968698e-16
64.200000 4.138550e+08 4.926871e+08 2.689429e+15 3.209944e+15 7.185072e+09 6.950144e-16
64.300000 4.137690e+08 4.925833e+08 2.693005e+15 3.214201e+15 7.161220e+09 6.931668e-16
64.400000 4.136825e+08 4.924791e+08 2.696580e+15 3.218457e+15 7.137587e+09 6.913269e-16
64.500000 4.135963e+08 4.923751e+08 2.700154e+15 3.222712e+15 7.114069e+09 6.894895e-16
64.600000 4.135101e+08 4.922712e+08 2.703728e+15 3.226966e+15 7.090665e+09 6.876592e-16
64.700000 4.134242e+08 4.921676e+08 2.707300e+15 3.231219e+15 7.067374e+09 6.858365e-16
64.800000 4.133384e+08 4.920641e+08 2.710872e+15 3.235471e+15 7.044195e+09 6.840214e-16
64.900000 4.132527e+08 4.919608e+08 2.714444e+15 3.239723e+15 7.021127e+09 6.822138e-16
65.000000 4.131672e+08 4.918577e+08 2.718014e+15 3.243973e+15 6.998171e+09 6.804138e-16
65.100000 4.130812e+08 4.917541e+08 2.721584e+15 3.248223e+15 6.975453e+09 6.786212e-16
65.200000 4.129952e+08 4.916507e+08 2.725153e+15 3.252472e+15 6.952844e+09 6.768324e-16
65.300000 4.129095e+08 4.915474e+08 2.728721e+15 3.256720e+15 6.930343e+09 6.750505e-16
65.400000 4.128239e+08 4.914444e+08 2.732289e+15 3.260967e+15 6.907949e+09 6.732760e-16
65.500000 4.127384e+08 4.913415e+08 2.735855e+15 3.265213e+15 6.885661e+09 6.715088e-16
65.600000 4.126531e+08 4.912388e+08 2.739421e+15 3.269458e+15 6.863479e+09 6.697490e-16
65.700000 4.125680e+08 4.911362e+08 2.742987e+15 3.273702e+15 6.841403e+09 6.679963e-16
65.800000 4.124850e+08 4.910360e+08 2.746551e+15 3.277946e+15 6.819068e+09 6.662509e-16
65.900000 4.124024e+08 4.909360e+08 2.750115e+15 3.282188e+15 6.796812e+09 6.645686e-16
66.000000 4.123198e+08 4.908362e+08 2.753678e+15 3.286430e+15 6.774663e+09 6.629011e-16
66.100000 4.122374e+08 4.907366e+08 2.757241e+15 3.290671e+15 6.752619e+09 6.612402e-16
66.200000 4.121552e+08 4.906372e+08 2.760803e+15 3.294911e+15 6.730680e+09 6.595860e-16
66.300000 4.120731e+08 4.905379e+08 2.764364e+15 3.299150e+15 6.708845e+09 6.579384e-16
66.400000 4.119912e+08 4.904388e+08 2.767924e+15 3.303388e+15 6.687113e+09 6.562973e-16
66.500000 4.119090e+08 4.903396e+08 2.771484e+15 3.307625e+15 6.665544e+09 6.546627e-16
66.600000 4.118270e+08 4.902404e+08 2.775042e+15 3.311862e+15 6.644086e+09 6.529702e-16
66.700000 4.117450e+08 4.901415e+08 2.778601e+15 3.316098e+15 6.622730e+09 6.512367e-16
66.800000 4.116633e+08 4.900427e+08 2.782158e+15 3.320332e+15 6.601473e+09 6.495104e-16
66.900000 4.115816e+08 4.899441e+08 2.785715e+15 3.324566e+15 6.580317e+09 6.477912e-16
67.000000 4.115002e+08 4.898456e+08 2.789271e+15 3.328800e+15 6.559260e+09 6.460791e-16
67.100000 4.114188e+08 4.897473e+08 2.792826e+15 3.333032e+15 6.538301e+09 6.443741e-16
67.200000 4.113372e+08 4.896488e+08 2.796381e+15 3.337263e+15 6.517511e+09 6.426760e-16
67.300000 4.112554e+08 4.895501e+08 2.799935e+15 3.341494e+15 6.496879e+09 6.410194e-16
67.400000 4.111737e+08 4.894516e+08 2.803488e+15 3.345723e+15 6.476342e+09 6.393982e-16
67.500000 4.110921e+08 4.893532e+08 2.807041e+15 3.349952e+15 6.455901e+09 6.377835e-16
67.600000 4.110107e+08 4.892550e+08 2.810593e+15 3.354180e+15 6.435554e+09 6.361752e-16
67.700000 4.109294e+08 4.891570e+08 2.814144e+15 3.358408e+15 6.415301e+09 6.345733e-16
67.800000 4.108483e+08 4.890591e+08 2.817694e+15 3.362634e+15 6.395142e+09 6.329777e-16
67.900000 4.107671e+08 4.889613e+08 2.821244e+15 3.366859e+15 6.375106e+09 6.313885e-16
68.000000 4.106854e+08 4.888628e+08 2.824793e+15 3.371084e+15 6.355282e+09 6.298056e-16
68.100000 4.106038e+08 4.887646e+08 2.828341e+15 3.375308e+15 6.335549e+09 6.282286e-16
68.200000 4.105223e+08 4.886665e+08 2.831889e+15 3.379531e+15 6.315906e+09 6.266579e-16
68.300000 4.104410e+08 4.885686e+08 2.835436e+15 3.383753e+15 6.296352e+09 6.250934e-16
68.400000 4.103598e+08 4.884708e+08 2.838982e+15 3.387974e+15 6.276887e+09 6.235350e-16
68.500000 4.102787e+08 4.883732e+08 2.842527e+15 3.392194e+15 6.257511e+09 6.219828e-16
68.600000 4.101978e+08 4.882758e+08 2.846072e+15 3.396414e+15 6.238223e+09 6.204366e-16
68.700000 4.101215e+08 4.881830e+08 2.849616e+15 3.400633e+15 6.218291e+09 6.188965e-16
68.800000 4.100460e+08 4.880911e+08 2.853160e+15 3.404850e+15 6.198334e+09 6.173760e-16
68.900000 4.099706e+08 4.879994e+08 2.856703e+15 3.409068e+15 6.178469e+09 6.158631e-16
69.000000 4.098954e+08 4.879078e+08 2.860245e+15 3.413284e+15 6.158697e+09 6.143559e-16
69.100000 4.098202e+08 4.878164e+08 2.863786e+15 3.417499e+15 6.139016e+09 6.128546e-16
69.200000 4.097452e+08 4.877251e+08 2.867327e+15 3.421714e+15 6.119427e+09 6.113591e-16
69.300000 4.096704e+08 4.876340e+08 2.870867e+15 3.425928e+15 6.099928e+09 6.098694e-16
69.400000 4.095924e+08 4.875397e+08 2.874407e+15 3.430141e+15 6.081039e+09 6.083854e-16
69.500000 4.095115e+08 4.874425e+08 2.877946e+15 3.434354e+15 6.062738e+09 6.069072e-16
69.600000 4.094307e+08 4.873455e+08 2.881484e+15 3.438565e+15 6.044518e+09 6.054349e-16
69.700000 4.093500e+08 4.872486e+08 2.885021e+15 3.442776e+15 6.026379e+09 6.039683e-16
69.800000 4.092694e+08 4.871519e+08 2.888558e+15 3.446986e+15 6.008320e+09 6.025073e-16
69.900000 4.091890e+08 4.870553e+08 2.892094e+15 3.451195e+15 5.990341e+09 6.010519e-16
70.000000 4.091087e+08 4.869589e+08 2.895630e+15 3.455403e+15 5.972442e+09 5.996021e-16
70.100000 4.090286e+08 4.868627e+08 2.899164e+15 3.459610e+15 5.954622e+09 5.981578e-16
70.200000 4.089504e+08 4.867684e+08 2.902698e+15 3.463817e+15 5.936596e+09 5.967191e-16
70.300000 4.088725e+08 4.866745e+08 2.906232e+15 3.468022e+15 5.918621e+09 5.952525e-16
70.400000 4.087947e+08 4.865807e+08 2.909764e+15 3.472227e+15 5.900726e+09 5.937721e-16
70.500000 4.087171e+08 4.864871e+08 2.913296e+15 3.476431e+15 5.882910e+09 5.922974e-16
70.600000 4.086395e+08 4.863937e+08 2.916828e+15 3.480634e+15 5.865173e+09 5.908285e-16
70.700000 4.085621e+08 4.863003e+08 2.920358e+15 3.484837e+15 5.847515e+09 5.893653e-16
70.800000 4.084849e+08 4.862072e+08 2.923888e+15 3.489039e+15 5.829935e+09 5.879078e-16
70.900000 4.084083e+08 4.861148e+08 2.927418e+15 3.493239e+15 5.812340e+09 5.864558e-16
71.000000 4.083333e+08 4.860240e+08 2.930946e+15 3.497439e+15 5.794601e+09 5.850271e-16
71.100000 4.082585e+08 4.859333e+08 2.934474e+15 3.501639e+15 5.776941e+09 5.836516e-16
71.200000 4.081837e+08 4.858428e+08 2.938002e+15 3.505837e+15 5.759359e+09 5.822813e-16
71.300000 4.081091e+08 4.857525e+08 2.941528e+15 3.510035e+15 5.741856e+09 5.809160e-16
71.400000 4.080346e+08 4.856623e+08 2.945054e+15 3.514232e+15 5.724430e+09 5.795559e-16
71.500000 4.079602e+08 4.855722e+08 2.948580e+15 3.518428e+15 5.707082e+09 5.782008e-16
71.600000 4.078860e+08 4.854823e+08 2.952105e+15 3.522623e+15 5.689809e+09 5.768507e-16
71.700000 4.078096e+08 4.853903e+08 2.955629e+15 3.526818e+15 5.672948e+09 5.755056e-16
71.800000 4.077323e+08 4.852974e+08 2.959152e+15 3.531011e+15 5.656323e+09 5.741502e-16
71.900000 4.076552e+08 4.852046e+08 2.962675e+15 3.535204e+15 5.639770e+09 5.727686e-16
72.000000 4.075781e+08 4.851119e+08 2.966197e+15 3.539397e+15 5.623288e+09 5.713921e-16
72.100000 4.075012e+08 4.850195e+08 2.969719e+15 3.543588e+15 5.606877e+09 5.700209e-16
72.200000 4.074244e+08 4.849271e+08 2.973239e+15 3.547779e+15 5.590536e+09 5.686548e-16
72.300000 4.073477e+08 4.848349e+08 2.976760e+15 3.551968e+15 5.574266e+09 5.672939e-16
72.400000 4.072712e+08 4.847429e+08 2.980279e+15 3.556157e+15 5.558066e+09 5.659381e-16
72.500000 4.071963e+08 4.846526e+08 2.983798e+15 3.560345e+15 5.541704e+09 5.645873e-16
72.600000 4.071219e+08 4.845628e+08 2.987316e+15 3.564533e+15 5.525355e+09 5.632761e-16
72.700000 4.070477e+08 4.844732e+08 2.990834e+15 3.568719e+15 5.509077e+09 5.619874e-16
72.800000 4.069735e+08 4.843837e+08 2.994350e+15 3.572905e+15 5.492869e+09 5.607034e-16
72.900000 4.068995e+08 4.842943e+08 2.997867e+15 3.577090e+15 5.476731e+09 5.594241e-16
73.000000 4.068256e+08 4.842051e+08 3.001382e+15 3.581275e+15 5.460662e+09 5.581494e-16
73.100000 4.067519e+08 4.841160e+08 3.004897e+15 3.585458e+15 5.444662e+09 5.568794e-16
73.200000 4.066782e+08 4.840271e+08 3.008412e+15 3.589641e+15 5.428731e+09 5.556139e-16
73.300000 4.066065e+08 4.839401e+08 3.011925e+15 3.593823e+15 5.412604e+09 5.543530e-16
73.400000 4.065350e+08 4.838535e+08 3.015438e+15 3.598004e+15 5.396521e+09 5.530723e-16
73.500000 4.064637e+08 4.837670e+08 3.018951e+15 3.602185e+15 5.380508e+09 5.517855e-16
73.600000 4.063925e+08 4.836806e+08 3.022463e+15 3.606364e+15 5.364564e+09 5.505035e-16
73.700000 4.063214e+08 4.835944e+08 3.025974e+15 3.610543e+15 5.348689e+09 5.492261e-16
73.800000 4.062504e+08 4.835083e+08 3.029485e+15 3.614722e+15 5.332883e+09 5.479534e-16
73.900000 4.061795e+08 4.834223e+08 3.032995e+15 3.618899e+15 5.317144e+09 5.466853e-16
74.000000 4.061087e+08 4.833365e+08 3.036504e+15 3.623076e+15 5.301481e+09 5.454218e-16
74.100000 4.060348e+08 4.832475e+08 3.040013e+15 3.627252e+15 5.286338e+09 5.441630e-16
74.200000 4.059610e+08 4.831587e+08 3.043521e+15 3.631427e+15 5.271258e+09 5.428832e-16
74.300000 4.058873e+08 4.830700e+08 3.047028e+15 3.635602e+15 5.256242e+09 5.415982e-16
74.400000 4.058138e+08 4.829815e+08 3.050535e+15 3.639776e+15 5.241289e+09 5.403180e-16
74.500000 4.057403e+08 4.828931e+08 3.054041e+15 3.643948e+15 5.226398e+09 5.390425e-16
74.600000 4.056670e+08 4.828048e+08 3.057547e+15 3.648121e+15 5.211569e+09 5.377717e-16
74.700000 4.055938e+08 4.827167e+08 3.061052e+15 3.652292e+15 5.196802e+09 5.365056e-16
74.800000 4.055207e+08 4.826287e+08 3.064556e+15 3.656463e+15 5.182097e+09 5.352441e-16
74.900000 4.054494e+08 4.825426e+08 3.068060e+15 3.660633e+15 5.167222e+09 5.339872e-16
75.000000 4.053784e+08 4.824568e+08 3.071563e+15 3.664802e+15 5.152375e+09 5.327682e-16
75.100000 4.053076e+08 4.823711e+08 3.075066e+15 3.668970e+15 5.137591e+09 5.315657e-16
75.200000 4.052368e+08 4.822856e+08 3.078567e+15 3.673138e+15 5.122868e+09 5.303675e-16
75.300000 4.051662e+08 4.822002e+08 3.082069e+15 3.677305e+15 5.108207e+09 5.291735e-16
75.400000 4.050956e+08 4.821149e+08 3.085569e+15 3.681471e+15 5.093608e+09 5.279838e-16
75.500000 4.050252e+08 4.820298e+08 3.089069e+15 3.685637e+15 5.079069e+09 5.267984e-16
75.600000 4.049549e+08 4.819448e+08 3.092569e+15 3.689801e+15 5.064591e+09 5.256171e-16
75.700000 4.048838e+08 4.818590e+08 3.096068e+15 3.693965e+15 5.050298e+09 5.244400e-16
75.800000 4.048124e+08 4.817730e+08 3.099566e+15 3.698129e+15 5.036113e+09 5.232737e-16
75.900000 4.047411e+08 4.816871e+08 3.103063e+15 3.702291e+15 5.021986e+09 5.221139e-16
76.000000 4.046700e+08 4.816013e+08 3.106560e+15 3.706453e+15 5.007918e+09 5.209581e-16
76.100000 4.045989e+08 4.815157e+08 3.110057e+15 3.710614e+15 4.993908e+09 5.198065e-16
76.200000 4.045280e+08 4.814302e+08 3.113552e+15 3.714774e+15 4.979955e+09 5.186588e-16
76.300000 4.044571e+08 4.813448e+08 3.117048e+15 3.718934e+15 4.966060e+09 5.175152e-16
76.400000 4.043864e+08 4.812596e+08 3.120542e+15 3.723093e+15 4.952221e+09 5.163756e-16
76.500000 4.043158e+08 4.811744e+08 3.124036e+15 3.727251e+15 4.938445e+09 5.152399e-16
76.600000 4.042452e+08 4.810894e+08 3.127529e+15 3.731408e+15 4.924731e+09 5.140943e-16
76.700000 4.041747e+08 4.810044e+08 3.131022e+15 3.735565e+15 4.911073e+09 5.129348e-16
76.800000 4.041043e+08 4.809196e+08 3.134514e+15 3.739721e+15 4.897470e+09 5.117795e-16
76.900000 4.040340e+08 4.808349e+08 3.138005e+15 3.743876e+15 4.883923e+09 5.106282e-16
77.000000 4.039638e+08 4.807504e+08 3.141496e+15 3.748030e+15 4.870430e+09 5.094810e-16
77.100000 4.038938e+08 4.806659e+08 3.144987e+15 3.752184e+15 4.856992e+09 5.083379e-16
77.200000 4.038238e+08 4.805816e+08 3.148476e+15 3.756337e+15 4.843609e+09 5.071987e-16
77.300000 4.037538e+08 4.804973e+08 3.151965e+15 3.760489e+15 4.830301e+09 5.060636e-16
77.400000 4.036827e+08 4.804119e+08 3.155454e+15 3.764640e+15 4.817205e+09 5.049334e-16
77.500000 4.036116e+08 4.803266e+08 3.158941e+15 3.768791e+15 4.804161e+09 5.038132e-16
77.600000 4.035407e+08 4.802414e+08 3.162429e+15 3.772941e+15 4.791169e+09 5.026968e-16
77.700000 4.034699e+08 4.801564e+08 3.165915e+15 3.777091e+15 4.778229e+09 5.015844e-16
77.800000 4.033992e+08 4.800715e+08 3.169401e+15 3.781239e+15 4.765340e+09 5.004758e-16
77.900000 4.033286e+08 4.799867e+08 3.172887e+15 3.785387e+15 4.752503e+09 4.993712e-16
78.000000 4.032581e+08 4.799020e+08 3.176371e+15 3.789534e+15 4.739717e+09 4.982703e-16
78.100000 4.031878e+08 4.798175e+08 3.179856e+15 3.793680e+15 4.726982e+09 4.971733e-16
78.200000 4.031187e+08 4.797343e+08 3.183339e+15 3.797826e+15 4.714143e+09 4.960800e-16
78.300000 4.030503e+08 4.796517e+08 3.186822e+15 3.801971e+15 4.701285e+09 4.949959e-16
78.400000 4.029819e+08 4.795693e+08 3.190304e+15 3.806115e+15 4.688478e+09 4.939168e-16
78.500000 4.029137e+08 4.794871e+08 3.193786e+15 3.810259e+15 4.675722e+09 4.928414e-16
78.600000 4.028456e+08 4.794049e+08 3.197267e+15 3.814401e+15 4.663017e+09 4.917696e-16
78.700000 4.027776e+08 4.793229e+08 3.200748e+15 3.818543e+15 4.650362e+09 4.907016e-16
78.800000 4.027096e+08 4.792409e+08 3.204228e+15 3.822685e+15 4.637758e+09 4.896372e-16
78.900000 4.026418e+08 4.791592e+08 3.207707e+15 3.826825e+15 4.625204e+09 4.885764e-16
79.000000 4.025745e+08 4.790779e+08 3.211186e+15 3.830965e+15 4.612647e+09 4.875192e-16
79.100000 4.025087e+08 4.789982e+08 3.214664e+15 3.835105e+15 4.599967e+09 4.864671e-16
79.200000 4.024429e+08 4.789185e+08 3.218142e+15 3.839243e+15 4.587338e+09 4.854247e-16
79.300000 4.023773e+08 4.788390e+08 3.221619e+15 3.843381e+15 4.574760e+09 4.843857e-16
79.400000 4.023117e+08 4.787596e+08 3.225096e+15 3.847518e+15 4.562232e+09 4.833503e-16
79.500000 4.022463e+08 4.786803e+08 3.228572e+15 3.851655e+15 4.549754e+09 4.823184e-16
79.600000 4.021809e+08 4.786012e+08 3.232047e+15 3.855790e+15 4.537325e+09 4.812899e-16
79.700000 4.021157e+08 4.785221e+08 3.235522e+15 3.859925e+15 4.524946e+09 4.802649e-16
79.800000 4.020505e+08 4.784432e+08 3.238996e+15 3.864060e+15 4.512616e+09 4.792433e-16
79.900000 4.019829e+08 4.783618e+08 3.242470e+15 3.868194e+15 4.500648e+09 4.782252e-16
80.000000 4.019147e+08 4.782798e+08 3.245943e+15 3.872327e+15 4.488819e+09 4.772155e-16
80.100000 4.018465e+08 4.781979e+08 3.249416e+15 3.876459e+15 4.477035e+09 4.762131e-16
80.200000 4.017785e+08 4.781161e+08 3.252888e+15 3.880591e+15 4.465297e+09 4.752140e-16
80.300000 4.017105e+08 4.780345e+08 3.256359e+15 3.884722e+15 4.453604e+09 4.742183e-16
80.400000 4.016426e+08 4.779530e+08 3.259830e+15 3.888852e+15 4.441956e+09 4.732259e-16
80.500000 4.015749e+08 4.778715e+08 3.263300e+15 3.892981e+15 4.430354e+09 4.722367e-16
80.600000 4.015072e+08 4.777902e+08 3.266769e+15 3.897110e+15 4.418796e+09 4.712509e-16
80.700000 4.014398e+08 4.777091e+08 3.270238e+15 3.901238e+15 4.407270e+09 4.702683e-16
80.800000 4.013740e+08 4.776298e+08 3.273707e+15 3.905366e+15 4.395596e+09 4.692890e-16
80.900000 4.013083e+08 4.775505e+08 3.277175e+15 3.909492e+15 4.383968e+09 4.682880e-16
81.000000 4.012427e+08 4.774714e+08 3.280642e+15 3.913618e+15 4.372384e+09 4.672882e-16
81.100000 4.011772e+08 4.773924e+08 3.284109e+15 3.917744e+15 4.360846e+09 4.662917e-16
81.200000 4.011118e+08 4.773135e+08 3.287575e+15 3.921868e+15 4.349352e+09 4.652985e-16
81.300000 4.010465e+08 4.772347e+08 3.291041e+15 3.925992e+15 4.337902e+09 4.643086e-16
81.400000 4.009813e+08 4.771560e+08 3.294506e+15 3.930116e+15 4.326497e+09 4.633221e-16
81.500000 4.009162e+08 4.770774e+08 3.297970e+15 3.934238e+15 4.315135e+09 4.623388e-16
81.600000 4.008511e+08 4.769990e+08 3.301434e+15 3.938360e+15 4.303816e+09 4.613589e-16
81.700000 4.007862e+08 4.769207e+08 3.304897e+15 3.942482e+15 4.292539e+09 4.603834e-16
81.800000 4.007214e+08 4.768425e+08 3.308360e+15 3.946602e+15 4.281304e+09 4.594147e-16
81.900000 4.006567e+08 4.767644e+08 3.311822e+15 3.950722e+15 4.270113e+09 4.584492e-16
82.000000 4.005921e+08 4.766864e+08 3.315284e+15 3.954841e+15 4.258964e+09 4.574869e-16
82.100000 4.005275e+08 4.766085e+08 3.318745e+15 3.958960e+15 4.247859e+09 4.565278e-16
82.200000 4.004631e+08 4.765307e+08 3.322206e+15 3.963078e+15 4.236795e+09 4.555719e-16
82.300000 4.003987e+08 4.764531e+08 3.325666e+15 3.967195e+15 4.225774e+09 4.546191e-16
82.400000 4.003344e+08 4.763756e+08 3.329125e+15 3.971312e+15 4.214795e+09 4.536694e-16
82.500000 4.002703e+08 4.762981e+08 3.332584e+15 3.975427e+15 4.203854e+09 4.527229e-16
82.600000 4.002063e+08 4.762209e+08 3.336042e+15 3.979543e+15 4.192948e+09 4.517822e-16
82.700000 4.001424e+08 4.761438e+08 3.339500e+15 3.983657e+15 4.182085e+09 4.508510e-16
82.800000 4.000785e+08 4.760667e+08 3.342957e+15 3.987771e+15 4.171262e+09 4.499229e-16
82.900000 4.000148e+08 4.759898e+08 3.346414e+15 3.991884e+15 4.160480e+09 4.489978e-16
83.000000 3.999511e+08 4.759130e+08 3.349870e+15 3.995997e+15 4.149739e+09 4.480757e-16
83.100000 3.998876e+08 4.758363e+08 3.353326e+15 4.000109e+15 4.139039e+09 4.471565e-16
83.200000 3.998241e+08 4.757597e+08 3.356781e+15 4.004220e+15 4.128379e+09 4.462404e-16
83.300000 3.997607e+08 4.756832e+08 3.360235e+15 4.008331e+15 4.117760e+09 4.453272e-16
83.400000 3.996974e+08 4.756069e+08 3.363689e+15 4.012440e+15 4.107179e+09 4.444169e-16
83.500000 3.996342e+08 4.755306e+08 3.367143e+15 4.016550e+15 4.096637e+09 4.435131e-16
83.600000 3.995711e+08 4.754545e+08 3.370596e+15 4.020658e+15 4.086134e+09 4.426193e-16
83.700000 3.995081e+08 4.753784e+08 3.374048e+15 4.024766e+15 4.075671e+09 4.417283e-16
83.800000 3.994452e+08 4.753025e+08 3.377500e+15 4.028873e+15 4.065247e+09 4.408402e-16
83.900000 3.993824e+08 4.752267e+08 3.380951e+15 4.032980e+15 4.054862e+09 4.399549e-16
84.000000 3.993196e+08 4.751509e+08 3.384401e+15 4.037086e+15 4.044516e+09 4.390724e-16
84.100000 3.992569e+08 4.750753e+08 3.387852e+15 4.041191e+15 4.034208e+09 4.381928e-16
84.200000 3.991944e+08 4.749998e+08 3.391301e+15 4.045296e+15 4.023939e+09 4.373159e-16
84.300000 3.991320e+08 4.749245e+08 3.394750e+15 4.049400e+15 4.013697e+09 4.364418e-16
84.400000 3.990699e+08 4.748495e+08 3.398199e+15 4.053503e+15 4.003470e+09 4.355495e-16
84.500000 3.990078e+08 4.747746e+08 3.401647e+15 4.057606e+15 3.993282e+09 4.346209e-16
84.600000 3.989459e+08 4.746998e+08 3.405094e+15 4.061708e+15 3.983132e+09 4.336954e-16
84.700000 3.988840e+08 4.746251e+08 3.408541e+15 4.065810e+15 3.973019e+09 4.327729e-16
84.800000 3.988223e+08 4.745505e+08 3.411987e+15 4.069910e+15 3.962944e+09 4.318535e-16
84.900000 3.987606e+08 4.744760e+08 3.415433e+15 4.074010e+15 3.952907e+09 4.309370e-16
85.000000 3.986990e+08 4.744016e+08 3.418878e+15 4.078110e+15 3.942906e+09 4.300236e-16
85.100000 3.986375e+08 4.743274e+08 3.422323e+15 4.082209e+15 3.932943e+09 4.291132e-16
85.200000 3.985759e+08 4.742530e+08 3.425767e+15 4.086307e+15 3.923038e+09 4.282058e-16
85.300000 3.985139e+08 4.741783e+08 3.429211e+15 4.090404e+15 3.913214e+09 4.273269e-16
85.400000 3.984520e+08 4.741037e+08 3.432654e+15 4.094501e+15 3.903427e+09 4.264979e-16
85.500000 3.983902e+08 4.740292e+08 3.436097e+15 4.098598e+15 3.893676e+09 4.256715e-16
85.600000 3.983285e+08 4.739548e+08 3.439539e+15 4.102693e+15 3.883960e+09 4.248477e-16
85.700000 3.982669e+08 4.738805e+08 3.442981e+15 4.106788e+15 3.874280e+09 4.240264e-16
85.800000 3.982053e+08 4.738063e+08 3.446422e+15 4.110882e+15 3.864636e+09 4.232076e-16
85.900000 3.981439e+08 4.737322e+08 3.449862e+15 4.114976e+15 3.855026e+09 4.223914e-16
86.000000 3.980825e+08 4.736582e+08 3.453302e+15 4.119069e+15 3.845452e+09 4.215776e-16
86.100000 3.980212e+08 4.735843e+08 3.456741e+15 4.123162e+15 3.835911e+09 4.207664e-16
86.200000 3.979603e+08 4.735108e+08 3.460180e+15 4.127253e+15 3.826379e+09 4.199565e-16
86.300000 3.978994e+08 4.734373e+08 3.463619e+15 4.131345e+15 3.816882e+09 4.191278e-16
86.400000 3.978386e+08 4.733640e+08 3.467057e+15 4.135435e+15 3.807419e+09 4.183018e-16
86.500000 3.977779e+08 4.732908e+08 3.470494e+15 4.139525e+15 3.797990e+09 4.174783e-16
86.600000 3.977172e+08 4.732176e+08 3.473931e+15 4.143614e+15 3.788596e+09 4.166574e-16
86.700000 3.976567e+08 4.731446e+08 3.477367e+15 4.147703e+15 3.779236e+09 4.158390e-16
86.800000 3.975962e+08 4.730716e+08 3.480803e+15 4.151791e+15 3.769909e+09 4.150232e-16
86.900000 3.975358e+08 4.729988e+08 3.484238e+15 4.155878e+15 3.760616e+09 4.142099e-16
87.000000 3.974755e+08 4.729260e+08 3.487673e+15 4.159965e+15 3.751357e+09 4.133991e-16
87.100000 3.974149e+08 4.728529e+08 3.491107e+15 4.164051e+15 3.742176e+09 4.125908e-16
87.200000 3.973541e+08 4.727798e+08 3.494541e+15 4.168136e+15 3.733043e+09 4.117683e-16
87.300000 3.972935e+08 4.727068e+08 3.497974e+15 4.172221e+15 3.723943e+09 4.109425e-16
87.400000 3.972329e+08 4.726338e+08 3.501406e+15 4.176305e+15 3.714875e+09 4.101193e-16
87.500000 3.971724e+08 4.725610e+08 3.504838e+15 4.180389e+15 3.705840e+09 4.092987e-16
87.600000 3.971120e+08 4.724882e+08 3.508270e+15 4.184472e+15 3.696837e+09 4.084807e-16
87.700000 3.970517e+08 4.724156e+08 3.511701e+15 4.188554e+15 3.687866e+09 4.076652e-16
87.800000 3.969915e+08 4.723430e+08 3.515132e+15 4.192636e+15 3.678927e+09 4.068523e-16
87.900000 3.969313e+08 4.722706e+08 3.518562e+15 4.196717e+15 3.670019e+09 4.060419e-16
88.000000 3.968713e+08 4.721982e+08 3.521991e+15 4.200797e+15 3.661140e+09 4.052340e-16
88.100000 3.968115e+08 4.721262e+08 3.525420e+15 4.204877e+15 3.652275e+09 4.044436e-16
88.200000 3.967518e+08 4.720542e+08 3.528848e+15 4.208956e+15 3.643441e+09 4.036765e-16
88.300000 3.966921e+08 4.719823e+08 3.532276e+15 4.213035e+15 3.634639e+09 4.029117e-16
88.400000 3.966325e+08 4.719106e+08 3.535704e+15 4.217113e+15 3.625868e+09 4.021493e-16
88.500000 3.965731e+08 4.718389e+08 3.539131e+15 4.221190e+15 3.617128e+09 4.013891e-16
88.600000 3.965136e+08 4.717673e+08 3.542557e+15 4.225267e+15 3.608419e+09 4.006312e-16
88.700000 3.964543e+08 4.716958e+08 3.545983e+15 4.229343e+15 3.599740e+09 3.998756e-16
88.800000 3.963951e+08 4.716244e+08 3.549408e+15 4.233418e+15 3.591093e+09 3.991223e-16
88.900000 3.963359e+08 4.715531e+08 3.552833e+15 4.237493e+15 3.582475e+09 3.983712e-16
89.000000 3.962771e+08 4.714822e+08 3.556258e+15 4.241567e+15 3.573856e+09 3.976224e-16
89.100000 3.962186e+08 4.714116e+08 3.559681e+15 4.245641e+15 3.565249e+09 3.968594e-16
89.200000 3.961602e+08 4.713411e+08 3.563105e+15 4.249714e+15 3.556671e+09 3.960942e-16
89.300000 3.961018e+08 4.712706e+08 3.566528e+15 4.253786e+15 3.548124e+09 3.953314e-16
89.400000 3.960435e+08 4.712003e+08 3.569950e+15 4.257858e+15 3.539607e+09 3.945708e-16
89.500000 3.959853e+08 4.711301e+08 3.573372e+15 4.261929e+15 3.531120e+09 3.938126e-16
89.600000 3.959272e+08 4.710599e+08 3.576793e+15 4.266000e+15 3.522663e+09 3.930566e-16
89.700000 3.958691e+08 4.709898e+08 3.580214e+15 4.270070e+15 3.514235e+09 3.923029e-16
89.800000 3.958111e+08 4.709199e+08 3.583634e+15 4.274139e+15 3.505837e+09 3.915515e-16
89.900000 3.957532e+08 4.708500e+08 3.587054e+15 4.278208e+15 3.497473e+09 3.908024e-16
90.000000 3.956944e+08 4.707793e+08 3.590473e+15 4.282276e+15 3.489221e+09 3.900526e-16
90.100000 3.956358e+08 4.707087e+08 3.593892e+15 4.286343e+15 3.480999e+09 3.892869e-16
90.200000 3.955772e+08 4.706381e+08 3.597310e+15 4.290410e+15 3.472804e+09 3.885235e-16
90.300000 3.955187e+08 4.705677e+08 3.600728e+15 4.294477e+15 3.464638e+09 3.877625e-16
90.400000 3.954602e+08 4.704974e+08 3.604145e+15 4.298542e+15 3.456501e+09 3.870038e-16
90.500000 3.954018e+08 4.704271e+08 3.607562e+15 4.302607e+15 3.448391e+09 3.862474e-16
90.600000 3.953436e+08 4.703570e+08 3.610978e+15 4.306672e+15 3.440309e+09 3.854934e-16
90.700000 3.952853e+08 4.702869e+08 3.614394e+15 4.310736e+15 3.432256e+09 3.847416e-16
90.800000 3.952272e+08 4.702169e+08 3.617809e+15 4.314799e+15 3.424230e+09 3.839921e-16
90.900000 3.951693e+08 4.701472e+08 3.621224e+15 4.318862e+15 3.416214e+09 3.832449e-16
91.000000 3.951121e+08 4.700783e+08 3.624638e+15 4.322924e+15 3.408166e+09 3.825161e-16
91.100000 3.950550e+08 4.700094e+08 3.628052e+15 4.326985e+15 3.400145e+09 3.818070e-16
91.200000 3.949980e+08 4.699406e+08 3.631466e+15 4.331046e+15 3.392151e+09 3.811000e-16
91.300000 3.949410e+08 4.698718e+08 3.634878e+15 4.335107e+15 3.384185e+09 3.803951e-16
91.400000 3.948841e+08 4.698032e+08 3.638291e+15 4.339166e+15 3.376247e+09 3.796922e-16
91.500000 3.948273e+08 4.697347e+08 3.641702e+15 4.343225e+15 3.368336e+09 3.789914e-16
91.600000 3.947706e+08 4.696662e+08 3.645114e+15 4.347284e+15 3.360452e+09 3.782927e-16
91.700000 3.947139e+08 4.695979e+08 3.648525e+15 4.351342e+15 3.352595e+09 3.775959e-16
91.800000 3.946573e+08 4.695296e+08 3.651935e+15 4.355399e+15 3.344765e+09 3.769012e-16
91.900000 3.946008e+08 4.694614e+08 3.655345e+15 4.359456e+15 3.336958e+09 3.762086e-16
92.000000 3.945444e+08 4.693934e+08 3.658754e+15 4.363512e+15 3.329173e+09 3.755079e-16
92.100000 3.944881e+08 4.693255e+08 3.662163e+15 4.367567e+15 3.321415e+09 3.747998e-16
92.200000 3.944319e+08 4.692576e+08 3.665571e+15 4.371622e+15 3.313682e+09 3.740938e-16
92.300000 3.943757e+08 4.691899e+08 3.668979e+15 4.375677e+15 3.305977e+09 3.733899e-16
92.400000 3.943196e+08 4.691222e+08 3.672387e+15 4.379731e+15 3.298297e+09 3.726881e-16
92.500000 3.942636e+08 4.690546e+08 3.675793e+15 4.383784e+15 3.290644e+09 3.719884e-16
92.600000 3.942076e+08 4.689871e+08 3.679200e+15 4.387837e+15 3.283016e+09 3.712907e-16
92.700000 3.941518e+08 4.689197e+08 3.682606e+15 4.391889e+15 3.275415e+09 3.705950e-16
92.800000 3.940960e+08 4.688523e+08 3.686011e+15 4.395940e+15 3.267839e+09 3.699014e-16
92.900000 3.940399e+08 4.687848e+08 3.689416e+15 4.399991e+15 3.260314e+09 3.692099e-16
93.000000 3.939837e+08 4.687171e+08 3.692821e+15 4.404041e+15 3.252839e+09 3.685272e-16
93.100000 3.939276e+08 4.686495e+08 3.696225e+15 4.408091e+15 3.245389e+09 3.678525e-16
93.200000 3.938715e+08 4.685819e+08 3.699628e+15 4.412140e+15 3.237965e+09 3.671797e-16
93.300000 3.938155e+08 4.685144e+08 3.703031e+15 4.416189e+15 3.230565e+09 3.665089e-16
93.400000 3.937596e+08 4.684471e+08 3.706434e+15 4.420237e+15 3.223190e+09 3.658400e-16
93.500000 3.937037e+08 4.683798e+08 3.709836e+15 4.424284e+15 3.215840e+09 3.651730e-16
93.600000 3.936479e+08 4.683126e+08 3.713238e+15 4.428331e+15 3.208515e+09 3.645079e-16
93.700000 3.935922e+08 4.682454e+08 3.716639e+15 4.432377e+15 3.201214e+09 3.638448e-16
93.800000 3.935365e+08 4.681784e+08 3.720039e+15 4.436423e+15 3.193937e+09 3.631835e-16
93.900000 3.934810e+08 4.681116e+08 3.723440e+15 4.440468e+15 3.186672e+09 3.625242e-16
94.000000 3.934259e+08 4.680451e+08 3.726839e+15 4.444512e+15 3.179408e+09 3.618672e-16
94.100000 3.933708e+08 4.679787e+08 3.730238e+15 4.448556e+15 3.172169e+09 3.612125e-16
94.200000 3.933159e+08 4.679123e+08 3.733637e+15 4.452599e+15 3.164954e+09 3.605597e-16
94.300000 3.932609e+08 4.678461e+08 3.737035e+15 4.456642e+15 3.157763e+09 3.599087e-16
94.400000 3.932061e+08 4.677799e+08 3.740433e+15 4.460684e+15 3.150596e+09 3.592596e-16
94.500000 3.931513e+08 4.677139e+08 3.743831e+15 4.464726e+15 3.143452e+09 3.586123e-16
94.600000 3.930965e+08 4.676479e+08 3.747227e+15 4.468767e+15 3.136333e+09 3.579669e-16
94.700000 3.930419e+08 4.675820e+08 3.750624e+15 4.472807e+15 3.129237e+09 3.573233e-16
94.800000 3.929873e+08 4.675161e+08 3.754020e+15 4.476847e+15 3.122164e+09 3.566815e-16
94.900000 3.929326e+08 4.674502e+08 3.757415e+15 4.480887e+15 3.115132e+09 3.560416e-16
95.000000 3.928772e+08 4.673836e+08 3.760810e+15 4.484926e+15 3.108183e+09 3.554067e-16
95.100000 3.928220e+08 4.673172e+08 3.764204e+15 4.488964e+15 3.101257e+09 3.547837e-16
95.200000 3.927668e+08 4.672508e+08 3.767598e+15 4.493001e+15 3.094354e+09 3.541624e-16
95.300000 3.927116e+08 4.671845e+08 3.770992e+15 4.497038e+15 3.087473e+09 3.535429e-16
95.400000 3.926566e+08 4.671182e+08 3.774385e+15 4.501075e+15 3.080615e+09 3.529251e-16
95.500000 3.926016e+08 4.670521e+08 3.777777e+15 4.505111e+15 3.073779e+09 3.523090e-16
95.600000 3.925466e+08 4.669860e+08 3.781170e+15 4.509146e+15 3.066965e+09 3.516946e-16
95.700000 3.924918e+08 4.669200e+08 3.784561e+15 4.513181e+15 3.060174e+09 3.510819e-16
95.800000 3.924370e+08 4.668541e+08 3.787952e+15 4.517215e+15 3.053404e+09 3.504710e-16
95.900000 3.923822e+08 4.667883e+08 3.791343e+15 4.521249e+15 3.046657e+09 3.498617e-16
96.000000 3.923281e+08 4.667231e+08 3.794733e+15 4.525282e+15 3.039883e+09 3.492541e-16
96.100000 3.922742e+08 4.666581e+08 3.798123e+15 4.529314e+15 3.033119e+09 3.486327e-16
96.200000 3.922204e+08 4.665933e+08 3.801512e+15 4.533346e+15 3.026378e+09 3.480117e-16
96.300000 3.921666e+08 4.665284e+08 3.804901e+15 4.537377e+15 3.019659e+09 3.473925e-16
96.400000 3.921129e+08 4.664637e+08 3.808289e+15 4.541408e+15 3.012961e+09 3.467750e-16
96.500000 3.920592e+08 4.663990e+08 3.811677e+15 4.545439e+15 3.006286e+09 3.461592e-16
96.600000 3.920056e+08 4.663345e+08 3.815064e+15 4.549468e+15 2.999631e+09 3.455452e-16
96.700000 3.919521e+08 4.662700e+08 3.818451e+15 4.553497e+15 2.992999e+09 3.449329e-16
96.800000 3.918987e+08 4.662055e+08 3.821838e+15 4.557526e+15 2.986388e+09 3.443222e-16
96.900000 3.918453e+08 4.661412e+08 3.825224e+15 4.561554e+15 2.979799e+09 3.437133e-16
97.000000 3.917921e+08 4.660770e+08 3.828609e+15 4.565581e+15 2.973220e+09 3.431061e-16
97.100000 3.917391e+08 4.660132e+08 3.831994e+15 4.569608e+15 2.966646e+09 3.424906e-16
97.200000 3.916862e+08 4.659494e+08 3.835379e+15 4.573635e+15 2.960093e+09 3.418698e-16
97.300000 3.916334e+08 4.658857e+08 3.838763e+15 4.577660e+15 2.953562e+09 3.412508e-16
97.400000 3.915806e+08 4.658220e+08 3.842147e+15 4.581686e+15 2.947051e+09 3.406336e-16
97.500000 3.915279e+08 4.657584e+08 3.845530e+15 4.585710e+15 2.940562e+09 3.400181e-16
97.600000 3.914753e+08 4.656949e+08 3.848913e+15 4.589735e+15 2.934094e+09 3.394043e-16
97.700000 3.914227e+08 4.656315e+08 3.852295e+15 4.593758e+15 2.927646e+09 3.387923e-16
97.800000 3.913702e+08 4.655682e+08 3.855677e+15 4.597781e+15 2.921219e+09 3.381819e-16
97.900000 3.913178e+08 4.655049e+08 3.859059e+15 4.601804e+15 2.914813e+09 3.375733e-16
98.000000 3.912654e+08 4.654417e+08 3.862440e+15 4.605826e+15 2.908427e+09 3.369664e-16
98.100000 3.912122e+08 4.653778e+08 3.865820e+15 4.609847e+15 2.902131e+09 3.363687e-16
98.200000 3.911591e+08 4.653138e+08 3.869200e+15 4.613868e+15 2.895859e+09 3.357956e-16
98.300000 3.911060e+08 4.652500e+08 3.872580e+15 4.617888e+15 2.889606e+09 3.352242e-16
98.400000 3.910530e+08 4.651862e+08 3.875959e+15 4.621908e+15 2.883373e+09 3.346542e-16
98.500000 3.910001e+08 4.651225e+08 3.879338e+15 4.625927e+15 2.877160e+09 3.340859e-16
98.600000 3.909472e+08 4.650589e+08 3.882716e+15 4.629946e+15 2.870967e+09 3.335190e-16
98.700000 3.908943e+08 4.649954e+08 3.886094e+15 4.633964e+15 2.864793e+09 3.329537e-16
98.800000 3.908416e+08 4.649319e+08 3.889471e+15 4.637982e+15 2.858638e+09 3.323899e-16
98.900000 3.907889e+08 4.648685e+08 3.892848e+15 4.641999e+15 2.852503e+09 3.318276e-16
99.000000 3.907362e+08 4.648052e+08 3.896224e+15 4.646015e+15 2.846388e+09 3.312669e-16
99.100000 3.906838e+08 4.647421e+08 3.899600e+15 4.650031e+15 2.840278e+09 3.307076e-16
99.200000 3.906319e+08 4.646795e+08 3.902976e+15 4.654046e+15 2.834151e+09 3.301408e-16
99.300000 3.905801e+08 4.646171e+08 3.906351e+15 4.658061e+15 2.828042e+09 3.295691e-16
99.400000 3.905283e+08 4.645547e+08 3.909726e+15 4.662075e+15 2.821953e+09 3.289989e-16
99.500000 3.904766e+08 4.644923e+08 3.913100e+15 4.666089e+15 2.815883e+09 3.284303e-16
99.600000 3.904250e+08 4.644301e+08 3.916473e+15 4.670102e+15 2.809832e+09 3.278632e-16
99.700000 3.903734e+08 4.643679e+08 3.919847e+15 4.674115e+15 2.803800e+09 3.272977e-16
99.800000 3.903218e+08 4.643058e+08 3.923220e+15 4.678127e+15 2.797787e+09 3.267337e-16
99.900000 3.902704e+08 4.642437e+08 3.926592e+15 4.682139e+15 2.791793e+09 3.261712e-16
100.000000 3.902189e+08 4.641818e+08 3.929964e+15 4.686150e+15 2.785818e+09 3.256103e-16
100.100000 3.901676e+08 4.641199e+08 3.933335e+15 4.690160e+15 2.779862e+09 3.250509e-16
100.200000 3.901166e+08 4.640584e+08 3.936706e+15 4.694170e+15 2.773898e+09 3.244930e-16
100.300000 3.900660e+08 4.639973e+08 3.940077e+15 4.698180e+15 2.767930e+09 3.239363e-16
100.400000 3.900154e+08 4.639362e+08 3.943447e+15 4.702189e+15 2.761981e+09 3.233812e-16
100.500000 3.899649e+08 4.638752e+08 3.946817e+15 4.706197e+15 2.756051e+09 3.228275e-16
100.600000 3.899145e+08 4.638143e+08 3.950186e+15 4.710205e+15 2.750139e+09 3.222753e-16
100.700000 3.898641e+08 4.637534e+08 3.953555e+15 4.714212e+15 2.744245e+09 3.217247e-16
100.800000 3.898138e+08 4.636927e+08 3.956923e+15 4.718219e+15 2.738369e+09 3.211755e-16
100.900000 3.897635e+08 4.636320e+08 3.960291e+15 4.722226e+15 2.732512e+09 3.206277e-16
101.000000 3.897133e+08 4.635713e+08 3.963659e+15 4.726231e+15 2.726673e+09 3.200815e-16
