1.000000 3.196190e+08 5.248008e+08 1.100000e+14 1.299936e+14 2.136557e+13 1.866092e-12
1.100000 3.807951e+08 5.613618e+08 1.127615e+14 1.345279e+14 3.400860e+13 1.768073e-12
1.200000 4.252200e+08 5.854818e+08 1.160516e+14 1.393780e+14 4.375070e+13 1.665395e-12
1.300000 4.566739e+08 6.003365e+08 1.197255e+14 1.444366e+14 5.008182e+13 1.560079e-12
1.400000 4.795034e+08 6.093588e+08 1.236711e+14 1.496235e+14 5.353615e+13 1.454317e-12
1.500000 4.958094e+08 6.142174e+08 1.278141e+14 1.548884e+14 5.478220e+13 1.356839e-12
1.600000 5.074518e+08 6.163506e+08 1.320978e+14 1.601952e+14 5.447357e+13 1.264828e-12
1.700000 5.157989e+08 6.168370e+08 1.364822e+14 1.655205e+14 5.309229e+13 1.180319e-12
1.800000 5.216705e+08 6.160423e+08 1.409387e+14 1.708499e+14 5.113209e+13 1.101099e-12
1.900000 5.258380e+08 6.145576e+08 1.454460e+14 1.761725e+14 4.880832e+13 1.029875e-12
2.000000 5.286690e+08 6.124947e+08 1.499892e+14 1.814823e+14 4.634851e+13 9.638070e-13
2.100000 5.305020e+08 6.100558e+08 1.545569e+14 1.867743e+14 4.386299e+13 9.033763e-13
2.200000 5.315742e+08 6.073764e+08 1.591404e+14 1.920452e+14 4.142152e+13 8.479903e-13
2.300000 5.321225e+08 6.045988e+08 1.637332e+14 1.972929e+14 3.905642e+13 7.977311e-13
2.400000 5.321944e+08 6.017350e+08 1.683308e+14 2.025166e+14 3.680268e+13 7.513393e-13
2.500000 5.319715e+08 5.989030e+08 1.729289e+14 2.077156e+14 3.465837e+13 7.087595e-13
2.600000 5.314327e+08 5.960990e+08 1.775252e+14 2.128901e+14 3.263396e+13 6.692255e-13
2.700000 5.306819e+08 5.933727e+08 1.821168e+14 2.180404e+14 3.072586e+13 6.331181e-13
2.800000 5.297534e+08 5.907684e+08 1.867018e+14 2.231672e+14 2.892506e+13 5.996172e-13
2.900000 5.286770e+08 5.883555e+08 1.912789e+14 2.282714e+14 2.721517e+13 5.687068e-13
3.000000 5.275716e+08 5.863490e+08 1.958467e+14 2.333548e+14 2.554924e+13 5.396286e-13
3.100000 5.262207e+08 5.848035e+08 2.004049e+14 2.384208e+14 2.391678e+13 5.133553e-13
3.200000 5.247334e+08 5.844362e+08 2.049514e+14 2.434736e+14 2.217977e+13 4.884342e-13
3.300000 5.229581e+08 5.860411e+08 2.094851e+14 2.485231e+14 2.020613e+13 4.653426e-13
3.400000 5.210485e+08 5.887251e+08 2.140035e+14 2.535865e+14 1.820090e+13 4.439554e-13
3.500000 5.193341e+08 5.909765e+08 2.185054e+14 2.586731e+14 1.644830e+13 4.239598e-13
3.600000 5.177313e+08 5.923345e+08 2.229924e+14 2.637791e+14 1.499892e+13 4.053503e-13
3.700000 5.162742e+08 5.931796e+08 2.274656e+14 2.688969e+14 1.375879e+13 3.879496e-13
3.800000 5.148486e+08 5.935157e+08 2.319262e+14 2.740219e+14 1.270132e+13 3.713046e-13
3.900000 5.135254e+08 5.936501e+08 2.363745e+14 2.791499e+14 1.176347e+13 3.559070e-13
4.000000 5.122125e+08 5.935092e+08 2.408114e+14 2.842791e+14 1.094048e+13 3.413543e-13
4.100000 5.109524e+08 5.932369e+08 2.452369e+14 2.894070e+14 1.020228e+13 3.278119e-13
4.200000 5.097380e+08 5.928633e+08 2.496515e+14 2.945325e+14 9.536354e+12 3.147506e-13
4.300000 5.085505e+08 5.923688e+08 2.540556e+14 2.996549e+14 8.937557e+12 3.027478e-13
4.400000 5.073770e+08 5.917514e+08 2.584495e+14 3.047729e+14 8.399150e+12 2.911383e-13
4.500000 5.062593e+08 5.911297e+08 2.628333e+14 3.098857e+14 7.902985e+12 2.802940e-13
4.600000 5.051698e+08 5.904732e+08 2.672073e+14 3.149930e+14 7.447867e+12 2.700111e-13
4.700000 5.040688e+08 5.897333e+08 2.715720e+14 3.200947e+14 7.034093e+12 2.602325e-13
4.800000 5.029938e+08 5.889747e+08 2.759272e+14 3.251900e+14 6.652356e+12 2.511463e-13
4.900000 5.020008e+08 5.882838e+08 2.802730e+14 3.302788e+14 6.292947e+12 2.422054e-13
5.000000 5.009605e+08 5.874801e+08 2.846103e+14 3.353615e+14 5.967753e+12 2.339312e-13
5.100000 4.999844e+08 5.867279e+08 2.889386e+14 3.404374e+14 5.661627e+12 2.260117e-13
5.200000 4.989897e+08 5.859143e+08 2.932585e+14 3.455067e+14 5.380944e+12 2.184279e-13
5.300000 4.980458e+08 5.851395e+08 2.975697e+14 3.505690e+14 5.116729e+12 2.112353e-13
5.400000 4.970809e+08 5.843082e+08 3.018729e+14 3.556246e+14 4.873854e+12 2.044568e-13
5.500000 4.961628e+08 5.835199e+08 3.061676e+14 3.606730e+14 4.644227e+12 1.978869e-13
5.600000 4.952732e+08 5.827480e+08 3.104545e+14 3.657146e+14 4.428538e+12 1.916420e-13
5.700000 4.943930e+08 5.819666e+08 3.147336e+14 3.707496e+14 4.227224e+12 1.856102e-13
5.800000 4.935143e+08 5.811674e+08 3.190052e+14 3.757778e+14 4.039612e+12 1.799603e-13
5.900000 4.926435e+08 5.803606e+08 3.232692e+14 3.807991e+14 3.864083e+12 1.745385e-13
6.000000 4.918161e+08 5.795944e+08 3.275256e+14 3.858134e+14 3.697221e+12 1.692809e-13
6.100000 4.909833e+08 5.788059e+08 3.317749e+14 3.908211e+14 3.541574e+12 1.641479e-13
6.200000 4.901755e+08 5.780360e+08 3.360170e+14 3.958219e+14 3.394312e+12 1.594397e-13
6.300000 4.893755e+08 5.772634e+08 3.402521e+14 4.008162e+14 3.255846e+12 1.547984e-13
6.400000 4.886034e+08 5.765147e+08 3.444803e+14 4.058037e+14 3.124340e+12 1.504185e-13
6.500000 4.878130e+08 5.757317e+08 3.487018e+14 4.107848e+14 3.001872e+12 1.461869e-13
6.600000 4.870483e+08 5.749716e+08 3.529166e+14 4.157591e+14 2.885356e+12 1.421007e-13
6.700000 4.863111e+08 5.742369e+08 3.571247e+14 4.207269e+14 2.774294e+12 1.382468e-13
6.800000 4.855615e+08 5.734774e+08 3.613264e+14 4.256883e+14 2.670348e+12 1.344426e-13
6.900000 4.848545e+08 5.727621e+08 3.655216e+14 4.306431e+14 2.570360e+12 1.307908e-13
7.000000 4.841482e+08 5.720401e+08 3.697108e+14 4.355918e+14 2.475995e+12 1.272875e-13
7.100000 4.834501e+08 5.713216e+08 3.738938e+14 4.405342e+14 2.386509e+12 1.239398e-13
7.200000 4.827626e+08 5.706100e+08 3.780708e+14 4.454705e+14 2.301472e+12 1.207207e-13
7.300000 4.820984e+08 5.699210e+08 3.822419e+14 4.504005e+14 2.220059e+12 1.176175e-13
7.400000 4.814296e+08 5.692209e+08 3.864072e+14 4.553246e+14 2.143187e+12 1.146047e-13
7.500000 4.807882e+08 5.685494e+08 3.905668e+14 4.602427e+14 2.069277e+12 1.117167e-13
7.600000 4.801557e+08 5.678837e+08 3.947208e+14 4.651550e+14 1.998879e+12 1.089132e-13
7.700000 4.795131e+08 5.672012e+08 3.988693e+14 4.700615e+14 1.932480e+12 1.062114e-13
7.800000 4.788983e+08 5.665482e+08 4.030123e+14 4.749621e+14 1.868442e+12 1.036291e-13
7.900000 4.782969e+08 5.659075e+08 4.071500e+14 4.798571e+14 1.807143e+12 1.010773e-13
8.000000 4.776841e+08 5.652492e+08 4.112825e+14 4.847465e+14 1.749276e+12 9.868760e-14
8.100000 4.770932e+08 5.646139e+08 4.154097e+14 4.896303e+14 1.693508e+12 9.634896e-14
8.200000 4.765179e+08 5.639940e+08 4.195318e+14 4.945085e+14 1.639935e+12 9.408100e-14
8.300000 4.759380e+08 5.633654e+08 4.236489e+14 4.993815e+14 1.589070e+12 9.187568e-14
8.400000 4.753767e+08 5.627565e+08 4.277610e+14 5.042489e+14 1.540027e+12 8.976297e-14
8.500000 4.748144e+08 5.621449e+08 4.318682e+14 5.091111e+14 1.493267e+12 8.769359e-14
8.600000 4.742675e+08 5.615489e+08 4.359706e+14 5.139681e+14 1.448225e+12 8.569509e-14
8.700000 4.737369e+08 5.609698e+08 4.400683e+14 5.188199e+14 1.404784e+12 8.376693e-14
8.800000 4.732013e+08 5.603824e+08 4.441614e+14 5.236666e+14 1.363447e+12 8.190235e-14
8.900000 4.726750e+08 5.598036e+08 4.482499e+14 5.285083e+14 1.323713e+12 8.007967e-14
9.000000 4.721642e+08 5.592410e+08 4.523338e+14 5.333450e+14 1.285335e+12 7.832161e-14
9.100000 4.716524e+08 5.586751e+08 4.564133e+14 5.381769e+14 1.248665e+12 7.661757e-14
9.200000 4.711575e+08 5.581273e+08 4.604883e+14 5.430038e+14 1.213164e+12 7.494845e-14
9.300000 4.706543e+08 5.575679e+08 4.645591e+14 5.478261e+14 1.179389e+12 7.333139e-14
9.400000 4.701733e+08 5.570328e+08 4.686256e+14 5.526435e+14 1.146524e+12 7.178168e-14
9.500000 4.696928e+08 5.564965e+08 4.726879e+14 5.574562e+14 1.115032e+12 7.027846e-14
9.600000 4.692151e+08 5.559621e+08 4.767460e+14 5.622643e+14 1.084785e+12 6.879216e-14
9.700000 4.687540e+08 5.554456e+08 4.808001e+14 5.670679e+14 1.055422e+12 6.735873e-14
9.800000 4.682845e+08 5.549179e+08 4.848501e+14 5.718669e+14 1.027438e+12 6.598536e-14
9.900000 4.678313e+08 5.544080e+08 4.888961e+14 5.766614e+14 1.000241e+12 6.463694e-14
10.000000 4.673936e+08 5.539146e+08 4.929381e+14 5.814515e+14 9.738181e+11 6.331326e-14
10.100000 4.669517e+08 5.534153e+08 4.969764e+14 5.862373e+14 9.485269e+11 6.204590e-14
10.200000 4.665124e+08 5.529179e+08 5.010109e+14 5.910188e+14 9.241787e+11 6.080300e-14
10.300000 4.660795e+08 5.524270e+08 5.050415e+14 5.957960e+14 9.006523e+11 5.959625e-14
10.400000 4.656572e+08 5.519474e+08 5.090685e+14 6.005690e+14 8.778346e+11 5.842801e-14
10.500000 4.652507e+08 5.514849e+08 5.130917e+14 6.053378e+14 8.556010e+11 5.728626e-14
10.600000 4.648346e+08 5.510107e+08 5.171115e+14 6.101026e+14 8.343804e+11 5.616182e-14
10.700000 4.644260e+08 5.505442e+08 5.211277e+14 6.148634e+14 8.138257e+11 5.507279e-14
10.800000 4.640206e+08 5.500805e+08 5.251403e+14 6.196201e+14 7.939816e+11 5.403107e-14
10.900000 4.636206e+08 5.496223e+08 5.291495e+14 6.243728e+14 7.747776e+11 5.299638e-14
11.000000 4.632284e+08 5.491724e+08 5.331551e+14 6.291215e+14 7.561474e+11 5.199074e-14
11.100000 4.628441e+08 5.487306e+08 5.371574e+14 6.338664e+14 7.380670e+11 5.102350e-14
11.200000 4.624574e+08 5.482856e+08 5.411564e+14 6.386074e+14 7.206728e+11 5.005432e-14
11.300000 4.620799e+08 5.478505e+08 5.451520e+14 6.433446e+14 7.037573e+11 4.914034e-14
11.400000 4.617085e+08 5.474216e+08 5.491444e+14 6.480780e+14 6.873474e+11 4.823522e-14
11.500000 4.613435e+08 5.469996e+08 5.531336e+14 6.528077e+14 6.714167e+11 4.734861e-14
11.600000 4.609848e+08 5.465841e+08 5.571196e+14 6.575338e+14 6.559508e+11 4.648823e-14
11.700000 4.606223e+08 5.461640e+08 5.611025e+14 6.622563e+14 6.410707e+11 4.565343e-14
11.800000 4.602750e+08 5.457605e+08 5.650823e+14 6.669752e+14 6.264880e+11 4.483003e-14
11.900000 4.599238e+08 5.453521e+08 5.690590e+14 6.716905e+14 6.124552e+11 4.403219e-14
12.000000 4.595703e+08 5.449410e+08 5.730328e+14 6.764024e+14 5.989231e+11 4.325749e-14
12.100000 4.592415e+08 5.445570e+08 5.770035e+14 6.811107e+14 5.855202e+11 4.249414e-14
12.200000 4.589082e+08 5.441678e+08 5.809713e+14 6.858156e+14 5.726187e+11 4.174131e-14
12.300000 4.585777e+08 5.437814e+08 5.849363e+14 6.905172e+14 5.601067e+11 4.101244e-14
12.400000 4.582499e+08 5.433976e+08 5.888984e+14 6.952155e+14 5.479710e+11 4.030631e-14
12.500000 4.579176e+08 5.430080e+08 5.928577e+14 6.999105e+14 5.362907e+11 3.961496e-14
12.600000 4.575893e+08 5.426222e+08 5.968141e+14 7.046021e+14 5.249409e+11 3.893966e-14
12.700000 4.572731e+08 5.422497e+08 6.007677e+14 7.092903e+14 5.138107e+11 3.827464e-14
12.800000 4.569739e+08 5.418960e+08 6.047185e+14 7.139753e+14 5.028367e+11 3.761701e-14
12.900000 4.566677e+08 5.415343e+08 6.086668e+14 7.186573e+14 4.922867e+11 3.698653e-14
13.000000 4.563582e+08 5.411688e+08 6.126124e+14 7.233362e+14 4.821031e+11 3.636944e-14
13.100000 4.560473e+08 5.408017e+08 6.165553e+14 7.280119e+14 4.722493e+11 3.576594e-14
13.200000 4.557401e+08 5.404385e+08 6.204955e+14 7.326844e+14 4.626592e+11 3.517727e-14
13.300000 4.554428e+08 5.400862e+08 6.244331e+14 7.373538e+14 4.532563e+11 3.460065e-14
13.400000 4.551536e+08 5.397427e+08 6.283682e+14 7.420201e+14 4.440539e+11 3.403550e-14
13.500000 4.548748e+08 5.394106e+08 6.323007e+14 7.466835e+14 4.350237e+11 3.347933e-14
13.600000 4.545917e+08 5.390738e+08 6.362308e+14 7.513440e+14 4.263059e+11 3.293925e-14
13.700000 4.543086e+08 5.387368e+08 6.401585e+14 7.560016e+14 4.178482e+11 3.241150e-14
13.800000 4.540263e+08 5.384006e+08 6.440837e+14 7.606563e+14 4.096321e+11 3.189251e-14
13.900000 4.537533e+08 5.380747e+08 6.480065e+14 7.653081e+14 4.015671e+11 3.138375e-14
14.000000 4.534823e+08 5.377509e+08 6.519269e+14 7.699571e+14 3.937190e+11 3.088513e-14
14.100000 4.532075e+08 5.374229e+08 6.558450e+14 7.746032e+14 3.861331e+11 3.039479e-14
14.200000 4.529472e+08 5.371108e+08 6.597607e+14 7.792466e+14 3.786333e+11 2.991856e-14
14.300000 4.526896e+08 5.368017e+08 6.636742e+14 7.838872e+14 3.713235e+11 2.945315e-14
14.400000 4.524173e+08 5.364764e+08 6.675854e+14 7.885252e+14 3.643506e+11 2.898992e-14
14.500000 4.521595e+08 5.361671e+08 6.714943e+14 7.931603e+14 3.574476e+11 2.854348e-14
14.600000 4.519109e+08 5.358677e+08 6.754010e+14 7.977928e+14 3.506609e+11 2.811175e-14
14.700000 4.516518e+08 5.355569e+08 6.793055e+14 8.024227e+14 3.441509e+11 2.767480e-14
14.800000 4.514000e+08 5.352541e+08 6.832078e+14 8.070499e+14 3.377601e+11 2.724831e-14
14.900000 4.511569e+08 5.349608e+08 6.871078e+14 8.116745e+14 3.314750e+11 2.683401e-14
15.000000 4.509107e+08 5.346643e+08 6.910058e+14 8.162966e+14 3.253851e+11 2.642753e-14
15.100000 4.506676e+08 5.343713e+08 6.949017e+14 8.209161e+14 3.194353e+11 2.602981e-14
15.200000 4.504361e+08 5.340909e+08 6.987955e+14 8.255330e+14 3.135570e+11 2.564462e-14
15.300000 4.501984e+08 5.338038e+08 7.026872e+14 8.301476e+14 3.078833e+11 2.526704e-14
15.400000 4.499561e+08 5.335119e+08 7.065770e+14 8.347596e+14 3.023954e+11 2.489677e-14
15.500000 4.497326e+08 5.332402e+08 7.104646e+14 8.393692e+14 2.969149e+11 2.452457e-14
15.600000 4.495081e+08 5.329677e+08 7.143503e+14 8.439764e+14 2.915853e+11 2.415764e-14
15.700000 4.492683e+08 5.326785e+08 7.182340e+14 8.485812e+14 2.865058e+11 2.380273e-14
15.800000 4.490394e+08 5.324012e+08 7.221157e+14 8.531836e+14 2.814811e+11 2.345705e-14
15.900000 4.488213e+08 5.321357e+08 7.259954e+14 8.577835e+14 2.765108e+11 2.312139e-14
16.000000 4.486088e+08 5.318763e+08 7.298732e+14 8.623812e+14 2.716311e+11 2.279199e-14
16.100000 4.483977e+08 5.316186e+08 7.337492e+14 8.669766e+14 2.668663e+11 2.246893e-14
16.200000 4.481730e+08 5.313460e+08 7.376234e+14 8.715698e+14 2.623145e+11 2.214743e-14
16.300000 4.479514e+08 5.310770e+08 7.414956e+14 8.761606e+14 2.578566e+11 2.183106e-14
16.400000 4.477350e+08 5.308137e+08 7.453659e+14 8.807491e+14 2.534775e+11 2.151665e-14
16.500000 4.475331e+08 5.305661e+08 7.492343e+14 8.853353e+14 2.491154e+11 2.121002e-14
16.600000 4.473440e+08 5.303324e+08 7.531010e+14 8.899194e+14 2.447818e+11 2.091170e-14
16.700000 4.471385e+08 5.300811e+08 7.569660e+14 8.945015e+14 2.406571e+11 2.061969e-14
16.800000 4.469290e+08 5.298256e+08 7.608293e+14 8.990814e+14 2.366588e+11 2.033371e-14
16.900000 4.467235e+08 5.295744e+08 7.646908e+14 9.036591e+14 2.327342e+11 2.004994e-14
17.000000 4.465203e+08 5.293258e+08 7.685505e+14 9.082346e+14 2.288917e+11 1.977071e-14
17.100000 4.463233e+08 5.290840e+08 7.724084e+14 9.128080e+14 2.251052e+11 1.950029e-14
17.200000 4.461284e+08 5.288445e+08 7.762646e+14 9.173793e+14 2.213988e+11 1.923442e-14
17.300000 4.459365e+08 5.286084e+08 7.801192e+14 9.219485e+14 2.177635e+11 1.896676e-14
17.400000 4.457467e+08 5.283745e+08 7.839721e+14 9.265157e+14 2.142036e+11 1.870647e-14
17.500000 4.455592e+08 5.281433e+08 7.878233e+14 9.310808e+14 2.107152e+11 1.845764e-14
17.600000 4.453763e+08 5.279172e+08 7.916730e+14 9.356440e+14 2.072841e+11 1.821033e-14
17.700000 4.451972e+08 5.276952e+08 7.955210e+14 9.402052e+14 2.039131e+11 1.796217e-14
17.800000 4.450101e+08 5.274647e+08 7.993675e+14 9.447645e+14 2.006636e+11 1.772109e-14
17.900000 4.448192e+08 5.272313e+08 8.032124e+14 9.493218e+14 1.975042e+11 1.748728e-14
18.000000 4.446376e+08 5.270082e+08 8.070556e+14 9.538770e+14 1.943687e+11 1.725507e-14
18.100000 4.444600e+08 5.267894e+08 8.108973e+14 9.584304e+14 1.912854e+11 1.702482e-14
18.200000 4.442929e+08 5.265818e+08 8.147374e+14 9.629818e+14 1.882202e+11 1.680014e-14
18.300000 4.441289e+08 5.263777e+08 8.185761e+14 9.675315e+14 1.852095e+11 1.658049e-14
18.400000 4.439512e+08 5.261590e+08 8.224134e+14 9.720794e+14 1.823351e+11 1.636179e-14
18.500000 4.437720e+08 5.259387e+08 8.262491e+14 9.766254e+14 1.795329e+11 1.614532e-14
18.600000 4.436008e+08 5.257271e+08 8.300833e+14 9.811695e+14 1.767557e+11 1.593619e-14
18.700000 4.434315e+08 5.255176e+08 8.339160e+14 9.857118e+14 1.740314e+11 1.573264e-14
18.800000 4.432657e+08 5.253119e+08 8.377473e+14 9.902523e+14 1.713516e+11 1.552810e-14
18.900000 4.431012e+08 5.251076e+08 8.415771e+14 9.947910e+14 1.687253e+11 1.532467e-14
19.000000 4.429246e+08 5.248905e+08 8.454055e+14 9.993279e+14 1.662122e+11 1.512979e-14
19.100000 4.427470e+08 5.246725e+08 8.492324e+14 1.003863e+15 1.637586e+11 1.494119e-14
19.200000 4.425938e+08 5.244806e+08 8.530577e+14 1.008396e+15 1.612500e+11 1.475209e-14
19.300000 4.424493e+08 5.242979e+08 8.568817e+14 1.012928e+15 1.587585e+11 1.456342e-14
19.400000 4.423110e+08 5.241220e+08 8.607045e+14 1.017458e+15 1.562944e+11 1.437714e-14
19.500000 4.421751e+08 5.239487e+08 8.645260e+14 1.021986e+15 1.538736e+11 1.419322e-14
19.600000 4.420088e+08 5.237431e+08 8.683464e+14 1.026513e+15 1.516333e+11 1.401487e-14
19.700000 4.418345e+08 5.235292e+08 8.721654e+14 1.031038e+15 1.494740e+11 1.384269e-14
19.800000 4.416883e+08 5.233453e+08 8.759828e+14 1.035561e+15 1.472445e+11 1.367282e-14
19.900000 4.415637e+08 5.231843e+08 8.797990e+14 1.040083e+15 1.449751e+11 1.350462e-14
20.000000 4.414184e+08 5.230014e+08 8.836141e+14 1.044603e+15 1.428369e+11 1.333773e-14
20.100000 4.412583e+08 5.228030e+08 8.874280e+14 1.049122e+15 1.408022e+11 1.316714e-14
20.200000 4.411006e+08 5.226072e+08 8.912405e+14 1.053639e+15 1.388004e+11 1.299998e-14
20.300000 4.409465e+08 5.224153e+08 8.950516e+14 1.058154e+15 1.368264e+11 1.284251e-14
20.400000 4.407938e+08 5.222249e+08 8.988614e+14 1.062668e+15 1.348878e+11 1.268767e-14
20.500000 4.406451e+08 5.220391e+08 9.026698e+14 1.067180e+15 1.329735e+11 1.253460e-14
20.600000 4.404973e+08 5.218541e+08 9.064770e+14 1.071691e+15 1.310955e+11 1.238397e-14
20.700000 4.403570e+08 5.216772e+08 9.102829e+14 1.076199e+15 1.292279e+11 1.223454e-14
20.800000 4.402180e+08 5.215017e+08 9.140876e+14 1.080707e+15 1.273940e+11 1.208705e-14
20.900000 4.400820e+08 5.213297e+08 9.178911e+14 1.085212e+15 1.255858e+11 1.194160e-14
21.000000 4.399478e+08 5.211595e+08 9.216934e+14 1.089717e+15 1.238084e+11 1.179812e-14
21.100000 4.398166e+08 5.209927e+08 9.254945e+14 1.094220e+15 1.220556e+11 1.165685e-14
21.200000 4.396886e+08 5.208294e+08 9.292945e+14 1.098721e+15 1.203269e+11 1.151741e-14
21.300000 4.395625e+08 5.206682e+08 9.330934e+14 1.103221e+15 1.186262e+11 1.138024e-14
21.400000 4.394405e+08 5.205113e+08 9.368913e+14 1.107719e+15 1.169456e+11 1.124350e-14
21.500000 4.393193e+08 5.203555e+08 9.406880e+14 1.112217e+15 1.152957e+11 1.110899e-14
21.600000 4.392029e+08 5.202048e+08 9.444837e+14 1.116713e+15 1.136624e+11 1.097943e-14
21.700000 4.390870e+08 5.200547e+08 9.482785e+14 1.121207e+15 1.120596e+11 1.085307e-14
21.800000 4.389468e+08 5.198791e+08 9.520722e+14 1.125700e+15 1.105673e+11 1.072741e-14
21.900000 4.388019e+08 5.196987e+08 9.558647e+14 1.130192e+15 1.091187e+11 1.060195e-14
22.000000 4.386721e+08 5.195343e+08 9.596559e+14 1.134682e+15 1.076502e+11 1.047819e-14
22.100000 4.385667e+08 5.193957e+08 9.634460e+14 1.139171e+15 1.061333e+11 1.035356e-14
22.200000 4.384575e+08 5.192533e+08 9.672353e+14 1.143659e+15 1.046575e+11 1.023092e-14
22.300000 4.383245e+08 5.190858e+08 9.710235e+14 1.148145e+15 1.032832e+11 1.011360e-14
22.400000 4.381922e+08 5.189192e+08 9.748107e+14 1.152630e+15 1.019330e+11 9.999253e-15
22.500000 4.380880e+08 5.187823e+08 9.785966e+14 1.157113e+15 1.005236e+11 9.885912e-15
22.600000 4.379964e+08 5.186587e+08 9.823817e+14 1.161596e+15 9.910398e+10 9.773039e-15
22.700000 4.378908e+08 5.185205e+08 9.861660e+14 1.166077e+15 9.775253e+10 9.661904e-15
22.800000 4.377691e+08 5.183655e+08 9.899494e+14 1.170557e+15 9.647326e+10 9.551774e-15
22.900000 4.376480e+08 5.182112e+08 9.937317e+14 1.175036e+15 9.521606e+10 9.443316e-15
23.000000 4.375323e+08 5.180627e+08 9.975130e+14 1.179513e+15 9.396682e+10 9.338607e-15
23.100000 4.374172e+08 5.179149e+08 1.001293e+15 1.183989e+15 9.273922e+10 9.237097e-15
23.200000 4.373040e+08 5.177693e+08 1.005073e+15 1.188464e+15 9.152895e+10 9.136948e-15
23.300000 4.371924e+08 5.176254e+08 1.008851e+15 1.192937e+15 9.033642e+10 9.030909e-15
23.400000 4.370820e+08 5.174829e+08 1.012628e+15 1.197410e+15 8.916274e+10 8.926517e-15
23.500000 4.369780e+08 5.173472e+08 1.016405e+15 1.201881e+15 8.799312e+10 8.822656e-15
23.600000 4.368745e+08 5.172121e+08 1.020180e+15 1.206351e+15 8.684365e+10 8.719798e-15
23.700000 4.367741e+08 5.170804e+08 1.023955e+15 1.210819e+15 8.570681e+10 8.620890e-15
23.800000 4.366757e+08 5.169509e+08 1.027728e+15 1.215287e+15 8.458539e+10 8.530347e-15
23.900000 4.365734e+08 5.168173e+08 1.031501e+15 1.219753e+15 8.349458e+10 8.441102e-15
24.000000 4.364497e+08 5.166616e+08 1.035273e+15 1.224219e+15 8.247766e+10 8.346594e-15
24.100000 4.363266e+08 5.165065e+08 1.039044e+15 1.228683e+15 8.147726e+10 8.249259e-15
24.200000 4.362203e+08 5.163691e+08 1.042814e+15 1.233145e+15 8.045253e+10 8.155199e-15
24.300000 4.361319e+08 5.162506e+08 1.046583e+15 1.237607e+15 7.940168e+10 8.068903e-15
24.400000 4.360435e+08 5.161321e+08 1.050351e+15 1.242067e+15 7.836951e+10 7.983842e-15
24.500000 4.359337e+08 5.159914e+08 1.054119e+15 1.246526e+15 7.740745e+10 7.899481e-15
24.600000 4.358244e+08 5.158514e+08 1.057885e+15 1.250985e+15 7.646101e+10 7.815934e-15
24.700000 4.357249e+08 5.157219e+08 1.061651e+15 1.255441e+15 7.550727e+10 7.733583e-15
24.800000 4.356452e+08 5.156139e+08 1.065415e+15 1.259897e+15 7.452251e+10 7.651661e-15
24.900000 4.355657e+08 5.155063e+08 1.069179e+15 1.264352e+15 7.355441e+10 7.570831e-15
25.000000 4.354675e+08 5.153791e+08 1.072943e+15 1.268806e+15 7.264650e+10 7.490771e-15
25.100000 4.353665e+08 5.152491e+08 1.076705e+15 1.273259e+15 7.176069e+10 7.410732e-15
25.200000 4.352667e+08 5.151204e+08 1.080467e+15 1.277711e+15 7.088729e+10 7.331842e-15
25.300000 4.351716e+08 5.149968e+08 1.084227e+15 1.282161e+15 7.001838e+10 7.253670e-15
25.400000 4.350769e+08 5.148736e+08 1.087987e+15 1.286611e+15 6.916346e+10 7.176338e-15
25.500000 4.349837e+08 5.147521e+08 1.091746e+15 1.291060e+15 6.831972e+10 7.100109e-15
25.600000 4.348923e+08 5.146325e+08 1.095504e+15 1.295507e+15 6.748660e+10 7.024051e-15
25.700000 4.348013e+08 5.145134e+08 1.099262e+15 1.299953e+15 6.666680e+10 6.949015e-15
25.800000 4.347142e+08 5.143985e+08 1.103019e+15 1.304399e+15 6.585251e+10 6.874799e-15
25.900000 4.346285e+08 5.142852e+08 1.106775e+15 1.308843e+15 6.504893e+10 6.800979e-15
26.000000 4.345433e+08 5.141724e+08 1.110530e+15 1.313287e+15 6.425790e+10 6.728212e-15
26.100000 4.344602e+08 5.140619e+08 1.114284e+15 1.317729e+15 6.347577e+10 6.655967e-15
26.200000 4.343774e+08 5.139518e+08 1.118038e+15 1.322171e+15 6.270605e+10 6.584424e-15
26.300000 4.342974e+08 5.138447e+08 1.121791e+15 1.326611e+15 6.194352e+10 6.513900e-15
26.400000 4.342221e+08 5.137425e+08 1.125543e+15 1.331051e+15 6.118442e+10 6.449628e-15
26.500000 4.341470e+08 5.136407e+08 1.129295e+15 1.335489e+15 6.043738e+10 6.386518e-15
26.600000 4.340580e+08 5.135245e+08 1.133046e+15 1.339927e+15 5.973010e+10 6.324157e-15
26.700000 4.339620e+08 5.134011e+08 1.136796e+15 1.344364e+15 5.904790e+10 6.255869e-15
26.800000 4.338664e+08 5.132782e+08 1.140546e+15 1.348800e+15 5.837598e+10 6.188553e-15
26.900000 4.337906e+08 5.131759e+08 1.144294e+15 1.353235e+15 5.767718e+10 6.123937e-15
27.000000 4.337223e+08 5.130815e+08 1.148042e+15 1.357669e+15 5.697574e+10 6.063480e-15
27.100000 4.336538e+08 5.129870e+08 1.151790e+15 1.362102e+15 5.628603e+10 6.003824e-15
27.200000 4.335693e+08 5.128759e+08 1.155536e+15 1.366534e+15 5.563727e+10 5.942149e-15
27.300000 4.334851e+08 5.127653e+08 1.159282e+15 1.370965e+15 5.499830e+10 5.877332e-15
27.400000 4.334012e+08 5.126551e+08 1.163028e+15 1.375395e+15 5.436882e+10 5.813440e-15
27.500000 4.333184e+08 5.125460e+08 1.166772e+15 1.379825e+15 5.374764e+10 5.754301e-15
27.600000 4.332358e+08 5.124373e+08 1.170516e+15 1.384253e+15 5.313574e+10 5.697295e-15
27.700000 4.331545e+08 5.123300e+08 1.174259e+15 1.388681e+15 5.253140e+10 5.641044e-15
27.800000 4.330783e+08 5.122281e+08 1.178002e+15 1.393107e+15 5.192758e+10 5.584891e-15
27.900000 4.330024e+08 5.121265e+08 1.181744e+15 1.397533e+15 5.133278e+10 5.529326e-15
28.000000 4.329275e+08 5.120260e+08 1.185485e+15 1.401957e+15 5.074579e+10 5.474496e-15
28.100000 4.328550e+08 5.119282e+08 1.189225e+15 1.406381e+15 5.016369e+10 5.420041e-15
28.200000 4.327828e+08 5.118308e+08 1.192965e+15 1.410804e+15 4.959026e+10 5.366251e-15
28.300000 4.327117e+08 5.117344e+08 1.196704e+15 1.415227e+15 4.902414e+10 5.313168e-15
28.400000 4.326426e+08 5.116404e+08 1.200443e+15 1.419648e+15 4.846331e+10 5.259838e-15
28.500000 4.325738e+08 5.115467e+08 1.204181e+15 1.424069e+15 4.791079e+10 5.207134e-15
28.600000 4.325070e+08 5.114552e+08 1.207918e+15 1.428488e+15 4.736355e+10 5.155128e-15
28.700000 4.324440e+08 5.113675e+08 1.211655e+15 1.432907e+15 4.681886e+10 5.103172e-15
28.800000 4.323811e+08 5.112798e+08 1.215392e+15 1.437326e+15 4.628256e+10 5.051890e-15
28.900000 4.323194e+08 5.111934e+08 1.219127e+15 1.441743e+15 4.575282e+10 5.001420e-15
29.000000 4.322591e+08 5.111086e+08 1.222863e+15 1.446160e+15 4.522884e+10 4.955375e-15
29.100000 4.321991e+08 5.110242e+08 1.226597e+15 1.450576e+15 4.471258e+10 4.909899e-15
29.200000 4.321327e+08 5.109333e+08 1.230331e+15 1.454991e+15 4.421387e+10 4.864983e-15
29.300000 4.320587e+08 5.108345e+08 1.234065e+15 1.459405e+15 4.373435e+10 4.816594e-15
29.400000 4.319850e+08 5.107362e+08 1.237798e+15 1.463819e+15 4.326161e+10 4.767971e-15
29.500000 4.319174e+08 5.106442e+08 1.241530e+15 1.468232e+15 4.278679e+10 4.719992e-15
29.600000 4.318650e+08 5.105682e+08 1.245262e+15 1.472644e+15 4.229645e+10 4.675388e-15
29.700000 4.318129e+08 5.104923e+08 1.248994e+15 1.477055e+15 4.181330e+10 4.631733e-15
29.800000 4.317560e+08 5.104117e+08 1.252724e+15 1.481466e+15 4.134429e+10 4.588619e-15
29.900000 4.316895e+08 5.103213e+08 1.256455e+15 1.485876e+15 4.089608e+10 4.543418e-15
30.000000 4.316233e+08 5.102312e+08 1.260185e+15 1.490285e+15 4.045417e+10 4.497456e-15
30.100000 4.315575e+08 5.101417e+08 1.263914e+15 1.494693e+15 4.001818e+10 4.452100e-15
30.200000 4.314929e+08 5.100535e+08 1.267642e+15 1.499101e+15 3.958689e+10 4.409482e-15
30.300000 4.314285e+08 5.099656e+08 1.271371e+15 1.503508e+15 3.916161e+10 4.368273e-15
30.400000 4.313644e+08 5.098780e+08 1.275098e+15 1.507914e+15 3.874225e+10 4.327574e-15
30.500000 4.313075e+08 5.097980e+08 1.278825e+15 1.512319e+15 3.831903e+10 4.287048e-15
30.600000 4.312510e+08 5.097184e+08 1.282552e+15 1.516724e+15 3.790157e+10 4.246683e-15
30.700000 4.311946e+08 5.096391e+08 1.286278e+15 1.521128e+15 3.748994e+10 4.206818e-15
30.800000 4.311391e+08 5.095607e+08 1.290003e+15 1.525531e+15 3.708324e+10 4.167360e-15
30.900000 4.310839e+08 5.094828e+08 1.293728e+15 1.529934e+15 3.668200e+10 4.128156e-15
31.000000 4.310289e+08 5.094051e+08 1.297453e+15 1.534336e+15 3.628634e+10 4.089437e-15
31.100000 4.309763e+08 5.093300e+08 1.301177e+15 1.538737e+15 3.589316e+10 4.051167e-15
31.200000 4.309253e+08 5.092566e+08 1.304900e+15 1.543138e+15 3.550365e+10 4.012812e-15
31.300000 4.308745e+08 5.091835e+08 1.308624e+15 1.547537e+15 3.511954e+10 3.974933e-15
31.400000 4.308167e+08 5.091033e+08 1.312346e+15 1.551937e+15 3.474974e+10 3.937521e-15
31.500000 4.307501e+08 5.090141e+08 1.316069e+15 1.556335e+15 3.439626e+10 3.900379e-15
31.600000 4.306837e+08 5.089252e+08 1.319790e+15 1.560733e+15 3.404745e+10 3.863655e-15
31.700000 4.306183e+08 5.088374e+08 1.323511e+15 1.565130e+15 3.370240e+10 3.827385e-15
31.800000 4.305751e+08 5.087725e+08 1.327232e+15 1.569527e+15 3.333488e+10 3.791072e-15
31.900000 4.305321e+08 5.087079e+08 1.330952e+15 1.573923e+15 3.297246e+10 3.754884e-15
32.000000 4.304892e+08 5.086435e+08 1.334672e+15 1.578318e+15 3.261505e+10 3.719144e-15
32.100000 4.304353e+08 5.085678e+08 1.338391e+15 1.582713e+15 3.227580e+10 3.684795e-15
32.200000 4.303795e+08 5.084903e+08 1.342110e+15 1.587107e+15 3.194350e+10 3.652431e-15
32.300000 4.303239e+08 5.084131e+08 1.345829e+15 1.591500e+15 3.161560e+10 3.620444e-15
32.400000 4.302768e+08 5.083446e+08 1.349547e+15 1.595893e+15 3.128241e+10 3.588829e-15
32.500000 4.302407e+08 5.082876e+08 1.353264e+15 1.600285e+15 3.094114e+10 3.554918e-15
32.600000 4.302047e+08 5.082307e+08 1.356982e+15 1.604676e+15 3.060459e+10 3.521057e-15
32.700000 4.301655e+08 5.081706e+08 1.360699e+15 1.609067e+15 3.027637e+10 3.487613e-15
32.800000 4.301162e+08 5.081002e+08 1.364415e+15 1.613458e+15 2.996405e+10 3.455789e-15
32.900000 4.300671e+08 5.080301e+08 1.368131e+15 1.617848e+15 2.965586e+10 3.424989e-15
33.000000 4.300181e+08 5.079602e+08 1.371847e+15 1.622237e+15 2.935172e+10 3.394551e-15
33.100000 4.299713e+08 5.078925e+08 1.375563e+15 1.626626e+15 2.904947e+10 3.364455e-15
33.200000 4.299251e+08 5.078253e+08 1.379278e+15 1.631014e+15 2.875082e+10 3.334647e-15
33.300000 4.298790e+08 5.077583e+08 1.382992e+15 1.635402e+15 2.845609e+10 3.305185e-15
33.400000 4.298282e+08 5.076866e+08 1.386706e+15 1.639789e+15 2.817037e+10 3.276065e-15
33.500000 4.297706e+08 5.076080e+08 1.390420e+15 1.644175e+15 2.789573e+10 3.246885e-15
33.600000 4.297132e+08 5.075296e+08 1.394133e+15 1.648561e+15 2.762456e+10 3.217837e-15
33.700000 4.296560e+08 5.074516e+08 1.397846e+15 1.652946e+15 2.735679e+10 3.189128e-15
33.800000 4.296139e+08 5.073891e+08 1.401558e+15 1.657331e+15 2.707683e+10 3.160710e-15
33.900000 4.295768e+08 5.073317e+08 1.405270e+15 1.661714e+15 2.679566e+10 3.132370e-15
34.000000 4.295397e+08 5.072745e+08 1.408982e+15 1.666098e+15 2.651818e+10 3.104360e-15
34.100000 4.295034e+08 5.072182e+08 1.412693e+15 1.670481e+15 2.624369e+10 3.076675e-15
34.200000 4.294684e+08 5.071633e+08 1.416404e+15 1.674863e+15 2.597152e+10 3.049142e-15
34.300000 4.294335e+08 5.071085e+08 1.420114e+15 1.679245e+15 2.570292e+10 3.021838e-15
34.400000 4.293987e+08 5.070539e+08 1.423825e+15 1.683626e+15 2.543784e+10 2.994850e-15
34.500000 4.293527e+08 5.069880e+08 1.427535e+15 1.688007e+15 2.518721e+10 2.968100e-15
34.600000 4.293058e+08 5.069212e+08 1.431244e+15 1.692388e+15 2.494076e+10 2.941218e-15
34.700000 4.292591e+08 5.068546e+08 1.434953e+15 1.696767e+15 2.469740e+10 2.914652e-15
34.800000 4.292128e+08 5.067885e+08 1.438662e+15 1.701147e+15 2.445676e+10 2.888396e-15
34.900000 4.291676e+08 5.067237e+08 1.442371e+15 1.705525e+15 2.421820e+10 2.862313e-15
35.000000 4.291226e+08 5.066591e+08 1.446079e+15 1.709903e+15 2.398262e+10 2.836460e-15
35.100000 4.290777e+08 5.065947e+08 1.449786e+15 1.714281e+15 2.374997e+10 2.810909e-15
35.200000 4.290359e+08 5.065336e+08 1.453493e+15 1.718658e+15 2.351736e+10 2.785835e-15
35.300000 4.289963e+08 5.064747e+08 1.457200e+15 1.723034e+15 2.328585e+10 2.762212e-15
35.400000 4.289568e+08 5.064160e+08 1.460907e+15 1.727410e+15 2.305723e+10 2.738850e-15
35.500000 4.289174e+08 5.063575e+08 1.464613e+15 1.731786e+15 2.283147e+10 2.715746e-15
35.600000 4.288830e+08 5.063042e+08 1.468319e+15 1.736161e+15 2.260417e+10 2.692217e-15
35.700000 4.288489e+08 5.062512e+08 1.472024e+15 1.740535e+15 2.237951e+10 2.667736e-15
35.800000 4.288148e+08 5.061984e+08 1.475730e+15 1.744909e+15 2.215767e+10 2.643540e-15
35.900000 4.287811e+08 5.061460e+08 1.479435e+15 1.749283e+15 2.193840e+10 2.619625e-15
36.000000 4.287481e+08 5.060944e+08 1.483139e+15 1.753656e+15 2.172137e+10 2.597086e-15
36.100000 4.287151e+08 5.060429e+08 1.486844e+15 1.758028e+15 2.150705e+10 2.574994e-15
36.200000 4.286822e+08 5.059916e+08 1.490548e+15 1.762401e+15 2.129540e+10 2.553147e-15
36.300000 4.286497e+08 5.059406e+08 1.494252e+15 1.766772e+15 2.108616e+10 2.531533e-15
36.400000 4.286174e+08 5.058900e+08 1.497955e+15 1.771144e+15 2.087939e+10 2.510062e-15
36.500000 4.285851e+08 5.058395e+08 1.501658e+15 1.775515e+15 2.067519e+10 2.488827e-15
36.600000 4.285530e+08 5.057892e+08 1.505361e+15 1.779885e+15 2.047350e+10 2.467826e-15
36.700000 4.285135e+08 5.057315e+08 1.509064e+15 1.784255e+15 2.028036e+10 2.446878e-15
36.800000 4.284740e+08 5.056737e+08 1.512766e+15 1.788625e+15 2.008970e+10 2.425730e-15
36.900000 4.284346e+08 5.056162e+08 1.516468e+15 1.792994e+15 1.990133e+10 2.404818e-15
37.000000 4.283966e+08 5.055602e+08 1.520170e+15 1.797362e+15 1.971409e+10 2.384138e-15
37.100000 4.283739e+08 5.055199e+08 1.523872e+15 1.801730e+15 1.951699e+10 2.363656e-15
37.200000 4.283513e+08 5.054796e+08 1.527573e+15 1.806098e+15 1.932234e+10 2.343368e-15
37.300000 4.283287e+08 5.054395e+08 1.531274e+15 1.810465e+15 1.913013e+10 2.323304e-15
37.400000 4.283010e+08 5.053943e+08 1.534974e+15 1.814832e+15 1.894431e+10 2.303461e-15
37.500000 4.282662e+08 5.053419e+08 1.538675e+15 1.819199e+15 1.876626e+10 2.283621e-15
37.600000 4.282316e+08 5.052896e+08 1.542375e+15 1.823565e+15 1.859033e+10 2.263919e-15
37.700000 4.281970e+08 5.052376e+08 1.546075e+15 1.827931e+15 1.841650e+10 2.244435e-15
37.800000 4.281646e+08 5.051878e+08 1.549775e+15 1.832296e+15 1.824312e+10 2.225167e-15
37.900000 4.281342e+08 5.051401e+08 1.553474e+15 1.836661e+15 1.807039e+10 2.207289e-15
38.000000 4.281039e+08 5.050925e+08 1.557173e+15 1.841025e+15 1.789973e+10 2.189675e-15
38.100000 4.280737e+08 5.050451e+08 1.560872e+15 1.845389e+15 1.773110e+10 2.172243e-15
38.200000 4.280460e+08 5.050003e+08 1.564570e+15 1.849753e+15 1.756263e+10 2.154992e-15
38.300000 4.280199e+08 5.049572e+08 1.568269e+15 1.854116e+15 1.739510e+10 2.136392e-15
38.400000 4.279938e+08 5.049142e+08 1.571967e+15 1.858479e+15 1.722958e+10 2.117799e-15
38.500000 4.279678e+08 5.048713e+08 1.575665e+15 1.862841e+15 1.706604e+10 2.099411e-15
38.600000 4.279333e+08 5.048199e+08 1.579362e+15 1.867203e+15 1.691046e+10 2.081323e-15
38.700000 4.278960e+08 5.047656e+08 1.583060e+15 1.871565e+15 1.675884e+10 2.064309e-15
38.800000 4.278587e+08 5.047114e+08 1.586757e+15 1.875926e+15 1.660895e+10 2.047474e-15
38.900000 4.278215e+08 5.046574e+08 1.590453e+15 1.880287e+15 1.646077e+10 2.030817e-15
39.000000 4.277960e+08 5.046153e+08 1.594150e+15 1.884647e+15 1.630627e+10 2.014279e-15
39.100000 4.277780e+08 5.045810e+08 1.597846e+15 1.889007e+15 1.614847e+10 1.996592e-15
39.200000 4.277600e+08 5.045467e+08 1.601542e+15 1.893367e+15 1.599257e+10 1.979100e-15
39.300000 4.277420e+08 5.045125e+08 1.605238e+15 1.897726e+15 1.583854e+10 1.961803e-15
39.400000 4.277156e+08 5.044697e+08 1.608934e+15 1.902085e+15 1.569205e+10 1.944937e-15
39.500000 4.276858e+08 5.044235e+08 1.612629e+15 1.906443e+15 1.554958e+10 1.928957e-15
39.600000 4.276560e+08 5.043775e+08 1.616324e+15 1.910802e+15 1.540874e+10 1.913147e-15
39.700000 4.276263e+08 5.043316e+08 1.620019e+15 1.915160e+15 1.526951e+10 1.897502e-15
39.800000 4.275968e+08 5.042859e+08 1.623714e+15 1.919517e+15 1.513180e+10 1.881989e-15
39.900000 4.275674e+08 5.042405e+08 1.627408e+15 1.923874e+15 1.499560e+10 1.866504e-15
40.000000 4.275381e+08 5.041951e+08 1.631102e+15 1.928231e+15 1.486095e+10 1.851182e-15
40.100000 4.275089e+08 5.041499e+08 1.634796e+15 1.932587e+15 1.472782e+10 1.836021e-15
40.200000 4.274866e+08 5.041119e+08 1.638490e+15 1.936943e+15 1.459181e+10 1.821124e-15
40.300000 4.274730e+08 5.040827e+08 1.642184e+15 1.941298e+15 1.445198e+10 1.807061e-15
40.400000 4.274594e+08 5.040535e+08 1.645877e+15 1.945654e+15 1.431381e+10 1.793138e-15
40.500000 4.274458e+08 5.040245e+08 1.649570e+15 1.950009e+15 1.417727e+10 1.779354e-15
40.600000 4.274228e+08 5.039858e+08 1.653263e+15 1.954363e+15 1.404815e+10 1.765706e-15
40.700000 4.273918e+08 5.039393e+08 1.656956e+15 1.958718e+15 1.392535e+10 1.751170e-15
40.800000 4.273610e+08 5.038928e+08 1.660649e+15 1.963072e+15 1.380391e+10 1.736534e-15
40.900000 4.273302e+08 5.038465e+08 1.664341e+15 1.967425e+15 1.368380e+10 1.722053e-15
41.000000 4.273016e+08 5.038024e+08 1.668033e+15 1.971779e+15 1.356379e+10 1.707726e-15
41.100000 4.272825e+08 5.037681e+08 1.671725e+15 1.976131e+15 1.343948e+10 1.693461e-15
41.200000 4.272634e+08 5.037338e+08 1.675417e+15 1.980484e+15 1.331659e+10 1.679315e-15
41.300000 4.272444e+08 5.036997e+08 1.679109e+15 1.984836e+15 1.319511e+10 1.665319e-15
41.400000 4.272254e+08 5.036656e+08 1.682800e+15 1.989188e+15 1.307495e+10 1.651471e-15
41.500000 4.272085e+08 5.036337e+08 1.686491e+15 1.993540e+15 1.295504e+10 1.638279e-15
41.600000 4.271915e+08 5.036018e+08 1.690182e+15 1.997891e+15 1.283650e+10 1.625465e-15
41.700000 4.271746e+08 5.035700e+08 1.693873e+15 2.002242e+15 1.271931e+10 1.612779e-15
41.800000 4.271577e+08 5.035383e+08 1.697564e+15 2.006593e+15 1.260345e+10 1.600221e-15
41.900000 4.271351e+08 5.035008e+08 1.701255e+15 2.010944e+15 1.249211e+10 1.587761e-15
42.000000 4.271120e+08 5.034629e+08 1.704945e+15 2.015294e+15 1.238233e+10 1.575374e-15
42.100000 4.270889e+08 5.034250e+08 1.708635e+15 2.019644e+15 1.227376e+10 1.563111e-15
42.200000 4.270658e+08 5.033873e+08 1.712325e+15 2.023994e+15 1.216639e+10 1.550971e-15
42.300000 4.270440e+08 5.033508e+08 1.716015e+15 2.028343e+15 1.205953e+10 1.538949e-15
42.400000 4.270233e+08 5.033155e+08 1.719705e+15 2.032692e+15 1.195331e+10 1.526756e-15
42.500000 4.270026e+08 5.032803e+08 1.723394e+15 2.037040e+15 1.184825e+10 1.514686e-15
42.600000 4.269820e+08 5.032452e+08 1.727084e+15 2.041389e+15 1.174434e+10 1.502737e-15
42.700000 4.269617e+08 5.032105e+08 1.730773e+15 2.045737e+15 1.164140e+10 1.490909e-15
42.800000 4.269431e+08 5.031776e+08 1.734462e+15 2.050085e+15 1.153869e+10 1.479006e-15
42.900000 4.269246e+08 5.031448e+08 1.738151e+15 2.054432e+15 1.143712e+10 1.467129e-15
43.000000 4.269061e+08 5.031120e+08 1.741839e+15 2.058779e+15 1.133666e+10 1.455372e-15
43.100000 4.268876e+08 5.030793e+08 1.745528e+15 2.063126e+15 1.123730e+10 1.443735e-15
43.200000 4.268716e+08 5.030492e+08 1.749216e+15 2.067473e+15 1.113779e+10 1.432200e-15
43.300000 4.268562e+08 5.030198e+08 1.752904e+15 2.071819e+15 1.103906e+10 1.420752e-15
43.400000 4.268408e+08 5.029904e+08 1.756592e+15 2.076165e+15 1.094142e+10 1.409420e-15
43.500000 4.268255e+08 5.029611e+08 1.760280e+15 2.080511e+15 1.084485e+10 1.398202e-15
43.600000 4.268109e+08 5.029326e+08 1.763968e+15 2.084857e+15 1.074898e+10 1.387096e-15
43.700000 4.267972e+08 5.029051e+08 1.767655e+15 2.089202e+15 1.065369e+10 1.376081e-15
43.800000 4.267836e+08 5.028777e+08 1.771343e+15 2.093547e+15 1.055945e+10 1.365176e-15
43.900000 4.267700e+08 5.028504e+08 1.775030e+15 2.097892e+15 1.046623e+10 1.354380e-15
44.000000 4.267560e+08 5.028227e+08 1.778718e+15 2.102237e+15 1.037420e+10 1.343692e-15
44.100000 4.267363e+08 5.027893e+08 1.782405e+15 2.106581e+15 1.028596e+10 1.333368e-15
44.200000 4.267167e+08 5.027560e+08 1.786092e+15 2.110925e+15 1.019866e+10 1.323281e-15
44.300000 4.266970e+08 5.027227e+08 1.789779e+15 2.115269e+15 1.011228e+10 1.313291e-15
44.400000 4.266774e+08 5.026895e+08 1.793465e+15 2.119612e+15 1.002682e+10 1.303397e-15
44.500000 4.266627e+08 5.026613e+08 1.797152e+15 2.123956e+15 9.940001e+09 1.293563e-15
44.600000 4.266538e+08 5.026391e+08 1.800838e+15 2.128299e+15 9.851385e+09 1.283023e-15
44.700000 4.266450e+08 5.026170e+08 1.804525e+15 2.132641e+15 9.763741e+09 1.272589e-15
44.800000 4.266361e+08 5.025949e+08 1.808211e+15 2.136984e+15 9.677057e+09 1.262262e-15
44.900000 4.266268e+08 5.025723e+08 1.811897e+15 2.141326e+15 9.591520e+09 1.252039e-15
45.000000 4.266121e+08 5.025445e+08 1.815583e+15 2.145669e+15 9.509332e+09 1.242343e-15
45.100000 4.265975e+08 5.025166e+08 1.819269e+15 2.150011e+15 9.428018e+09 1.232921e-15
45.200000 4.265829e+08 5.024889e+08 1.822955e+15 2.154352e+15 9.347568e+09 1.223589e-15
45.300000 4.265683e+08 5.024612e+08 1.826640e+15 2.158694e+15 9.267969e+09 1.214348e-15
45.400000 4.265544e+08 5.024343e+08 1.830326e+15 2.163035e+15 9.188897e+09 1.205177e-15
45.500000 4.265414e+08 5.024083e+08 1.834011e+15 2.167376e+15 9.110306e+09 1.195920e-15
45.600000 4.265283e+08 5.023824e+08 1.837697e+15 2.171717e+15 9.032549e+09 1.186752e-15
45.700000 4.265153e+08 5.023565e+08 1.841382e+15 2.176058e+15 8.955613e+09 1.177673e-15
45.800000 4.265023e+08 5.023306e+08 1.845067e+15 2.180398e+15 8.879489e+09 1.168682e-15
45.900000 4.264916e+08 5.023072e+08 1.848752e+15 2.184738e+15 8.803188e+09 1.159689e-15
46.000000 4.264813e+08 5.022841e+08 1.852437e+15 2.189078e+15 8.727540e+09 1.150686e-15
46.100000 4.264710e+08 5.022611e+08 1.856122e+15 2.193418e+15 8.652695e+09 1.141772e-15
46.200000 4.264607e+08 5.022382e+08 1.859806e+15 2.197757e+15 8.578642e+09 1.132944e-15
46.300000 4.264490e+08 5.022139e+08 1.863491e+15 2.202097e+15 8.505946e+09 1.124201e-15
46.400000 4.264332e+08 5.021855e+08 1.867175e+15 2.206436e+15 8.435697e+09 1.115992e-15
46.500000 4.264175e+08 5.021572e+08 1.870860e+15 2.210775e+15 8.366170e+09 1.107930e-15
46.600000 4.264018e+08 5.021290e+08 1.874544e+15 2.215113e+15 8.297356e+09 1.099942e-15
46.700000 4.263861e+08 5.021008e+08 1.878228e+15 2.219452e+15 8.229246e+09 1.092028e-15
46.800000 4.263744e+08 5.020767e+08 1.881912e+15 2.223790e+15 8.160236e+09 1.084186e-15
46.900000 4.263683e+08 5.020584e+08 1.885596e+15 2.228128e+15 8.089692e+09 1.075601e-15
47.000000 4.263622e+08 5.020401e+08 1.889280e+15 2.232466e+15 8.019896e+09 1.067081e-15
47.100000 4.263561e+08 5.020218e+08 1.892964e+15 2.236803e+15 7.950839e+09 1.058645e-15
47.200000 4.263500e+08 5.020035e+08 1.896647e+15 2.241141e+15 7.882511e+09 1.050292e-15
47.300000 4.263399e+08 5.019812e+08 1.900331e+15 2.245478e+15 7.816482e+09 1.042206e-15
47.400000 4.263287e+08 5.019579e+08 1.904015e+15 2.249815e+15 7.751523e+09 1.034522e-15
47.500000 4.263175e+08 5.019347e+08 1.907698e+15 2.254152e+15 7.687230e+09 1.026911e-15
47.600000 4.263064e+08 5.019115e+08 1.911381e+15 2.258489e+15 7.623597e+09 1.019369e-15
47.700000 4.262953e+08 5.018884e+08 1.915065e+15 2.262825e+15 7.560614e+09 1.011898e-15
47.800000 4.262861e+08 5.018672e+08 1.918748e+15 2.267162e+15 7.497548e+09 1.004492e-15
47.900000 4.262770e+08 5.018462e+08 1.922431e+15 2.271498e+15 7.435100e+09 9.971502e-16
48.000000 4.262679e+08 5.018252e+08 1.926114e+15 2.275834e+15 7.373293e+09 9.898762e-16
48.100000 4.262587e+08 5.018043e+08 1.929797e+15 2.280169e+15 7.312119e+09 9.826692e-16
48.200000 4.262498e+08 5.017837e+08 1.933480e+15 2.284505e+15 7.251492e+09 9.755283e-16
48.300000 4.262426e+08 5.017647e+08 1.937163e+15 2.288840e+15 7.190893e+09 9.680850e-16
48.400000 4.262353e+08 5.017457e+08 1.940845e+15 2.293176e+15 7.130915e+09 9.604562e-16
48.500000 4.262280e+08 5.017268e+08 1.944528e+15 2.297511e+15 7.071549e+09 9.529020e-16
48.600000 4.262207e+08 5.017080e+08 1.948211e+15 2.301846e+15 7.012790e+09 9.454214e-16
48.700000 4.262123e+08 5.016880e+08 1.951893e+15 2.306180e+15 6.955030e+09 9.380137e-16
48.800000 4.262009e+08 5.016651e+08 1.955576e+15 2.310515e+15 6.898912e+09 9.313380e-16
48.900000 4.261895e+08 5.016422e+08 1.959258e+15 2.314849e+15 6.843354e+09 9.247419e-16
49.000000 4.261781e+08 5.016193e+08 1.962940e+15 2.319184e+15 6.788349e+09 9.182050e-16
49.100000 4.261668e+08 5.015965e+08 1.966623e+15 2.323518e+15 6.733891e+09 9.117266e-16
49.200000 4.261570e+08 5.015754e+08 1.970305e+15 2.327851e+15 6.679433e+09 9.053061e-16
49.300000 4.261536e+08 5.015608e+08 1.973987e+15 2.332185e+15 6.623326e+09 8.985869e-16
49.400000 4.261502e+08 5.015461e+08 1.977669e+15 2.336518e+15 6.567795e+09 8.918479e-16
49.500000 4.261468e+08 5.015315e+08 1.981351e+15 2.340852e+15 6.512833e+09 8.851718e-16
49.600000 4.261433e+08 5.015169e+08 1.985032e+15 2.345185e+15 6.458433e+09 8.785580e-16
49.700000 4.261383e+08 5.015008e+08 1.988714e+15 2.349518e+15 6.405102e+09 8.720058e-16
49.800000 4.261305e+08 5.014819e+08 1.992396e+15 2.353851e+15 6.353252e+09 8.654456e-16
49.900000 4.261227e+08 5.014630e+08 1.996078e+15 2.358184e+15 6.301919e+09 8.589411e-16
50.000000 4.261148e+08 5.014441e+08 1.999760e+15 2.362517e+15 6.251097e+09 8.524974e-16
50.100000 4.261070e+08 5.014252e+08 2.003441e+15 2.366849e+15 6.200778e+09 8.461140e-16
50.200000 4.260997e+08 5.014069e+08 2.007123e+15 2.371181e+15 6.150790e+09 8.397976e-16
50.300000 4.260937e+08 5.013901e+08 2.010804e+15 2.375513e+15 6.100852e+09 8.337584e-16
50.400000 4.260878e+08 5.013733e+08 2.014486e+15 2.379845e+15 6.051412e+09 8.277737e-16
50.500000 4.260818e+08 5.013565e+08 2.018167e+15 2.384177e+15 6.002463e+09 8.218428e-16
50.600000 4.260759e+08 5.013397e+08 2.021849e+15 2.388509e+15 5.954000e+09 8.159651e-16
50.700000 4.260702e+08 5.013233e+08 2.025530e+15 2.392841e+15 5.905911e+09 8.101402e-16
50.800000 4.260660e+08 5.013083e+08 2.029211e+15 2.397172e+15 5.857865e+09 8.043001e-16
50.900000 4.260617e+08 5.012934e+08 2.032892e+15 2.401503e+15 5.810296e+09 7.985028e-16
51.000000 4.260575e+08 5.012785e+08 2.036573e+15 2.405835e+15 5.763200e+09 7.927577e-16
51.100000 4.260532e+08 5.012636e+08 2.040255e+15 2.410166e+15 5.716571e+09 7.870643e-16
51.200000 4.260485e+08 5.012483e+08 2.043936e+15 2.414497e+15 5.670524e+09 7.814219e-16
51.300000 4.260408e+08 5.012300e+08 2.047617e+15 2.418827e+15 5.625847e+09 7.757814e-16
51.400000 4.260331e+08 5.012118e+08 2.051298e+15 2.423158e+15 5.581604e+09 7.701721e-16
51.500000 4.260254e+08 5.011935e+08 2.054979e+15 2.427488e+15 5.537789e+09 7.646134e-16
51.600000 4.260176e+08 5.011753e+08 2.058660e+15 2.431819e+15 5.494396e+09 7.591047e-16
51.700000 4.260099e+08 5.011572e+08 2.062340e+15 2.436149e+15 5.451422e+09 7.536455e-16
51.800000 4.260080e+08 5.011449e+08 2.066021e+15 2.440479e+15 5.407164e+09 7.481805e-16
51.900000 4.260075e+08 5.011341e+08 2.069702e+15 2.444809e+15 5.362931e+09 7.427201e-16
52.000000 4.260069e+08 5.011232e+08 2.073382e+15 2.449139e+15 5.319139e+09 7.373091e-16
52.100000 4.260063e+08 5.011124e+08 2.077063e+15 2.453468e+15 5.275782e+09 7.319471e-16
52.200000 4.260057e+08 5.011016e+08 2.080744e+15 2.457798e+15 5.232854e+09 7.266334e-16
52.300000 4.260024e+08 5.010882e+08 2.084425e+15 2.462127e+15 5.191107e+09 7.213468e-16
52.400000 4.259981e+08 5.010737e+08 2.088105e+15 2.466457e+15 5.150056e+09 7.160752e-16
52.500000 4.259938e+08 5.010592e+08 2.091786e+15 2.470786e+15 5.109401e+09 7.108513e-16
52.600000 4.259895e+08 5.010448e+08 2.095466e+15 2.475115e+15 5.069139e+09 7.056746e-16
52.700000 4.259851e+08 5.010303e+08 2.099147e+15 2.479444e+15 5.029265e+09 7.005447e-16
52.800000 4.259816e+08 5.010168e+08 2.102827e+15 2.483773e+15 4.989555e+09 6.955039e-16
52.900000 4.259791e+08 5.010043e+08 2.106508e+15 2.488102e+15 4.949914e+09 6.906546e-16
53.000000 4.259767e+08 5.009920e+08 2.110188e+15 2.492431e+15 4.910657e+09 6.858475e-16
53.100000 4.259742e+08 5.009796e+08 2.113869e+15 2.496759e+15 4.871780e+09 6.810821e-16
53.200000 4.259718e+08 5.009672e+08 2.117549e+15 2.501088e+15 4.833278e+09 6.763582e-16
53.300000 4.259695e+08 5.009550e+08 2.121230e+15 2.505416e+15 4.795101e+09 6.716751e-16
53.400000 4.259687e+08 5.009445e+08 2.124910e+15 2.509744e+15 4.756862e+09 6.667786e-16
53.500000 4.259680e+08 5.009340e+08 2.128590e+15 2.514072e+15 4.718994e+09 6.618596e-16
53.600000 4.259673e+08 5.009235e+08 2.132271e+15 2.518400e+15 4.681492e+09 6.569852e-16
53.700000 4.259665e+08 5.009130e+08 2.135951e+15 2.522728e+15 4.644353e+09 6.521551e-16
53.800000 4.259657e+08 5.009026e+08 2.139631e+15 2.527056e+15 4.607572e+09 6.473687e-16
53.900000 4.259620e+08 5.008892e+08 2.143312e+15 2.531384e+15 4.571877e+09 6.427315e-16
54.000000 4.259576e+08 5.008751e+08 2.146992e+15 2.535712e+15 4.536723e+09 6.381976e-16
54.100000 4.259531e+08 5.008611e+08 2.150672e+15 2.540039e+15 4.501899e+09 6.337034e-16
54.200000 4.259487e+08 5.008470e+08 2.154353e+15 2.544367e+15 4.467404e+09 6.292485e-16
54.300000 4.259442e+08 5.008329e+08 2.158033e+15 2.548694e+15 4.433232e+09 6.248324e-16
54.400000 4.259413e+08 5.008205e+08 2.161713e+15 2.553021e+15 4.398987e+09 6.204465e-16
54.500000 4.259434e+08 5.008132e+08 2.165393e+15 2.557348e+15 4.363806e+09 6.160641e-16
54.600000 4.259455e+08 5.008059e+08 2.169073e+15 2.561675e+15 4.328966e+09 6.117200e-16
54.700000 4.259476e+08 5.007986e+08 2.172753e+15 2.566002e+15 4.294462e+09 6.074137e-16
54.800000 4.259497e+08 5.007913e+08 2.176434e+15 2.570329e+15 4.260291e+09 6.031450e-16
54.900000 4.259517e+08 5.007840e+08 2.180114e+15 2.574656e+15 4.226449e+09 5.989134e-16
55.000000 4.259510e+08 5.007739e+08 2.183794e+15 2.578983e+15 4.193583e+09 5.946630e-16
55.100000 4.259500e+08 5.007637e+08 2.187474e+15 2.583310e+15 4.161085e+09 5.904324e-16
55.200000 4.259490e+08 5.007535e+08 2.191154e+15 2.587636e+15 4.128892e+09 5.862390e-16
55.300000 4.259480e+08 5.007432e+08 2.194835e+15 2.591963e+15 4.097002e+09 5.820823e-16
55.400000 4.259470e+08 5.007330e+08 2.198515e+15 2.596289e+15 4.065411e+09 5.779620e-16
55.500000 4.259468e+08 5.007236e+08 2.202195e+15 2.600615e+15 4.033930e+09 5.739251e-16
55.600000 4.259479e+08 5.007156e+08 2.205875e+15 2.604942e+15 4.002433e+09 5.700210e-16
55.700000 4.259489e+08 5.007075e+08 2.209555e+15 2.609268e+15 3.971235e+09 5.661500e-16
55.800000 4.259500e+08 5.006995e+08 2.213236e+15 2.613594e+15 3.940331e+09 5.623116e-16
55.900000 4.259510e+08 5.006915e+08 2.216916e+15 2.617920e+15 3.909718e+09 5.585055e-16
56.000000 4.259520e+08 5.006835e+08 2.220596e+15 2.622246e+15 3.879393e+09 5.547314e-16
56.100000 4.259498e+08 5.006723e+08 2.224276e+15 2.626572e+15 3.850066e+09 5.508354e-16
56.200000 4.259469e+08 5.006604e+08 2.227956e+15 2.630898e+15 3.821159e+09 5.468793e-16
56.300000 4.259441e+08 5.006486e+08 2.231637e+15 2.635223e+15 3.792516e+09 5.429580e-16
56.400000 4.259412e+08 5.006368e+08 2.235317e+15 2.639549e+15 3.764134e+09 5.390713e-16
56.500000 4.259383e+08 5.006250e+08 2.238997e+15 2.643875e+15 3.736012e+09 5.352187e-16
56.600000 4.259357e+08 5.006135e+08 2.242677e+15 2.648200e+15 3.708081e+09 5.314234e-16
56.700000 4.259393e+08 5.006083e+08 2.246357e+15 2.652525e+15 3.679052e+09 5.277642e-16
56.800000 4.259428e+08 5.006031e+08 2.250037e+15 2.656851e+15 3.650298e+09 5.241361e-16
56.900000 4.259463e+08 5.005979e+08 2.253717e+15 2.661176e+15 3.621815e+09 5.205388e-16
57.000000 4.259498e+08 5.005927e+08 2.257398e+15 2.665501e+15 3.593600e+09 5.169720e-16
57.100000 4.259533e+08 5.005874e+08 2.261078e+15 2.669826e+15 3.565650e+09 5.134353e-16
57.200000 4.259551e+08 5.005807e+08 2.264758e+15 2.674151e+15 3.538286e+09 5.099052e-16
57.300000 4.259555e+08 5.005723e+08 2.268438e+15 2.678476e+15 3.511501e+09 5.063795e-16
57.400000 4.259558e+08 5.005640e+08 2.272119e+15 2.682801e+15 3.484961e+09 5.028839e-16
57.500000 4.259561e+08 5.005557e+08 2.275799e+15 2.687126e+15 3.458665e+09 4.994180e-16
57.600000 4.259563e+08 5.005474e+08 2.279479e+15 2.691451e+15 3.432609e+09 4.959816e-16
57.700000 4.259566e+08 5.005391e+08 2.283159e+15 2.695775e+15 3.406792e+09 4.925743e-16
57.800000 4.259587e+08 5.005327e+08 2.286840e+15 2.700100e+15 3.380826e+09 4.891625e-16
57.900000 4.259615e+08 5.005271e+08 2.290520e+15 2.704425e+15 3.354950e+09 4.857700e-16
58.000000 4.259643e+08 5.005214e+08 2.294200e+15 2.708749e+15 3.329312e+09 4.824064e-16
58.100000 4.259670e+08 5.005158e+08 2.297880e+15 2.713074e+15 3.303911e+09 4.790713e-16
58.200000 4.259698e+08 5.005101e+08 2.301561e+15 2.717398e+15 3.278744e+09 4.757646e-16
58.300000 4.259725e+08 5.005045e+08 2.305241e+15 2.721723e+15 3.253808e+09 4.724921e-16
58.400000 4.259753e+08 5.004990e+08 2.308922e+15 2.726047e+15 3.229070e+09 4.693349e-16
58.500000 4.259781e+08 5.004935e+08 2.312602e+15 2.730371e+15 3.204557e+09 4.662037e-16
58.600000 4.259809e+08 5.004880e+08 2.316283e+15 2.734696e+15 3.180268e+09 4.630983e-16
58.700000 4.259837e+08 5.004825e+08 2.319963e+15 2.739020e+15 3.156202e+09 4.600184e-16
58.800000 4.259864e+08 5.004770e+08 2.323643e+15 2.743344e+15 3.132355e+09 4.569638e-16
58.900000 4.259888e+08 5.004712e+08 2.327324e+15 2.747668e+15 3.108785e+09 4.539187e-16
59.000000 4.259895e+08 5.004637e+08 2.331005e+15 2.751992e+15 3.085752e+09 4.507380e-16
59.100000 4.259902e+08 5.004562e+08 2.334685e+15 2.756316e+15 3.062925e+09 4.475846e-16
59.200000 4.259908e+08 5.004487e+08 2.338366e+15 2.760640e+15 3.040303e+09 4.444581e-16
59.300000 4.259915e+08 5.004413e+08 2.342046e+15 2.764964e+15 3.017883e+09 4.413584e-16
59.400000 4.259921e+08 5.004338e+08 2.345727e+15 2.769288e+15 2.995664e+09 4.382851e-16
59.500000 4.259936e+08 5.004272e+08 2.349407e+15 2.773612e+15 2.973471e+09 4.352740e-16
59.600000 4.260006e+08 5.004263e+08 2.353088e+15 2.777935e+15 2.950451e+09 4.323460e-16
59.700000 4.260077e+08 5.004254e+08 2.356769e+15 2.782259e+15 2.927644e+09 4.294422e-16
59.800000 4.260146e+08 5.004244e+08 2.360449e+15 2.786583e+15 2.905048e+09 4.265624e-16
59.900000 4.260216e+08 5.004234e+08 2.364130e+15 2.790906e+15 2.882660e+09 4.237063e-16
60.000000 4.260284e+08 5.004224e+08 2.367811e+15 2.795230e+15 2.860480e+09 4.208736e-16
60.100000 4.260341e+08 5.004202e+08 2.371492e+15 2.799554e+15 2.838725e+09 4.180481e-16
60.200000 4.260374e+08 5.004157e+08 2.375173e+15 2.803877e+15 2.817561e+09 4.152225e-16
60.300000 4.260408e+08 5.004112e+08 2.378854e+15 2.808201e+15 2.796586e+09 4.124202e-16
60.400000 4.260441e+08 5.004067e+08 2.382535e+15 2.812524e+15 2.775799e+09 4.096412e-16
60.500000 4.260474e+08 5.004023e+08 2.386216e+15 2.816848e+15 2.755198e+09 4.068851e-16
60.600000 4.260507e+08 5.003978e+08 2.389897e+15 2.821171e+15 2.734781e+09 4.041517e-16
60.700000 4.260541e+08 5.003935e+08 2.393578e+15 2.825495e+15 2.714513e+09 4.014258e-16
60.800000 4.260579e+08 5.003896e+08 2.397259e+15 2.829818e+15 2.694364e+09 3.987026e-16
60.900000 4.260616e+08 5.003857e+08 2.400940e+15 2.834142e+15 2.674395e+09 3.960020e-16
61.000000 4.260654e+08 5.003817e+08 2.404621e+15 2.838465e+15 2.654603e+09 3.933238e-16
61.100000 4.260690e+08 5.003778e+08 2.408302e+15 2.842788e+15 2.634988e+09 3.906677e-16
61.200000 4.260727e+08 5.003739e+08 2.411984e+15 2.847111e+15 2.615548e+09 3.880336e-16
61.300000 4.260760e+08 5.003696e+08 2.415665e+15 2.851435e+15 2.596330e+09 3.854515e-16
61.400000 4.260787e+08 5.003648e+08 2.419346e+15 2.855758e+15 2.577384e+09 3.829270e-16
61.500000 4.260814e+08 5.003599e+08 2.423028e+15 2.860081e+15 2.558604e+09 3.804229e-16
61.600000 4.260841e+08 5.003550e+08 2.426709e+15 2.864404e+15 2.539990e+09 3.779388e-16
61.700000 4.260867e+08 5.003502e+08 2.430390e+15 2.868727e+15 2.521538e+09 3.754747e-16
61.800000 4.260893e+08 5.003453e+08 2.434072e+15 2.873050e+15 2.503248e+09 3.730304e-16
61.900000 4.260921e+08 5.003406e+08 2.437753e+15 2.877373e+15 2.485096e+09 3.705776e-16
62.000000 4.260962e+08 5.003374e+08 2.441434e+15 2.881696e+15 2.466866e+09 3.680364e-16
62.100000 4.261004e+08 5.003341e+08 2.445116e+15 2.886019e+15 2.448796e+09 3.655164e-16
62.200000 4.261045e+08 5.003309e+08 2.448797e+15 2.890342e+15 2.430885e+09 3.630174e-16
62.300000 4.261086e+08 5.003276e+08 2.452479e+15 2.894665e+15 2.413132e+09 3.605392e-16
62.400000 4.261127e+08 5.003243e+08 2.456161e+15 2.898988e+15 2.395535e+09 3.580815e-16
62.500000 4.261167e+08 5.003211e+08 2.459842e+15 2.903310e+15 2.378092e+09 3.556597e-16
62.600000 4.261240e+08 5.003211e+08 2.463524e+15 2.907633e+15 2.360294e+09 3.533098e-16
62.700000 4.261318e+08 5.003217e+08 2.467206e+15 2.911956e+15 2.342560e+09 3.509788e-16
62.800000 4.261396e+08 5.003223e+08 2.470887e+15 2.916279e+15 2.324985e+09 3.486666e-16
62.900000 4.261473e+08 5.003228e+08 2.474569e+15 2.920602e+15 2.307568e+09 3.463730e-16
63.000000 4.261551e+08 5.003234e+08 2.478251e+15 2.924924e+15 2.290306e+09 3.440978e-16
63.100000 4.261627e+08 5.003239e+08 2.481933e+15 2.929247e+15 2.273198e+09 3.418408e-16
63.200000 4.261665e+08 5.003205e+08 2.485615e+15 2.933570e+15 2.256834e+09 3.395682e-16
63.300000 4.261693e+08 5.003162e+08 2.489297e+15 2.937893e+15 2.240736e+09 3.373133e-16
63.400000 4.261722e+08 5.003120e+08 2.492979e+15 2.942215e+15 2.224775e+09 3.350767e-16
63.500000 4.261750e+08 5.003077e+08 2.496661e+15 2.946538e+15 2.208952e+09 3.328581e-16
63.600000 4.261778e+08 5.003034e+08 2.500344e+15 2.950861e+15 2.193264e+09 3.306575e-16
63.700000 4.261806e+08 5.002992e+08 2.504026e+15 2.955183e+15 2.177711e+09 3.284746e-16
63.800000 4.261850e+08 5.002965e+08 2.507708e+15 2.959506e+15 2.162053e+09 3.262866e-16
63.900000 4.261924e+08 5.002969e+08 2.511390e+15 2.963829e+15 2.146092e+09 3.241083e-16
64.000000 4.261997e+08 5.002973e+08 2.515073e+15 2.968151e+15 2.130271e+09 3.219477e-16
64.100000 4.262070e+08 5.002977e+08 2.518755e+15 2.972474e+15 2.114590e+09 3.198045e-16
64.200000 4.262143e+08 5.002981e+08 2.522437e+15 2.976796e+15 2.099046e+09 3.176787e-16
64.300000 4.262215e+08 5.002984e+08 2.526120e+15 2.981119e+15 2.083638e+09 3.155701e-16
64.400000 4.262286e+08 5.002986e+08 2.529802e+15 2.985441e+15 2.068382e+09 3.135080e-16
64.500000 4.262346e+08 5.002978e+08 2.533485e+15 2.989764e+15 2.053397e+09 3.114931e-16
64.600000 4.262407e+08 5.002970e+08 2.537168e+15 2.994087e+15 2.038542e+09 3.094941e-16
64.700000 4.262466e+08 5.002962e+08 2.540850e+15 2.998409e+15 2.023815e+09 3.075106e-16
64.800000 4.262526e+08 5.002954e+08 2.544533e+15 3.002732e+15 2.009216e+09 3.055428e-16
64.900000 4.262585e+08 5.002945e+08 2.548216e+15 3.007054e+15 1.994743e+09 3.035903e-16
65.000000 4.262645e+08 5.002937e+08 2.551899e+15 3.011377e+15 1.980394e+09 3.016530e-16
65.100000 4.262708e+08 5.002933e+08 2.555582e+15 3.015699e+15 1.966100e+09 2.996272e-16
65.200000 4.262775e+08 5.002933e+08 2.559265e+15 3.020022e+15 1.951887e+09 2.976148e-16
65.300000 4.262841e+08 5.002932e+08 2.562948e+15 3.024344e+15 1.937797e+09 2.956189e-16
65.400000 4.262907e+08 5.002931e+08 2.566631e+15 3.028667e+15 1.923828e+09 2.936391e-16
65.500000 4.262973e+08 5.002930e+08 2.570314e+15 3.032989e+15 1.909980e+09 2.916754e-16
65.600000 4.263038e+08 5.002929e+08 2.573997e+15 3.037312e+15 1.896250e+09 2.897276e-16
65.700000 4.263104e+08 5.002929e+08 2.577680e+15 3.041635e+15 1.882628e+09 2.878288e-16
65.800000 4.263174e+08 5.002933e+08 2.581364e+15 3.045957e+15 1.869058e+09 2.859574e-16
65.900000 4.263244e+08 5.002938e+08 2.585047e+15 3.050280e+15 1.855606e+09 2.841009e-16
66.000000 4.263313e+08 5.002942e+08 2.588731e+15 3.054602e+15 1.842269e+09 2.822589e-16
66.100000 4.263383e+08 5.002946e+08 2.592414e+15 3.058925e+15 1.829046e+09 2.804315e-16
66.200000 4.263452e+08 5.002950e+08 2.596098e+15 3.063247e+15 1.815936e+09 2.786185e-16
66.300000 4.263520e+08 5.002954e+08 2.599781e+15 3.067570e+15 1.802938e+09 2.768128e-16
66.400000 4.263602e+08 5.002971e+08 2.603465e+15 3.071892e+15 1.789883e+09 2.749960e-16
66.500000 4.263690e+08 5.002994e+08 2.607149e+15 3.076215e+15 1.776857e+09 2.731937e-16
66.600000 4.263777e+08 5.003017e+08 2.610833e+15 3.080537e+15 1.763943e+09 2.714056e-16
66.700000 4.263864e+08 5.003041e+08 2.614516e+15 3.084860e+15 1.751140e+09 2.696317e-16
66.800000 4.263951e+08 5.003064e+08 2.618200e+15 3.089183e+15 1.738447e+09 2.678719e-16
66.900000 4.264037e+08 5.003087e+08 2.621885e+15 3.093505e+15 1.725863e+09 2.661259e-16
67.000000 4.264120e+08 5.003107e+08 2.625569e+15 3.097828e+15 1.713418e+09 2.644326e-16
67.100000 4.264192e+08 5.003117e+08 2.629253e+15 3.102151e+15 1.701211e+09 2.627691e-16
67.200000 4.264264e+08 5.003126e+08 2.632937e+15 3.106473e+15 1.689108e+09 2.611184e-16
67.300000 4.264336e+08 5.003135e+08 2.636621e+15 3.110796e+15 1.677107e+09 2.594803e-16
67.400000 4.264407e+08 5.003144e+08 2.640306e+15 3.115119e+15 1.665208e+09 2.578548e-16
67.500000 4.264478e+08 5.003153e+08 2.643990e+15 3.119442e+15 1.653409e+09 2.562416e-16
67.600000 4.264549e+08 5.003161e+08 2.647675e+15 3.123764e+15 1.641710e+09 2.546407e-16
67.700000 4.264619e+08 5.003170e+08 2.651359e+15 3.128087e+15 1.630107e+09 2.529686e-16
67.800000 4.264690e+08 5.003178e+08 2.655044e+15 3.132410e+15 1.618599e+09 2.513017e-16
67.900000 4.264760e+08 5.003187e+08 2.658729e+15 3.136732e+15 1.607188e+09 2.496480e-16
68.000000 4.264829e+08 5.003196e+08 2.662413e+15 3.141055e+15 1.595873e+09 2.480075e-16
68.100000 4.264899e+08 5.003204e+08 2.666098e+15 3.145378e+15 1.584653e+09 2.463799e-16
68.200000 4.264968e+08 5.003212e+08 2.669783e+15 3.149701e+15 1.573527e+09 2.447652e-16
68.300000 4.265037e+08 5.003220e+08 2.673468e+15 3.154024e+15 1.562494e+09 2.431801e-16
68.400000 4.265117e+08 5.003240e+08 2.677153e+15 3.158346e+15 1.551419e+09 2.416325e-16
68.500000 4.265200e+08 5.003263e+08 2.680838e+15 3.162669e+15 1.540398e+09 2.400968e-16
68.600000 4.265283e+08 5.003286e+08 2.684523e+15 3.166992e+15 1.529470e+09 2.385729e-16
68.700000 4.265366e+08 5.003308e+08 2.688208e+15 3.171315e+15 1.518634e+09 2.370607e-16
68.800000 4.265448e+08 5.003331e+08 2.691894e+15 3.175638e+15 1.507890e+09 2.355601e-16
68.900000 4.265530e+08 5.003353e+08 2.695579e+15 3.179960e+15 1.497235e+09 2.340711e-16
69.000000 4.265611e+08 5.003375e+08 2.699264e+15 3.184283e+15 1.486675e+09 2.325722e-16
69.100000 4.265686e+08 5.003390e+08 2.702950e+15 3.188606e+15 1.476268e+09 2.310717e-16
69.200000 4.265761e+08 5.003406e+08 2.706636e+15 3.192929e+15 1.465947e+09 2.295829e-16
69.300000 4.265835e+08 5.003421e+08 2.710321e+15 3.197252e+15 1.455712e+09 2.281056e-16
69.400000 4.265909e+08 5.003436e+08 2.714007e+15 3.201575e+15 1.445563e+09 2.266399e-16
69.500000 4.265982e+08 5.003451e+08 2.717693e+15 3.205898e+15 1.435497e+09 2.251854e-16
69.600000 4.266056e+08 5.003466e+08 2.721378e+15 3.210221e+15 1.425515e+09 2.237423e-16
69.700000 4.266130e+08 5.003482e+08 2.725064e+15 3.214544e+15 1.415605e+09 2.223085e-16
69.800000 4.266210e+08 5.003504e+08 2.728750e+15 3.218867e+15 1.405705e+09 2.208855e-16
69.900000 4.266290e+08 5.003526e+08 2.732436e+15 3.223190e+15 1.395888e+09 2.194734e-16
70.000000 4.266370e+08 5.003548e+08 2.736122e+15 3.227513e+15 1.386152e+09 2.180722e-16
70.100000 4.266449e+08 5.003570e+08 2.739808e+15 3.231836e+15 1.376497e+09 2.166819e-16
70.200000 4.266528e+08 5.003591e+08 2.743495e+15 3.236159e+15 1.366922e+09 2.153022e-16
70.300000 4.266607e+08 5.003613e+08 2.747181e+15 3.240482e+15 1.357426e+09 2.139343e-16
70.400000 4.266687e+08 5.003636e+08 2.750867e+15 3.244806e+15 1.347986e+09 2.126003e-16
70.500000 4.266776e+08 5.003668e+08 2.754554e+15 3.249129e+15 1.338531e+09 2.112764e-16
70.600000 4.266865e+08 5.003701e+08 2.758240e+15 3.253452e+15 1.329154e+09 2.099624e-16
70.700000 4.266954e+08 5.003733e+08 2.761927e+15 3.257775e+15 1.319856e+09 2.086583e-16
70.800000 4.267042e+08 5.003764e+08 2.765613e+15 3.262098e+15 1.310634e+09 2.073640e-16
70.900000 4.267130e+08 5.003796e+08 2.769300e+15 3.266422e+15 1.301488e+09 2.060795e-16
71.000000 4.267217e+08 5.003828e+08 2.772987e+15 3.270745e+15 1.292418e+09 2.048045e-16
71.100000 4.267308e+08 5.003862e+08 2.776674e+15 3.275068e+15 1.283390e+09 2.034621e-16
71.200000 4.267408e+08 5.003907e+08 2.780361e+15 3.279391e+15 1.274335e+09 2.021300e-16
71.300000 4.267508e+08 5.003951e+08 2.784048e+15 3.283715e+15 1.265356e+09 2.008083e-16
71.400000 4.267608e+08 5.003996e+08 2.787735e+15 3.288038e+15 1.256451e+09 1.994970e-16
71.500000 4.267707e+08 5.004040e+08 2.791422e+15 3.292362e+15 1.247621e+09 1.981959e-16
71.600000 4.267806e+08 5.004084e+08 2.795109e+15 3.296685e+15 1.238864e+09 1.969049e-16
71.700000 4.267904e+08 5.004127e+08 2.798797e+15 3.301009e+15 1.230179e+09 1.956327e-16
71.800000 4.267998e+08 5.004166e+08 2.802484e+15 3.305332e+15 1.221610e+09 1.944013e-16
71.900000 4.268081e+08 5.004194e+08 2.806172e+15 3.309656e+15 1.213209e+09 1.931792e-16
72.000000 4.268163e+08 5.004222e+08 2.809859e+15 3.313979e+15 1.204876e+09 1.919663e-16
72.100000 4.268245e+08 5.004250e+08 2.813547e+15 3.318303e+15 1.196610e+09 1.907626e-16
72.200000 4.268327e+08 5.004278e+08 2.817235e+15 3.322627e+15 1.188412e+09 1.895680e-16
72.300000 4.268409e+08 5.004305e+08 2.820923e+15 3.326950e+15 1.180281e+09 1.883825e-16
72.400000 4.268490e+08 5.004333e+08 2.824611e+15 3.331274e+15 1.172216e+09 1.872048e-16
72.500000 4.268573e+08 5.004362e+08 2.828299e+15 3.335598e+15 1.164199e+09 1.860308e-16
72.600000 4.268666e+08 5.004402e+08 2.831987e+15 3.339922e+15 1.156148e+09 1.848657e-16
72.700000 4.268759e+08 5.004441e+08 2.835675e+15 3.344246e+15 1.148162e+09 1.837094e-16
72.800000 4.268851e+08 5.004481e+08 2.839363e+15 3.348569e+15 1.140242e+09 1.825617e-16
72.900000 4.268943e+08 5.004520e+08 2.843051e+15 3.352893e+15 1.132386e+09 1.814227e-16
73.000000 4.269035e+08 5.004559e+08 2.846740e+15 3.357217e+15 1.124595e+09 1.802922e-16
73.100000 4.269127e+08 5.004597e+08 2.850428e+15 3.361541e+15 1.116866e+09 1.791714e-16
73.200000 4.269218e+08 5.004636e+08 2.854117e+15 3.365865e+15 1.109201e+09 1.780675e-16
73.300000 4.269319e+08 5.004685e+08 2.857805e+15 3.370189e+15 1.101502e+09 1.769718e-16
73.400000 4.269421e+08 5.004734e+08 2.861494e+15 3.374513e+15 1.093862e+09 1.758843e-16
73.500000 4.269522e+08 5.004783e+08 2.865183e+15 3.378837e+15 1.086286e+09 1.748048e-16
73.600000 4.269623e+08 5.004832e+08 2.868872e+15 3.383161e+15 1.078771e+09 1.737332e-16
73.700000 4.269723e+08 5.004880e+08 2.872560e+15 3.387486e+15 1.071317e+09 1.726696e-16
73.800000 4.269823e+08 5.004929e+08 2.876250e+15 3.391810e+15 1.063924e+09 1.716138e-16
73.900000 4.269923e+08 5.004977e+08 2.879939e+15 3.396134e+15 1.056592e+09 1.705525e-16
74.000000 4.270032e+08 5.005034e+08 2.883628e+15 3.400458e+15 1.049237e+09 1.694957e-16
74.100000 4.270142e+08 5.005094e+08 2.887317e+15 3.404783e+15 1.041923e+09 1.684467e-16
74.200000 4.270253e+08 5.005153e+08 2.891007e+15 3.409107e+15 1.034669e+09 1.674055e-16
74.300000 4.270363e+08 5.005212e+08 2.894696e+15 3.413431e+15 1.027475e+09 1.663721e-16
74.400000 4.270472e+08 5.005270e+08 2.898386e+15 3.417756e+15 1.020339e+09 1.653463e-16
74.500000 4.270581e+08 5.005329e+08 2.902075e+15 3.422081e+15 1.013261e+09 1.643281e-16
74.600000 4.270690e+08 5.005387e+08 2.905765e+15 3.426405e+15 1.006242e+09 1.632988e-16
74.700000 4.270790e+08 5.005437e+08 2.909455e+15 3.430730e+15 9.993415e+08 1.622570e-16
74.800000 4.270886e+08 5.005483e+08 2.913145e+15 3.435054e+15 9.925334e+08 1.612232e-16
74.900000 4.270982e+08 5.005528e+08 2.916835e+15 3.439379e+15 9.857800e+08 1.601972e-16
75.000000 4.271077e+08 5.005574e+08 2.920525e+15 3.443704e+15 9.790808e+08 1.591790e-16
75.100000 4.271172e+08 5.005619e+08 2.924215e+15 3.448029e+15 9.724352e+08 1.581685e-16
75.200000 4.271266e+08 5.005663e+08 2.927906e+15 3.452354e+15 9.658429e+08 1.571657e-16
75.300000 4.271360e+08 5.005708e+08 2.931596e+15 3.456679e+15 9.593032e+08 1.561905e-16
75.400000 4.271457e+08 5.005755e+08 2.935286e+15 3.461004e+15 9.527952e+08 1.552486e-16
75.500000 4.271561e+08 5.005810e+08 2.938977e+15 3.465328e+15 9.462715e+08 1.543135e-16
75.600000 4.271665e+08 5.005865e+08 2.942668e+15 3.469653e+15 9.398004e+08 1.533851e-16
75.700000 4.271769e+08 5.005920e+08 2.946358e+15 3.473979e+15 9.333813e+08 1.524635e-16
75.800000 4.271872e+08 5.005975e+08 2.950049e+15 3.478304e+15 9.270138e+08 1.515486e-16
75.900000 4.271975e+08 5.006029e+08 2.953740e+15 3.482629e+15 9.206974e+08 1.506402e-16
76.000000 4.272078e+08 5.006083e+08 2.957431e+15 3.486954e+15 9.144315e+08 1.497384e-16
76.100000 4.272180e+08 5.006137e+08 2.961122e+15 3.491279e+15 9.082159e+08 1.488063e-16
76.200000 4.272292e+08 5.006201e+08 2.964813e+15 3.495605e+15 9.019731e+08 1.478744e-16
76.300000 4.272406e+08 5.006267e+08 2.968505e+15 3.499930e+15 8.957654e+08 1.469495e-16
76.400000 4.272519e+08 5.006332e+08 2.972196e+15 3.504255e+15 8.896079e+08 1.460315e-16
76.500000 4.272632e+08 5.006397e+08 2.975887e+15 3.508581e+15 8.834999e+08 1.451203e-16
76.600000 4.272744e+08 5.006462e+08 2.979579e+15 3.512906e+15 8.774412e+08 1.442159e-16
76.700000 4.272856e+08 5.006526e+08 2.983271e+15 3.517232e+15 8.714312e+08 1.433182e-16
76.800000 4.272967e+08 5.006590e+08 2.986962e+15 3.521558e+15 8.654695e+08 1.424325e-16
76.900000 4.273073e+08 5.006649e+08 2.990654e+15 3.525883e+15 8.595945e+08 1.415580e-16
77.000000 4.273172e+08 5.006701e+08 2.994346e+15 3.530209e+15 8.538165e+08 1.406898e-16
77.100000 4.273270e+08 5.006752e+08 2.998038e+15 3.534535e+15 8.480843e+08 1.398281e-16
77.200000 4.273368e+08 5.006803e+08 3.001730e+15 3.538861e+15 8.423972e+08 1.389726e-16
77.300000 4.273466e+08 5.006854e+08 3.005422e+15 3.543187e+15 8.367551e+08 1.381234e-16
77.400000 4.273563e+08 5.006905e+08 3.009115e+15 3.547512e+15 8.311574e+08 1.372804e-16
77.500000 4.273660e+08 5.006955e+08 3.012807e+15 3.551838e+15 8.256037e+08 1.364436e-16
77.600000 4.273756e+08 5.007005e+08 3.016500e+15 3.556164e+15 8.200937e+08 1.356060e-16
77.700000 4.273860e+08 5.007062e+08 3.020192e+15 3.560490e+15 8.145759e+08 1.347743e-16
77.800000 4.273964e+08 5.007121e+08 3.023885e+15 3.564817e+15 8.090895e+08 1.339486e-16
77.900000 4.274069e+08 5.007180e+08 3.027577e+15 3.569143e+15 8.036465e+08 1.331290e-16
78.000000 4.274173e+08 5.007238e+08 3.031270e+15 3.573469e+15 7.982465e+08 1.323154e-16
78.100000 4.274277e+08 5.007296e+08 3.034963e+15 3.577795e+15 7.928890e+08 1.315077e-16
78.200000 4.274380e+08 5.007354e+08 3.038656e+15 3.582122e+15 7.875738e+08 1.307059e-16
78.300000 4.274483e+08 5.007412e+08 3.042349e+15 3.586448e+15 7.823004e+08 1.299081e-16
78.400000 4.274588e+08 5.007471e+08 3.046042e+15 3.590774e+15 7.770530e+08 1.291132e-16
78.500000 4.274702e+08 5.007541e+08 3.049735e+15 3.595101e+15 7.717768e+08 1.283240e-16
78.600000 4.274817e+08 5.007610e+08 3.053429e+15 3.599427e+15 7.665424e+08 1.275406e-16
78.700000 4.274931e+08 5.007680e+08 3.057122e+15 3.603754e+15 7.613496e+08 1.267629e-16
78.800000 4.275044e+08 5.007749e+08 3.060816e+15 3.608080e+15 7.561980e+08 1.259908e-16
78.900000 4.275157e+08 5.007817e+08 3.064509e+15 3.612407e+15 7.510874e+08 1.252243e-16
79.000000 4.275270e+08 5.007886e+08 3.068203e+15 3.616734e+15 7.460170e+08 1.244634e-16
79.100000 4.275383e+08 5.007954e+08 3.071897e+15 3.621061e+15 7.409867e+08 1.236953e-16
79.200000 4.275489e+08 5.008016e+08 3.075591e+15 3.625388e+15 7.360312e+08 1.229294e-16
79.300000 4.275591e+08 5.008074e+08 3.079285e+15 3.629715e+15 7.311429e+08 1.221691e-16
79.400000 4.275693e+08 5.008132e+08 3.082979e+15 3.634041e+15 7.262926e+08 1.214143e-16
79.500000 4.275794e+08 5.008189e+08 3.086673e+15 3.638369e+15 7.214802e+08 1.206652e-16
79.600000 4.275895e+08 5.008247e+08 3.090368e+15 3.642696e+15 7.167051e+08 1.199215e-16
79.700000 4.275996e+08 5.008304e+08 3.094062e+15 3.647023e+15 7.119671e+08 1.191832e-16
79.800000 4.276096e+08 5.008360e+08 3.097756e+15 3.651350e+15 7.072658e+08 1.184525e-16
79.900000 4.276196e+08 5.008417e+08 3.101451e+15 3.655677e+15 7.026009e+08 1.177354e-16
80.000000 4.276302e+08 5.008480e+08 3.105146e+15 3.660004e+15 6.979292e+08 1.170234e-16
80.100000 4.276411e+08 5.008546e+08 3.108840e+15 3.664332e+15 6.932752e+08 1.163166e-16
80.200000 4.276520e+08 5.008612e+08 3.112535e+15 3.668659e+15 6.886574e+08 1.156149e-16
80.300000 4.276628e+08 5.008677e+08 3.116230e+15 3.672987e+15 6.840757e+08 1.149182e-16
80.400000 4.276736e+08 5.008742e+08 3.119925e+15 3.677314e+15 6.795296e+08 1.142264e-16
80.500000 4.276843e+08 5.008807e+08 3.123620e+15 3.681642e+15 6.750189e+08 1.135397e-16
80.600000 4.276950e+08 5.008872e+08 3.127315e+15 3.685969e+15 6.705432e+08 1.128577e-16
80.700000 4.277057e+08 5.008936e+08 3.131011e+15 3.690297e+15 6.661022e+08 1.121805e-16
80.800000 4.277173e+08 5.009010e+08 3.134706e+15 3.694625e+15 6.616388e+08 1.115080e-16
80.900000 4.277290e+08 5.009085e+08 3.138401e+15 3.698952e+15 6.571993e+08 1.108404e-16
81.000000 4.277407e+08 5.009159e+08 3.142097e+15 3.703280e+15 6.527946e+08 1.101775e-16
81.100000 4.277523e+08 5.009234e+08 3.145793e+15 3.707608e+15 6.484243e+08 1.095194e-16
81.200000 4.277639e+08 5.009308e+08 3.149489e+15 3.711936e+15 6.440882e+08 1.088659e-16
81.300000 4.277755e+08 5.009382e+08 3.153184e+15 3.716264e+15 6.397859e+08 1.082170e-16
81.400000 4.277870e+08 5.009456e+08 3.156880e+15 3.720592e+15 6.355172e+08 1.075671e-16
81.500000 4.277985e+08 5.009529e+08 3.160576e+15 3.724920e+15 6.312817e+08 1.069164e-16
81.600000 4.278087e+08 5.009590e+08 3.164273e+15 3.729249e+15 6.271515e+08 1.062704e-16
81.700000 4.278188e+08 5.009651e+08 3.167969e+15 3.733577e+15 6.230542e+08 1.056290e-16
81.800000 4.278290e+08 5.009711e+08 3.171665e+15 3.737905e+15 6.189883e+08 1.049922e-16
81.900000 4.278390e+08 5.009771e+08 3.175362e+15 3.742234e+15 6.149534e+08 1.043599e-16
82.000000 4.278491e+08 5.009830e+08 3.179058e+15 3.746562e+15 6.109494e+08 1.037322e-16
82.100000 4.278591e+08 5.009890e+08 3.182755e+15 3.750891e+15 6.069758e+08 1.031089e-16
82.200000 4.278691e+08 5.009949e+08 3.186452e+15 3.755219e+15 6.030326e+08 1.024931e-16
82.300000 4.278790e+08 5.010008e+08 3.190148e+15 3.759548e+15 5.991193e+08 1.018831e-16
82.400000 4.278902e+08 5.010079e+08 3.193845e+15 3.763876e+15 5.951649e+08 1.012774e-16
82.500000 4.279015e+08 5.010152e+08 3.197542e+15 3.768205e+15 5.912327e+08 1.006760e-16
82.600000 4.279128e+08 5.010225e+08 3.201239e+15 3.772534e+15 5.873308e+08 1.000789e-16
82.700000 4.279240e+08 5.010297e+08 3.204936e+15 3.776863e+15 5.834589e+08 9.948593e-17
82.800000 4.279352e+08 5.010369e+08 3.208634e+15 3.781192e+15 5.796169e+08 9.889717e-17
82.900000 4.279463e+08 5.010440e+08 3.212331e+15 3.785521e+15 5.758043e+08 9.831254e-17
83.000000 4.279574e+08 5.010512e+08 3.216028e+15 3.789850e+15 5.720210e+08 9.772915e-17
83.100000 4.279685e+08 5.010583e+08 3.219726e+15 3.794179e+15 5.682668e+08 9.714752e-17
83.200000 4.279800e+08 5.010659e+08 3.223424e+15 3.798508e+15 5.645116e+08 9.656999e-17
83.300000 4.279917e+08 5.010737e+08 3.227121e+15 3.802837e+15 5.607785e+08 9.599654e-17
83.400000 4.280033e+08 5.010814e+08 3.230819e+15 3.807166e+15 5.570741e+08 9.542713e-17
83.500000 4.280149e+08 5.010890e+08 3.234517e+15 3.811496e+15 5.533983e+08 9.486172e-17
83.600000 4.280265e+08 5.010967e+08 3.238215e+15 3.815825e+15 5.497507e+08 9.430030e-17
83.700000 4.280380e+08 5.011043e+08 3.241913e+15 3.820155e+15 5.461311e+08 9.374281e-17
83.800000 4.280495e+08 5.011119e+08 3.245612e+15 3.824484e+15 5.425393e+08 9.318600e-17
83.900000 4.280609e+08 5.011195e+08 3.249310e+15 3.828814e+15 5.389749e+08 9.262896e-17
84.000000 4.280732e+08 5.011279e+08 3.253008e+15 3.833143e+15 5.353942e+08 9.207586e-17
84.100000 4.280857e+08 5.011366e+08 3.256707e+15 3.837473e+15 5.318248e+08 9.152666e-17
84.200000 4.280982e+08 5.011452e+08 3.260406e+15 3.841803e+15 5.282830e+08 9.098135e-17
84.300000 4.281106e+08 5.011539e+08 3.264104e+15 3.846133e+15 5.247686e+08 9.043988e-17
84.400000 4.281230e+08 5.011624e+08 3.267803e+15 3.850463e+15 5.212814e+08 8.990223e-17
84.500000 4.281353e+08 5.011710e+08 3.271502e+15 3.854793e+15 5.178210e+08 8.936836e-17
84.600000 4.281476e+08 5.011795e+08 3.275201e+15 3.859123e+15 5.143874e+08 8.883543e-17
84.700000 4.281599e+08 5.011880e+08 3.278901e+15 3.863453e+15 5.109802e+08 8.830047e-17
84.800000 4.281717e+08 5.011960e+08 3.282600e+15 3.867783e+15 5.076232e+08 8.776932e-17
84.900000 4.281831e+08 5.012037e+08 3.286299e+15 3.872114e+15 5.043051e+08 8.724193e-17
85.000000 4.281945e+08 5.012114e+08 3.289999e+15 3.876444e+15 5.010122e+08 8.671830e-17
85.100000 4.282059e+08 5.012191e+08 3.293698e+15 3.880775e+15 4.977443e+08 8.619837e-17
85.200000 4.282173e+08 5.012267e+08 3.297398e+15 3.885105e+15 4.945013e+08 8.568212e-17
85.300000 4.282286e+08 5.012343e+08 3.301098e+15 3.889436e+15 4.912829e+08 8.516953e-17
85.400000 4.282398e+08 5.012418e+08 3.304798e+15 3.893766e+15 4.880888e+08 8.466251e-17
85.500000 4.282511e+08 5.012494e+08 3.308498e+15 3.898097e+15 4.849189e+08 8.416611e-17
85.600000 4.282626e+08 5.012572e+08 3.312198e+15 3.902428e+15 4.817588e+08 8.367315e-17
85.700000 4.282746e+08 5.012656e+08 3.315898e+15 3.906759e+15 4.785941e+08 8.318362e-17
85.800000 4.282866e+08 5.012739e+08 3.319598e+15 3.911090e+15 4.754536e+08 8.269748e-17
85.900000 4.282986e+08 5.012823e+08 3.323299e+15 3.915421e+15 4.723370e+08 8.221470e-17
86.000000 4.283105e+08 5.012906e+08 3.326999e+15 3.919752e+15 4.692442e+08 8.173526e-17
86.100000 4.283224e+08 5.012988e+08 3.330700e+15 3.924083e+15 4.661748e+08 8.125913e-17
86.200000 4.283343e+08 5.013071e+08 3.334401e+15 3.928414e+15 4.631288e+08 8.078628e-17
86.300000 4.283461e+08 5.013153e+08 3.338101e+15 3.932745e+15 4.601058e+08 8.031046e-17
86.400000 4.283579e+08 5.013235e+08 3.341802e+15 3.937077e+15 4.571063e+08 7.983676e-17
86.500000 4.283691e+08 5.013311e+08 3.345503e+15 3.941408e+15 4.541547e+08 7.936636e-17
86.600000 4.283802e+08 5.013386e+08 3.349204e+15 3.945740e+15 4.512252e+08 7.889923e-17
86.700000 4.283913e+08 5.013462e+08 3.352906e+15 3.950071e+15 4.483177e+08 7.843535e-17
86.800000 4.284024e+08 5.013537e+08 3.356607e+15 3.954403e+15 4.454320e+08 7.797470e-17
86.900000 4.284135e+08 5.013612e+08 3.360308e+15 3.958735e+15 4.425679e+08 7.751724e-17
87.000000 4.284245e+08 5.013687e+08 3.364010e+15 3.963066e+15 4.397252e+08 7.706295e-17
87.100000 4.284354e+08 5.013762e+08 3.367711e+15 3.967398e+15 4.369037e+08 7.660887e-17
87.200000 4.284464e+08 5.013836e+08 3.371413e+15 3.971730e+15 4.341032e+08 7.615455e-17
87.300000 4.284576e+08 5.013913e+08 3.375115e+15 3.976062e+15 4.313111e+08 7.570341e-17
87.400000 4.284690e+08 5.013993e+08 3.378817e+15 3.980394e+15 4.285260e+08 7.525542e-17
87.500000 4.284805e+08 5.014072e+08 3.382519e+15 3.984726e+15 4.257619e+08 7.481055e-17
87.600000 4.284919e+08 5.014151e+08 3.386221e+15 3.989058e+15 4.230184e+08 7.436879e-17
87.700000 4.285032e+08 5.014230e+08 3.389923e+15 3.993391e+15 4.202954e+08 7.393010e-17
87.800000 4.285145e+08 5.014309e+08 3.393625e+15 3.997723e+15 4.175929e+08 7.349446e-17
87.900000 4.285258e+08 5.014387e+08 3.397328e+15 4.002055e+15 4.149105e+08 7.306127e-17
88.000000 4.285371e+08 5.014466e+08 3.401030e+15 4.006388e+15 4.122481e+08 7.262522e-17
88.100000 4.285483e+08 5.014543e+08 3.404733e+15 4.010720e+15 4.096055e+08 7.219222e-17
88.200000 4.285606e+08 5.014632e+08 3.408435e+15 4.015053e+15 4.069353e+08 7.176227e-17
88.300000 4.285729e+08 5.014722e+08 3.412138e+15 4.019385e+15 4.042821e+08 7.133532e-17
88.400000 4.285852e+08 5.014811e+08 3.415841e+15 4.023718e+15 4.016488e+08 7.091136e-17
88.500000 4.285975e+08 5.014899e+08 3.419544e+15 4.028051e+15 3.990354e+08 7.049036e-17
88.600000 4.286097e+08 5.014988e+08 3.423247e+15 4.032384e+15 3.964417e+08 7.007231e-17
88.700000 4.286219e+08 5.015076e+08 3.426950e+15 4.036717e+15 3.938675e+08 6.965717e-17
88.800000 4.286340e+08 5.015164e+08 3.430653e+15 4.041050e+15 3.913127e+08 6.924945e-17
88.900000 4.286461e+08 5.015251e+08 3.434357e+15 4.045383e+15 3.887770e+08 6.884632e-17
89.000000 4.286584e+08 5.015341e+08 3.438060e+15 4.049716e+15 3.862493e+08 6.844596e-17
89.100000 4.286711e+08 5.015435e+08 3.441764e+15 4.054049e+15 3.837240e+08 6.804835e-17
89.200000 4.286838e+08 5.015528e+08 3.445468e+15 4.058383e+15 3.812177e+08 6.765345e-17
89.300000 4.286964e+08 5.015621e+08 3.449171e+15 4.062716e+15 3.787303e+08 6.726126e-17
89.400000 4.287090e+08 5.015714e+08 3.452875e+15 4.067050e+15 3.762617e+08 6.687175e-17
89.500000 4.287215e+08 5.015807e+08 3.456579e+15 4.071383e+15 3.738117e+08 6.648489e-17
89.600000 4.287340e+08 5.015899e+08 3.460284e+15 4.075717e+15 3.713801e+08 6.610024e-17
89.700000 4.287465e+08 5.015991e+08 3.463988e+15 4.080050e+15 3.689668e+08 6.571302e-17
89.800000 4.287589e+08 5.016083e+08 3.467692e+15 4.084384e+15 3.665716e+08 6.532846e-17
89.900000 4.287708e+08 5.016169e+08 3.471397e+15 4.088718e+15 3.642145e+08 6.494655e-17
90.000000 4.287825e+08 5.016254e+08 3.475101e+15 4.093052e+15 3.618783e+08 6.456727e-17
90.100000 4.287943e+08 5.016339e+08 3.478806e+15 4.097386e+15 3.595594e+08 6.419059e-17
90.200000 4.288059e+08 5.016423e+08 3.482511e+15 4.101720e+15 3.572577e+08 6.381649e-17
90.300000 4.288176e+08 5.016508e+08 3.486216e+15 4.106055e+15 3.549730e+08 6.344496e-17
90.400000 4.288292e+08 5.016592e+08 3.489921e+15 4.110389e+15 3.527053e+08 6.307598e-17
90.500000 4.288408e+08 5.016675e+08 3.493626e+15 4.114723e+15 3.504543e+08 6.270693e-17
90.600000 4.288523e+08 5.016759e+08 3.497331e+15 4.119058e+15 3.482200e+08 6.233714e-17
90.700000 4.288639e+08 5.016843e+08 3.501036e+15 4.123392e+15 3.459995e+08 6.196990e-17
90.800000 4.288761e+08 5.016934e+08 3.504742e+15 4.127727e+15 3.437687e+08 6.160521e-17
90.900000 4.288883e+08 5.017024e+08 3.508447e+15 4.132061e+15 3.415545e+08 6.124303e-17
91.000000 4.289005e+08 5.017114e+08 3.512153e+15 4.136396e+15 3.393567e+08 6.088335e-17
91.100000 4.289126e+08 5.017204e+08 3.515858e+15 4.140731e+15 3.371753e+08 6.052615e-17
91.200000 4.289247e+08 5.017294e+08 3.519564e+15 4.145066e+15 3.350101e+08 6.017141e-17
91.300000 4.289368e+08 5.017383e+08 3.523270e+15 4.149400e+15 3.328610e+08 5.981910e-17
91.400000 4.289488e+08 5.017472e+08 3.526976e+15 4.153735e+15 3.307277e+08 5.947379e-17
91.500000 4.289608e+08 5.017561e+08 3.530682e+15 4.158071e+15 3.286103e+08 5.913192e-17
91.600000 4.289726e+08 5.017648e+08 3.534388e+15 4.162406e+15 3.265126e+08 5.879237e-17
91.700000 4.289842e+08 5.017733e+08 3.538095e+15 4.166741e+15 3.244389e+08 5.845512e-17
91.800000 4.289958e+08 5.017818e+08 3.541801e+15 4.171076e+15 3.223804e+08 5.812013e-17
91.900000 4.290073e+08 5.017902e+08 3.545508e+15 4.175412e+15 3.203369e+08 5.778741e-17
92.000000 4.290187e+08 5.017986e+08 3.549214e+15 4.179747e+15 3.183085e+08 5.745693e-17
92.100000 4.290301e+08 5.018069e+08 3.552921e+15 4.184083e+15 3.162949e+08 5.712867e-17
92.200000 4.290415e+08 5.018153e+08 3.556628e+15 4.188418e+15 3.142960e+08 5.680261e-17
92.300000 4.290529e+08 5.018236e+08 3.560335e+15 4.192754e+15 3.123118e+08 5.647512e-17
92.400000 4.290642e+08 5.018319e+08 3.564042e+15 4.197090e+15 3.103420e+08 5.614945e-17
92.500000 4.290757e+08 5.018403e+08 3.567749e+15 4.201426e+15 3.083809e+08 5.582598e-17
92.600000 4.290874e+08 5.018491e+08 3.571456e+15 4.205762e+15 3.064226e+08 5.550470e-17
92.700000 4.290992e+08 5.018578e+08 3.575163e+15 4.210097e+15 3.044786e+08 5.518559e-17
92.800000 4.291108e+08 5.018665e+08 3.578871e+15 4.214434e+15 3.025489e+08 5.486864e-17
92.900000 4.291225e+08 5.018751e+08 3.582578e+15 4.218770e+15 3.006333e+08 5.455382e-17
93.000000 4.291341e+08 5.018837e+08 3.586286e+15 4.223106e+15 2.987317e+08 5.424112e-17
93.100000 4.291457e+08 5.018923e+08 3.589994e+15 4.227442e+15 2.968440e+08 5.393053e-17
93.200000 4.291572e+08 5.019009e+08 3.593702e+15 4.231778e+15 2.949701e+08 5.361658e-17
93.300000 4.291687e+08 5.019095e+08 3.597409e+15 4.236115e+15 2.931098e+08 5.330477e-17
93.400000 4.291806e+08 5.019184e+08 3.601117e+15 4.240451e+15 2.912489e+08 5.299508e-17
93.500000 4.291933e+08 5.019282e+08 3.604826e+15 4.244788e+15 2.893737e+08 5.268750e-17
93.600000 4.292060e+08 5.019379e+08 3.608534e+15 4.249125e+15 2.875124e+08 5.238200e-17
93.700000 4.292186e+08 5.019476e+08 3.612242e+15 4.253461e+15 2.856648e+08 5.207858e-17
93.800000 4.292312e+08 5.019573e+08 3.615951e+15 4.257798e+15 2.838309e+08 5.177722e-17
93.900000 4.292437e+08 5.019669e+08 3.619659e+15 4.262135e+15 2.820106e+08 5.147790e-17
94.000000 4.292562e+08 5.019765e+08 3.623368e+15 4.266472e+15 2.802037e+08 5.118101e-17
94.100000 4.292687e+08 5.019861e+08 3.627077e+15 4.270809e+15 2.784101e+08 5.088976e-17
94.200000 4.292811e+08 5.019956e+08 3.630785e+15 4.275146e+15 2.766296e+08 5.060045e-17
94.300000 4.292931e+08 5.020048e+08 3.634494e+15 4.279484e+15 2.748744e+08 5.031307e-17
94.400000 4.293044e+08 5.020132e+08 3.638204e+15 4.283821e+15 2.731555e+08 5.002760e-17
94.500000 4.293156e+08 5.020216e+08 3.641913e+15 4.288158e+15 2.714490e+08 4.974404e-17
94.600000 4.293268e+08 5.020299e+08 3.645622e+15 4.292496e+15 2.697549e+08 4.946236e-17
94.700000 4.293379e+08 5.020382e+08 3.649331e+15 4.296833e+15 2.680729e+08 4.918256e-17
94.800000 4.293490e+08 5.020465e+08 3.653041e+15 4.301171e+15 2.664030e+08 4.890461e-17
94.900000 4.293601e+08 5.020548e+08 3.656750e+15 4.305509e+15 2.647452e+08 4.862851e-17
95.000000 4.293712e+08 5.020630e+08 3.660460e+15 4.309846e+15 2.630993e+08 4.835056e-17
95.100000 4.293822e+08 5.020712e+08 3.664170e+15 4.314184e+15 2.614651e+08 4.807422e-17
95.200000 4.293934e+08 5.020796e+08 3.667880e+15 4.318522e+15 2.598372e+08 4.779972e-17
95.300000 4.294058e+08 5.020892e+08 3.671590e+15 4.322860e+15 2.581807e+08 4.752706e-17
95.400000 4.294182e+08 5.020989e+08 3.675300e+15 4.327198e+15 2.565364e+08 4.725622e-17
95.500000 4.294306e+08 5.021085e+08 3.679010e+15 4.331536e+15 2.549041e+08 4.698719e-17
95.600000 4.294429e+08 5.021180e+08 3.682720e+15 4.335874e+15 2.532838e+08 4.671994e-17
95.700000 4.294552e+08 5.021275e+08 3.686431e+15 4.340213e+15 2.516752e+08 4.645448e-17
95.800000 4.294674e+08 5.021371e+08 3.690141e+15 4.344551e+15 2.500785e+08 4.619079e-17
95.900000 4.294797e+08 5.021465e+08 3.693852e+15 4.348890e+15 2.484933e+08 4.592552e-17
96.000000 4.294918e+08 5.021560e+08 3.697562e+15 4.353228e+15 2.469198e+08 4.566105e-17
96.100000 4.295040e+08 5.021654e+08 3.701273e+15 4.357567e+15 2.453576e+08 4.539835e-17
96.200000 4.295164e+08 5.021752e+08 3.704984e+15 4.361905e+15 2.437962e+08 4.513742e-17
96.300000 4.295289e+08 5.021849e+08 3.708695e+15 4.366244e+15 2.422450e+08 4.487824e-17
96.400000 4.295414e+08 5.021946e+08 3.712406e+15 4.370583e+15 2.407051e+08 4.462080e-17
96.500000 4.295538e+08 5.022044e+08 3.716118e+15 4.374922e+15 2.391764e+08 4.436508e-17
96.600000 4.295661e+08 5.022140e+08 3.719829e+15 4.379261e+15 2.376589e+08 4.411107e-17
96.700000 4.295784e+08 5.022237e+08 3.723540e+15 4.383600e+15 2.361524e+08 4.385876e-17
96.800000 4.295907e+08 5.022333e+08 3.727252e+15 4.387940e+15 2.346570e+08 4.361098e-17
96.900000 4.296030e+08 5.022429e+08 3.730964e+15 4.392279e+15 2.331723e+08 4.336667e-17
97.000000 4.296152e+08 5.022524e+08 3.734675e+15 4.396618e+15 2.316985e+08 4.312396e-17
97.100000 4.296271e+08 5.022617e+08 3.738387e+15 4.400958e+15 2.302443e+08 4.288284e-17
97.200000 4.296388e+08 5.022707e+08 3.742099e+15 4.405297e+15 2.288046e+08 4.264330e-17
97.300000 4.296504e+08 5.022797e+08 3.745811e+15 4.409637e+15 2.273753e+08 4.240532e-17
97.400000 4.296620e+08 5.022887e+08 3.749523e+15 4.413977e+15 2.259563e+08 4.216890e-17
97.500000 4.296736e+08 5.022977e+08 3.753236e+15 4.418316e+15 2.245475e+08 4.193403e-17
97.600000 4.296852e+08 5.023066e+08 3.756948e+15 4.422656e+15 2.231488e+08 4.170068e-17
97.700000 4.296967e+08 5.023155e+08 3.760661e+15 4.426996e+15 2.217601e+08 4.146796e-17
97.800000 4.297082e+08 5.023244e+08 3.764373e+15 4.431336e+15 2.203813e+08 4.123264e-17
97.900000 4.297196e+08 5.023332e+08 3.768086e+15 4.435676e+15 2.190124e+08 4.099888e-17
98.000000 4.297312e+08 5.023422e+08 3.771799e+15 4.440016e+15 2.176494e+08 4.076667e-17
98.100000 4.297432e+08 5.023516e+08 3.775511e+15 4.444357e+15 2.162836e+08 4.053599e-17
98.200000 4.297551e+08 5.023610e+08 3.779224e+15 4.448697e+15 2.149277e+08 4.030683e-17
98.300000 4.297671e+08 5.023703e+08 3.782938e+15 4.453037e+15 2.135815e+08 4.007919e-17
98.400000 4.297789e+08 5.023797e+08 3.786651e+15 4.457378e+15 2.122450e+08 3.985304e-17
98.500000 4.297908e+08 5.023890e+08 3.790364e+15 4.461718e+15 2.109181e+08 3.962839e-17
98.600000 4.298026e+08 5.023982e+08 3.794077e+15 4.466059e+15 2.096007e+08 3.940522e-17
98.700000 4.298144e+08 5.024075e+08 3.797791e+15 4.470400e+15 2.082928e+08 3.918177e-17
98.800000 4.298261e+08 5.024167e+08 3.801505e+15 4.474740e+15 2.069942e+08 3.895923e-17
98.900000 4.298378e+08 5.024259e+08 3.805218e+15 4.479081e+15 2.057050e+08 3.873816e-17
99.000000 4.298494e+08 5.024349e+08 3.808932e+15 4.483422e+15 2.044270e+08 3.851855e-17
99.100000 4.298610e+08 5.024440e+08 3.812646e+15 4.487763e+15 2.031586e+08 3.830039e-17
99.200000 4.298725e+08 5.024530e+08 3.816360e+15 4.492104e+15 2.018993e+08 3.808368e-17
99.300000 4.298840e+08 5.024620e+08 3.820074e+15 4.496446e+15 2.006490e+08 3.786839e-17
99.400000 4.298954e+08 5.024709e+08 3.823788e+15 4.500787e+15 1.994076e+08 3.765453e-17
99.500000 4.299068e+08 5.024798e+08 3.827503e+15 4.505128e+15 1.981749e+08 3.744207e-17
99.600000 4.299182e+08 5.024887e+08 3.831217e+15 4.509470e+15 1.969511e+08 3.722976e-17
99.700000 4.299296e+08 5.024976e+08 3.834931e+15 4.513811e+15 1.957359e+08 3.701629e-17
99.800000 4.299409e+08 5.025064e+08 3.838646e+15 4.518153e+15 1.945293e+08 3.680426e-17
99.900000 4.299522e+08 5.025153e+08 3.842361e+15 4.522494e+15 1.933303e+08 3.659363e-17
100.000000 4.299638e+08 5.025244e+08 3.846075e+15 4.526836e+15 1.921325e+08 3.638441e-17
