j EnclosedMass[g] radius[cm] velocity[cm/s] density[g/cc] X_H X_He
0 -1.970e+40 1.000e+14 1.000e+07 1.584e-05 7.000e-01 2.800e-01
1 -1.970e+40 1.009e+14 1.000e+07 1.555e-05 7.000e-01 2.800e-01
2 -1.970e+40 1.019e+14 1.000e+07 1.526e-05 7.000e-01 2.800e-01
3 -1.970e+40 1.028e+14 1.000e+07 1.498e-05 7.000e-01 2.800e-01
4 -1.969e+40 1.038e+14 1.000e+07 1.471e-05 7.000e-01 2.800e-01
5 -1.969e+40 1.047e+14 1.000e+07 1.444e-05 7.000e-01 2.800e-01
6 -1.969e+40 1.057e+14 1.000e+07 1.418e-05 7.000e-01 2.800e-01
7 -1.969e+40 1.067e+14 1.000e+07 1.392e-05 7.000e-01 2.800e-01
8 -1.969e+40 1.077e+14 1.000e+07 1.366e-05 7.000e-01 2.800e-01
9 -1.968e+40 1.087e+14 1.000e+07 1.341e-05 7.000e-01 2.800e-01
10 -1.968e+40 1.097e+14 1.000e+07 1.317e-05 7.000e-01 2.800e-01
11 -1.968e+40 1.107e+14 1.000e+07 1.293e-05 7.000e-01 2.800e-01
12 -1.968e+40 1.117e+14 1.000e+07 1.269e-05 7.000e-01 2.800e-01
13 -1.968e+40 1.127e+14 1.000e+07 1.246e-05 7.000e-01 2.800e-01
14 -1.967e+40 1.138e+14 1.000e+07 1.223e-05 7.000e-01 2.800e-01
15 -1.967e+40 1.148e+14 1.000e+07 1.201e-05 7.000e-01 2.800e-01
16 -1.967e+40 1.159e+14 1.000e+07 1.179e-05 7.000e-01 2.800e-01
17 -1.967e+40 1.170e+14 1.000e+07 1.157e-05 7.000e-01 2.800e-01
18 -1.967e+40 1.181e+14 1.000e+07 1.136e-05 7.000e-01 2.800e-01
19 -1.966e+40 1.192e+14 1.000e+07 1.115e-05 7.000e-01 2.800e-01
20 -1.966e+40 1.203e+14 1.000e+07 1.095e-05 7.000e-01 2.800e-01
21 -1.966e+40 1.214e+14 1.000e+07 1.075e-05 7.000e-01 2.800e-01
22 -1.966e+40 1.225e+14 1.000e+07 1.055e-05 7.000e-01 2.800e-01
23 -1.965e+40 1.236e+14 1.000e+07 1.036e-05 7.000e-01 2.800e-01
24 -1.965e+40 1.248e+14 1.000e+07 1.017e-05 7.000e-01 2.800e-01
25 -1.965e+40 1.260e+14 1.000e+07 9.983e-06 7.000e-01 2.800e-01
26 -1.965e+40 1.271e+14 1.000e+07 9.800e-06 7.000e-01 2.800e-01
27 -1.964e+40 1.283e+14 1.000e+07 9.621e-06 7.000e-01 2.800e-01
28 -1.964e+40 1.295e+14 1.000e+07 9.445e-06 7.000e-01 2.800e-01
29 -1.964e+40 1.307e+14 1.000e+07 9.272e-06 7.000e-01 2.800e-01
30 -1.964e+40 1.319e+14 1.000e+07 9.103e-06 7.000e-01 2.800e-01
31 -1.964e+40 1.331e+14 1.000e+07 8.936e-06 7.000e-01 2.800e-01
32 -1.963e+40 1.344e+14 1.000e+07 8.773e-06 7.000e-01 2.800e-01
33 -1.963e+40 1.356e+14 1.000e+07 8.612e-06 7.000e-01 2.800e-01
34 -1.963e+40 1.369e+14 1.000e+07 8.455e-06 7.000e-01 2.800e-01
35 -1.963e+40 1.381e+14 1.000e+07 8.300e-06 7.000e-01 2.800e-01
36 -1.962e+40 1.394e+14 1.000e+07 8.148e-06 7.000e-01 2.800e-01
37 -1.962e+40 1.407e+14 1.000e+07 7.999e-06 7.000e-01 2.800e-01
38 -1.962e+40 1.420e+14 1.000e+07 7.853e-06 7.000e-01 2.800e-01
39 -1.961e+40 1.433e+14 1.000e+07 7.709e-06 7.000e-01 2.800e-01
40 -1.961e+40 1.447e+14 1.000e+07 7.568e-06 7.000e-01 2.800e-01
41 -1.961e+40 1.460e+14 1.000e+07 7.430e-06 7.000e-01 2.800e-01
42 -1.961e+40 1.473e+14 1.000e+07 7.294e-06 7.000e-01 2.800e-01
43 -1.960e+40 1.487e+14 1.000e+07 7.161e-06 7.000e-01 2.800e-01
44 -1.960e+40 1.501e+14 1.000e+07 7.030e-06 7.000e-01 2.800e-01
45 -1.960e+40 1.515e+14 1.000e+07 6.901e-06 7.000e-01 2.800e-01
46 -1.960e+40 1.529e+14 1.000e+07 6.775e-06 7.000e-01 2.800e-01
47 -1.959e+40 1.543e+14 1.000e+07 6.651e-06 7.000e-01 2.800e-01
48 -1.959e+40 1.557e+14 1.000e+07 6.529e-06 7.000e-01 2.800e-01
49 -1.959e+40 1.572e+14 1.000e+07 6.410e-06 7.000e-01 2.800e-01
50 -1.958e+40 1.586e+14 1.000e+07 6.293e-06 7.000e-01 2.800e-01
51 -1.958e+40 1.601e+14 1.000e+07 6.178e-06 7.000e-01 2.800e-01
52 -1.958e+40 1.616e+14 1.000e+07 6.065e-06 7.000e-01 2.800e-01
53 -1.958e+40 1.631e+14 1.000e+07 5.954e-06 7.000e-01 2.800e-01
54 -1.957e+40 1.646e+14 1.000e+07 5.845e-06 7.000e-01 2.800e-01
55 -1.957e+40 1.661e+14 1.000e+07 5.738e-06 7.000e-01 2.800e-01
56 -1.957e+40 1.677e+14 1.000e+07 5.633e-06 7.000e-01 2.800e-01
57 -1.956e+40 1.692e+14 1.000e+07 5.530e-06 7.000e-01 2.800e-01
58 -1.956e+40 1.708e+14 1.000e+07 5.429e-06 7.000e-01 2.800e-01
59 -1.956e+40 1.724e+14 1.000e+07 5.330e-06 7.000e-01 2.800e-01
60 -1.955e+40 1.740e+14 1.000e+07 5.232e-06 7.000e-01 2.800e-01
61 -1.955e+40 1.756e+14 1.000e+07 5.136e-06 7.000e-01 2.800e-01
62 -1.955e+40 1.772e+14 1.000e+07 5.043e-06 7.000e-01 2.800e-01
63 -1.954e+40 1.789e+14 1.000e+07 4.950e-06 7.000e-01 2.800e-01
64 -1.954e+40 1.805e+14 1.000e+07 4.860e-06 7.000e-01 2.800e-01
65 -1.954e+40 1.822e+14 1.000e+07 4.771e-06 7.000e-01 2.800e-01
66 -1.953e+40 1.839e+14 1.000e+07 4.684e-06 7.000e-01 2.800e-01
67 -1.953e+40 1.856e+14 1.000e+07 4.598e-06 7.000e-01 2.800e-01
68 -1.953e+40 1.873e+14 1.000e+07 4.514e-06 7.000e-01 2.800e-01
69 -1.952e+40 1.890e+14 1.000e+07 4.431e-06 7.000e-01 2.800e-01
70 -1.952e+40 1.908e+14 1.000e+07 4.350e-06 7.000e-01 2.800e-01
71 -1.952e+40 1.926e+14 1.000e+07 4.271e-06 7.000e-01 2.800e-01
72 -1.951e+40 1.943e+14 1.000e+07 4.193e-06 7.000e-01 2.800e-01
73 -1.951e+40 1.961e+14 1.000e+07 4.116e-06 7.000e-01 2.800e-01
74 -1.951e+40 1.980e+14 1.000e+07 4.041e-06 7.000e-01 2.800e-01
75 -1.950e+40 1.998e+14 1.000e+07 3.967e-06 7.000e-01 2.800e-01
76 -1.950e+40 2.017e+14 1.000e+07 3.894e-06 7.000e-01 2.800e-01
77 -1.949e+40 2.035e+14 1.000e+07 3.823e-06 7.000e-01 2.800e-01
78 -1.949e+40 2.054e+14 1.000e+07 3.753e-06 7.000e-01 2.800e-01
79 -1.949e+40 2.073e+14 1.000e+07 3.684e-06 7.000e-01 2.800e-01
80 -1.948e+40 2.092e+14 1.000e+07 3.617e-06 7.000e-01 2.800e-01
81 -1.948e+40 2.112e+14 1.000e+07 3.551e-06 7.000e-01 2.800e-01
82 -1.948e+40 2.131e+14 1.000e+07 3.486e-06 7.000e-01 2.800e-01
83 -1.947e+40 2.151e+14 1.000e+07 3.422e-06 7.000e-01 2.800e-01
84 -1.947e+40 2.171e+14 1.000e+07 3.360e-06 7.000e-01 2.800e-01
85 -1.946e+40 2.191e+14 1.000e+07 3.298e-06 7.000e-01 2.800e-01
86 -1.946e+40 2.212e+14 1.000e+07 3.238e-06 7.000e-01 2.800e-01
87 -1.946e+40 2.232e+14 1.000e+07 3.179e-06 7.000e-01 2.800e-01
88 -1.945e+40 2.253e+14 1.000e+07 3.121e-06 7.000e-01 2.800e-01
89 -1.945e+40 2.274e+14 1.000e+07 3.063e-06 7.000e-01 2.800e-01
90 -1.944e+40 2.295e+14 1.000e+07 3.007e-06 7.000e-01 2.800e-01
91 -1.944e+40 2.316e+14 1.000e+07 2.952e-06 7.000e-01 2.800e-01
92 -1.943e+40 2.337e+14 1.000e+07 2.898e-06 7.000e-01 2.800e-01
93 -1.943e+40 2.359e+14 1.000e+07 2.845e-06 7.000e-01 2.800e-01
94 -1.943e+40 2.381e+14 1.000e+07 2.793e-06 7.000e-01 2.800e-01
95 -1.942e+40 2.403e+14 1.000e+07 2.742e-06 7.000e-01 2.800e-01
96 -1.942e+40 2.425e+14 1.000e+07 2.692e-06 7.000e-01 2.800e-01
97 -1.941e+40 2.448e+14 1.000e+07 2.643e-06 7.000e-01 2.800e-01
98 -1.941e+40 2.471e+14 1.000e+07 2.595e-06 7.000e-01 2.800e-01
99 -1.940e+40 2.493e+14 1.000e+07 2.547e-06 7.000e-01 2.800e-01
100 -1.940e+40 2.517e+14 1.000e+07 2.501e-06 7.000e-01 2.800e-01
101 -1.939e+40 2.540e+14 1.000e+07 2.455e-06 7.000e-01 2.800e-01
102 -1.939e+40 2.563e+14 1.000e+07 2.410e-06 7.000e-01 2.800e-01
103 -1.939e+40 2.587e+14 1.000e+07 2.366e-06 7.000e-01 2.800e-01
104 -1.938e+40 2.611e+14 1.000e+07 2.323e-06 7.000e-01 2.800e-01
105 -1.938e+40 2.635e+14 1.000e+07 2.280e-06 7.000e-01 2.800e-01
106 -1.937e+40 2.660e+14 1.000e+07 2.238e-06 7.000e-01 2.800e-01
107 -1.937e+40 2.684e+14 1.000e+07 2.197e-06 7.000e-01 2.800e-01
108 -1.936e+40 2.709e+14 1.000e+07 2.157e-06 7.000e-01 2.800e-01
109 -1.936e+40 2.734e+14 1.000e+07 2.118e-06 7.000e-01 2.800e-01
110 -1.935e+40 2.760e+14 1.000e+07 2.079e-06 7.000e-01 2.800e-01
111 -1.935e+40 2.785e+14 1.000e+07 2.041e-06 7.000e-01 2.800e-01
112 -1.934e+40 2.811e+14 1.000e+07 2.004e-06 7.000e-01 2.800e-01
113 -1.934e+40 2.837e+14 1.000e+07 1.967e-06 7.000e-01 2.800e-01
114 -1.933e+40 2.864e+14 1.000e+07 1.931e-06 7.000e-01 2.800e-01
115 -1.932e+40 2.890e+14 1.000e+07 1.896e-06 7.000e-01 2.800e-01
116 -1.932e+40 2.917e+14 1.000e+07 1.861e-06 7.000e-01 2.800e-01
117 -1.931e+40 2.944e+14 1.000e+07 1.827e-06 7.000e-01 2.800e-01
118 -1.931e+40 2.971e+14 1.000e+07 1.794e-06 7.000e-01 2.800e-01
119 -1.930e+40 2.999e+14 1.000e+07 1.761e-06 7.000e-01 2.800e-01
120 -1.930e+40 3.027e+14 1.000e+07 1.729e-06 7.000e-01 2.800e-01
121 -1.929e+40 3.055e+14 1.000e+07 1.697e-06 7.000e-01 2.800e-01
122 -1.929e+40 3.083e+14 1.000e+07 1.666e-06 7.000e-01 2.800e-01
123 -1.928e+40 3.112e+14 1.000e+07 1.636e-06 7.000e-01 2.800e-01
124 -1.928e+40 3.140e+14 1.000e+07 1.606e-06 7.000e-01 2.800e-01
125 -1.927e+40 3.170e+14 1.000e+07 1.576e-06 7.000e-01 2.800e-01
126 -1.926e+40 3.199e+14 1.000e+07 1.547e-06 7.000e-01 2.800e-01
127 -1.926e+40 3.229e+14 1.000e+07 1.519e-06 7.000e-01 2.800e-01
128 -1.925e+40 3.259e+14 1.000e+07 1.491e-06 7.000e-01 2.800e-01
129 -1.925e+40 3.289e+14 1.000e+07 1.464e-06 7.000e-01 2.800e-01
130 -1.924e+40 3.319e+14 1.000e+07 1.437e-06 7.000e-01 2.800e-01
131 -1.923e+40 3.350e+14 1.000e+07 1.411e-06 7.000e-01 2.800e-01
132 -1.923e+40 3.381e+14 1.000e+07 1.385e-06 7.000e-01 2.800e-01
133 -1.922e+40 3.412e+14 1.000e+07 1.360e-06 7.000e-01 2.800e-01
134 -1.921e+40 3.444e+14 1.000e+07 1.335e-06 7.000e-01 2.800e-01
135 -1.921e+40 3.476e+14 1.000e+07 1.311e-06 7.000e-01 2.800e-01
136 -1.920e+40 3.508e+14 1.000e+07 1.287e-06 7.000e-01 2.800e-01
137 -1.920e+40 3.541e+14 1.000e+07 1.263e-06 7.000e-01 2.800e-01
138 -1.919e+40 3.574e+14 1.000e+07 1.240e-06 7.000e-01 2.800e-01
139 -1.918e+40 3.607e+14 1.000e+07 1.217e-06 7.000e-01 2.800e-01
140 -1.918e+40 3.640e+14 1.000e+07 1.195e-06 7.000e-01 2.800e-01
141 -1.917e+40 3.674e+14 1.000e+07 1.173e-06 7.000e-01 2.800e-01
142 -1.916e+40 3.708e+14 1.000e+07 1.152e-06 7.000e-01 2.800e-01
143 -1.916e+40 3.742e+14 1.000e+07 1.131e-06 7.000e-01 2.800e-01
144 -1.915e+40 3.777e+14 1.000e+07 1.110e-06 7.000e-01 2.800e-01
145 -1.914e+40 3.812e+14 1.000e+07 1.090e-06 7.000e-01 2.800e-01
146 -1.913e+40 3.847e+14 1.000e+07 1.070e-06 7.000e-01 2.800e-01
147 -1.913e+40 3.883e+14 1.000e+07 1.050e-06 7.000e-01 2.800e-01
148 -1.912e+40 3.919e+14 1.000e+07 1.031e-06 7.000e-01 2.800e-01
149 -1.911e+40 3.955e+14 1.000e+07 1.012e-06 7.000e-01 2.800e-01
150 -1.911e+40 3.992e+14 1.000e+07 9.937e-07 7.000e-01 2.800e-01
151 -1.910e+40 4.029e+14 1.000e+07 9.755e-07 7.000e-01 2.800e-01
152 -1.909e+40 4.066e+14 1.000e+07 9.576e-07 7.000e-01 2.800e-01
153 -1.908e+40 4.104e+14 1.000e+07 9.401e-07 7.000e-01 2.800e-01
154 -1.908e+40 4.142e+14 1.000e+07 9.229e-07 7.000e-01 2.800e-01
155 -1.907e+40 4.181e+14 1.000e+07 9.061e-07 7.000e-01 2.800e-01
156 -1.906e+40 4.219e+14 1.000e+07 8.895e-07 7.000e-01 2.800e-01
157 -1.905e+40 4.259e+14 1.000e+07 8.732e-07 7.000e-01 2.800e-01
158 -1.904e+40 4.298e+14 1.000e+07 8.573e-07 7.000e-01 2.800e-01
159 -1.904e+40 4.338e+14 1.000e+07 8.416e-07 7.000e-01 2.800e-01
160 -1.903e+40 4.378e+14 1.000e+07 8.262e-07 7.000e-01 2.800e-01
161 -1.902e+40 4.419e+14 1.000e+07 8.111e-07 7.000e-01 2.800e-01
162 -1.901e+40 4.460e+14 1.000e+07 7.962e-07 7.000e-01 2.800e-01
163 -1.900e+40 4.501e+14 1.000e+07 7.817e-07 7.000e-01 2.800e-01
164 -1.900e+40 4.543e+14 1.000e+07 7.674e-07 7.000e-01 2.800e-01
165 -1.899e+40 4.585e+14 1.000e+07 7.534e-07 7.000e-01 2.800e-01
166 -1.898e+40 4.627e+14 1.000e+07 7.396e-07 7.000e-01 2.800e-01
167 -1.897e+40 4.670e+14 1.000e+07 7.260e-07 7.000e-01 2.800e-01
168 -1.896e+40 4.714e+14 1.000e+07 7.128e-07 7.000e-01 2.800e-01
169 -1.895e+40 4.757e+14 1.000e+07 6.997e-07 7.000e-01 2.800e-01
170 -1.894e+40 4.801e+14 1.000e+07 6.869e-07 7.000e-01 2.800e-01
171 -1.894e+40 4.846e+14 1.000e+07 6.744e-07 7.000e-01 2.800e-01
172 -1.893e+40 4.891e+14 1.000e+07 6.620e-07 7.000e-01 2.800e-01
173 -1.892e+40 4.936e+14 1.000e+07 6.499e-07 7.000e-01 2.800e-01
174 -1.891e+40 4.982e+14 1.000e+07 6.380e-07 7.000e-01 2.800e-01
175 -1.890e+40 5.028e+14 1.000e+07 6.264e-07 7.000e-01 2.800e-01
176 -1.889e+40 5.075e+14 1.000e+07 6.149e-07 7.000e-01 2.800e-01
177 -1.888e+40 5.122e+14 1.000e+07 6.037e-07 7.000e-01 2.800e-01
178 -1.887e+40 5.169e+14 1.000e+07 5.926e-07 7.000e-01 2.800e-01
179 -1.886e+40 5.217e+14 1.000e+07 5.818e-07 7.000e-01 2.800e-01
180 -1.885e+40 5.266e+14 1.000e+07 5.712e-07 7.000e-01 2.800e-01
181 -1.884e+40 5.314e+14 1.000e+07 5.607e-07 7.000e-01 2.800e-01
182 -1.883e+40 5.364e+14 1.000e+07 5.505e-07 7.000e-01 2.800e-01
183 -1.882e+40 5.413e+14 1.000e+07 5.404e-07 7.000e-01 2.800e-01
184 -1.881e+40 5.464e+14 1.000e+07 5.305e-07 7.000e-01 2.800e-01
185 -1.880e+40 5.514e+14 1.000e+07 5.208e-07 7.000e-01 2.800e-01
186 -1.879e+40 5.565e+14 1.000e+07 5.113e-07 7.000e-01 2.800e-01
187 -1.878e+40 5.617e+14 1.000e+07 5.019e-07 7.000e-01 2.800e-01
188 -1.877e+40 5.669e+14 1.000e+07 4.928e-07 7.000e-01 2.800e-01
189 -1.876e+40 5.722e+14 1.000e+07 4.837e-07 7.000e-01 2.800e-01
190 -1.875e+40 5.775e+14 1.000e+07 4.749e-07 7.000e-01 2.800e-01
191 -1.874e+40 5.828e+14 1.000e+07 4.662e-07 7.000e-01 2.800e-01
192 -1.873e+40 5.882e+14 1.000e+07 4.577e-07 7.000e-01 2.800e-01
193 -1.872e+40 5.937e+14 1.000e+07 4.493e-07 7.000e-01 2.800e-01
194 -1.871e+40 5.992e+14 1.000e+07 4.411e-07 7.000e-01 2.800e-01
195 -1.870e+40 6.047e+14 1.000e+07 4.330e-07 7.000e-01 2.800e-01
196 -1.869e+40 6.103e+14 1.000e+07 4.251e-07 7.000e-01 2.800e-01
197 -1.867e+40 6.160e+14 1.000e+07 4.173e-07 7.000e-01 2.800e-01
198 -1.866e+40 6.217e+14 1.000e+07 4.097e-07 7.000e-01 2.800e-01
199 -1.865e+40 6.275e+14 1.000e+07 4.022e-07 7.000e-01 2.800e-01
200 -1.864e+40 6.333e+14 1.000e+07 3.949e-07 7.000e-01 2.800e-01
201 -1.863e+40 6.392e+14 1.000e+07 3.876e-07 7.000e-01 2.800e-01
202 -1.862e+40 6.451e+14 1.000e+07 3.805e-07 7.000e-01 2.800e-01
203 -1.860e+40 6.511e+14 1.000e+07 3.736e-07 7.000e-01 2.800e-01
204 -1.859e+40 6.571e+14 1.000e+07 3.668e-07 7.000e-01 2.800e-01
205 -1.858e+40 6.632e+14 1.000e+07 3.600e-07 7.000e-01 2.800e-01
206 -1.857e+40 6.693e+14 1.000e+07 3.535e-07 7.000e-01 2.800e-01
207 -1.856e+40 6.756e+14 1.000e+07 3.470e-07 7.000e-01 2.800e-01
208 -1.854e+40 6.818e+14 1.000e+07 3.407e-07 7.000e-01 2.800e-01
209 -1.853e+40 6.881e+14 1.000e+07 3.344e-07 7.000e-01 2.800e-01
210 -1.852e+40 6.945e+14 1.000e+07 3.283e-07 7.000e-01 2.800e-01
211 -1.851e+40 7.010e+14 1.000e+07 3.223e-07 7.000e-01 2.800e-01
212 -1.849e+40 7.075e+14 1.000e+07 3.164e-07 7.000e-01 2.800e-01
213 -1.848e+40 7.140e+14 1.000e+07 3.106e-07 7.000e-01 2.800e-01
214 -1.847e+40 7.206e+14 1.000e+07 3.049e-07 7.000e-01 2.800e-01
215 -1.845e+40 7.273e+14 1.000e+07 2.994e-07 7.000e-01 2.800e-01
216 -1.844e+40 7.341e+14 1.000e+07 2.939e-07 7.000e-01 2.800e-01
217 -1.843e+40 7.409e+14 1.000e+07 2.885e-07 7.000e-01 2.800e-01
218 -1.841e+40 7.477e+14 1.000e+07 2.832e-07 7.000e-01 2.800e-01
219 -1.840e+40 7.547e+14 1.000e+07 2.781e-07 7.000e-01 2.800e-01
220 -1.838e+40 7.617e+14 1.000e+07 2.730e-07 7.000e-01 2.800e-01
221 -1.837e+40 7.687e+14 1.000e+07 2.680e-07 7.000e-01 2.800e-01
222 -1.836e+40 7.759e+14 1.000e+07 2.631e-07 7.000e-01 2.800e-01
223 -1.834e+40 7.830e+14 1.000e+07 2.583e-07 7.000e-01 2.800e-01
224 -1.833e+40 7.903e+14 1.000e+07 2.535e-07 7.000e-01 2.800e-01
225 -1.831e+40 7.976e+14 1.000e+07 2.489e-07 7.000e-01 2.800e-01
226 -1.830e+40 8.050e+14 1.000e+07 2.444e-07 7.000e-01 2.800e-01
227 -1.828e+40 8.125e+14 1.000e+07 2.399e-07 7.000e-01 2.800e-01
228 -1.827e+40 8.200e+14 1.000e+07 2.355e-07 7.000e-01 2.800e-01
229 -1.825e+40 8.276e+14 1.000e+07 2.312e-07 7.000e-01 2.800e-01
230 -1.824e+40 8.353e+14 1.000e+07 2.270e-07 7.000e-01 2.800e-01
231 -1.822e+40 8.430e+14 1.000e+07 2.228e-07 7.000e-01 2.800e-01
232 -1.821e+40 8.509e+14 1.000e+07 2.187e-07 7.000e-01 2.800e-01
233 -1.819e+40 8.588e+14 1.000e+07 2.147e-07 7.000e-01 2.800e-01
234 -1.818e+40 8.667e+14 1.000e+07 2.108e-07 7.000e-01 2.800e-01
235 -1.816e+40 8.747e+14 1.000e+07 2.070e-07 7.000e-01 2.800e-01
236 -1.814e+40 8.829e+14 1.000e+07 2.032e-07 7.000e-01 2.800e-01
237 -1.813e+40 8.910e+14 1.000e+07 1.995e-07 7.000e-01 2.800e-01
238 -1.811e+40 8.993e+14 1.000e+07 1.958e-07 7.000e-01 2.800e-01
239 -1.809e+40 9.076e+14 1.000e+07 1.922e-07 7.000e-01 2.800e-01
240 -1.808e+40 9.161e+14 1.000e+07 1.887e-07 7.000e-01 2.800e-01
241 -1.806e+40 9.246e+14 1.000e+07 1.853e-07 7.000e-01 2.800e-01
242 -1.804e+40 9.331e+14 1.000e+07 1.819e-07 7.000e-01 2.800e-01
243 -1.803e+40 9.418e+14 1.000e+07 1.785e-07 7.000e-01 2.800e-01
244 -1.801e+40 9.505e+14 1.000e+07 1.753e-07 7.000e-01 2.800e-01
245 -1.799e+40 9.593e+14 1.000e+07 1.721e-07 7.000e-01 2.800e-01
246 -1.797e+40 9.682e+14 1.000e+07 1.689e-07 7.000e-01 2.800e-01
247 -1.796e+40 9.772e+14 1.000e+07 1.658e-07 7.000e-01 2.800e-01
248 -1.794e+40 9.863e+14 1.000e+07 1.628e-07 7.000e-01 2.800e-01
249 -1.792e+40 9.954e+14 1.000e+07 1.598e-07 7.000e-01 2.800e-01
250 -1.790e+40 1.005e+15 1.000e+07 1.569e-07 7.000e-01 2.800e-01
251 -1.788e+40 1.014e+15 1.000e+07 1.540e-07 7.000e-01 2.800e-01
252 -1.786e+40 1.023e+15 1.000e+07 1.512e-07 7.000e-01 2.800e-01
253 -1.784e+40 1.033e+15 1.000e+07 1.485e-07 7.000e-01 2.800e-01
254 -1.783e+40 1.042e+15 1.000e+07 1.457e-07 7.000e-01 2.800e-01
255 -1.781e+40 1.052e+15 1.000e+07 1.431e-07 7.000e-01 2.800e-01
256 -1.779e+40 1.062e+15 1.000e+07 1.405e-07 7.000e-01 2.800e-01
257 -1.777e+40 1.072e+15 1.000e+07 1.379e-07 7.000e-01 2.800e-01
258 -1.775e+40 1.082e+15 1.000e+07 1.354e-07 7.000e-01 2.800e-01
259 -1.773e+40 1.092e+15 1.000e+07 1.329e-07 7.000e-01 2.800e-01
260 -1.771e+40 1.102e+15 1.000e+07 1.305e-07 7.000e-01 2.800e-01
261 -1.769e+40 1.112e+15 1.000e+07 1.281e-07 7.000e-01 2.800e-01
262 -1.767e+40 1.122e+15 1.000e+07 1.257e-07 7.000e-01 2.800e-01
263 -1.765e+40 1.133e+15 1.000e+07 1.234e-07 7.000e-01 2.800e-01
264 -1.763e+40 1.143e+15 1.000e+07 1.212e-07 7.000e-01 2.800e-01
265 -1.760e+40 1.154e+15 1.000e+07 1.190e-07 7.000e-01 2.800e-01
266 -1.758e+40 1.164e+15 1.000e+07 1.168e-07 7.000e-01 2.800e-01
267 -1.756e+40 1.175e+15 1.000e+07 1.146e-07 7.000e-01 2.800e-01
268 -1.754e+40 1.186e+15 1.000e+07 1.126e-07 7.000e-01 2.800e-01
269 -1.752e+40 1.197e+15 1.000e+07 1.105e-07 7.000e-01 2.800e-01
270 -1.750e+40 1.208e+15 1.000e+07 1.085e-07 7.000e-01 2.800e-01
271 -1.747e+40 1.219e+15 1.000e+07 1.065e-07 7.000e-01 2.800e-01
272 -1.745e+40 1.231e+15 1.000e+07 1.045e-07 7.000e-01 2.800e-01
273 -1.743e+40 1.242e+15 1.000e+07 1.026e-07 7.000e-01 2.800e-01
274 -1.741e+40 1.254e+15 1.000e+07 1.008e-07 7.000e-01 2.800e-01
275 -1.738e+40 1.265e+15 1.000e+07 9.891e-08 7.000e-01 2.800e-01
276 -1.736e+40 1.277e+15 1.000e+07 9.710e-08 7.000e-01 2.800e-01
277 -1.734e+40 1.289e+15 1.000e+07 9.532e-08 7.000e-01 2.800e-01
278 -1.731e+40 1.301e+15 1.000e+07 9.358e-08 7.000e-01 2.800e-01
279 -1.729e+40 1.313e+15 1.000e+07 9.187e-08 7.000e-01 2.800e-01
280 -1.726e+40 1.325e+15 1.000e+07 9.019e-08 7.000e-01 2.800e-01
281 -1.724e+40 1.337e+15 1.000e+07 8.854e-08 7.000e-01 2.800e-01
282 -1.721e+40 1.350e+15 1.000e+07 8.692e-08 7.000e-01 2.800e-01
283 -1.719e+40 1.362e+15 1.000e+07 8.533e-08 7.000e-01 2.800e-01
284 -1.716e+40 1.375e+15 1.000e+07 8.377e-08 7.000e-01 2.800e-01
285 -1.714e+40 1.388e+15 1.000e+07 8.224e-08 7.000e-01 2.800e-01
286 -1.711e+40 1.401e+15 1.000e+07 8.073e-08 7.000e-01 2.800e-01
287 -1.709e+40 1.414e+15 1.000e+07 7.926e-08 7.000e-01 2.800e-01
288 -1.706e+40 1.427e+15 1.000e+07 7.781e-08 7.000e-01 2.800e-01
289 -1.703e+40 1.440e+15 1.000e+07 7.639e-08 7.000e-01 2.800e-01
290 -1.701e+40 1.453e+15 1.000e+07 7.499e-08 7.000e-01 2.800e-01
291 -1.698e+40 1.467e+15 1.000e+07 7.362e-08 7.000e-01 2.800e-01
292 -1.695e+40 1.480e+15 1.000e+07 7.227e-08 7.000e-01 2.800e-01
293 -1.693e+40 1.494e+15 1.000e+07 7.095e-08 7.000e-01 2.800e-01
294 -1.690e+40 1.508e+15 1.000e+07 6.965e-08 7.000e-01 2.800e-01
295 -1.687e+40 1.522e+15 1.000e+07 6.838e-08 7.000e-01 2.800e-01
296 -1.684e+40 1.536e+15 1.000e+07 6.713e-08 7.000e-01 2.800e-01
297 -1.682e+40 1.550e+15 1.000e+07 6.590e-08 7.000e-01 2.800e-01
298 -1.679e+40 1.565e+15 1.000e+07 6.469e-08 7.000e-01 2.800e-01
299 -1.676e+40 1.579e+15 1.000e+07 6.351e-08 7.000e-01 2.800e-01
300 -1.673e+40 1.594e+15 1.000e+07 6.235e-08 7.000e-01 2.800e-01
301 -1.670e+40 1.608e+15 1.000e+07 6.121e-08 7.000e-01 2.800e-01
302 -1.667e+40 1.623e+15 1.000e+07 6.009e-08 7.000e-01 2.800e-01
303 -1.664e+40 1.638e+15 1.000e+07 5.899e-08 7.000e-01 2.800e-01
304 -1.661e+40 1.654e+15 1.000e+07 5.791e-08 7.000e-01 2.800e-01
305 -1.658e+40 1.669e+15 1.000e+07 5.685e-08 7.000e-01 2.800e-01
306 -1.655e+40 1.684e+15 1.000e+07 5.581e-08 7.000e-01 2.800e-01
307 -1.652e+40 1.700e+15 1.000e+07 5.479e-08 7.000e-01 2.800e-01
308 -1.649e+40 1.716e+15 1.000e+07 5.379e-08 7.000e-01 2.800e-01
309 -1.645e+40 1.732e+15 1.000e+07 5.281e-08 7.000e-01 2.800e-01
310 -1.642e+40 1.748e+15 1.000e+07 5.184e-08 7.000e-01 2.800e-01
311 -1.639e+40 1.764e+15 1.000e+07 5.089e-08 7.000e-01 2.800e-01
312 -1.636e+40 1.780e+15 1.000e+07 4.996e-08 7.000e-01 2.800e-01
313 -1.632e+40 1.797e+15 1.000e+07 4.905e-08 7.000e-01 2.800e-01
314 -1.629e+40 1.813e+15 1.000e+07 4.815e-08 7.000e-01 2.800e-01
315 -1.626e+40 1.830e+15 1.000e+07 4.727e-08 7.000e-01 2.800e-01
316 -1.622e+40 1.847e+15 1.000e+07 4.641e-08 7.000e-01 2.800e-01
317 -1.619e+40 1.864e+15 1.000e+07 4.556e-08 7.000e-01 2.800e-01
318 -1.616e+40 1.882e+15 1.000e+07 4.472e-08 7.000e-01 2.800e-01
319 -1.612e+40 1.899e+15 1.000e+07 4.391e-08 7.000e-01 2.800e-01
320 -1.609e+40 1.917e+15 1.000e+07 4.310e-08 7.000e-01 2.800e-01
321 -1.605e+40 1.935e+15 1.000e+07 4.232e-08 7.000e-01 2.800e-01
322 -1.601e+40 1.952e+15 1.000e+07 4.154e-08 7.000e-01 2.800e-01
323 -1.598e+40 1.971e+15 1.000e+07 4.078e-08 7.000e-01 2.800e-01
324 -1.594e+40 1.989e+15 1.000e+07 4.004e-08 7.000e-01 2.800e-01
325 -1.591e+40 2.007e+15 1.000e+07 3.930e-08 7.000e-01 2.800e-01
326 -1.587e+40 2.026e+15 1.000e+07 3.858e-08 7.000e-01 2.800e-01
327 -1.583e+40 2.045e+15 1.000e+07 3.788e-08 7.000e-01 2.800e-01
328 -1.579e+40 2.064e+15 1.000e+07 3.719e-08 7.000e-01 2.800e-01
329 -1.576e+40 2.083e+15 1.000e+07 3.651e-08 7.000e-01 2.800e-01
330 -1.572e+40 2.102e+15 1.000e+07 3.584e-08 7.000e-01 2.800e-01
331 -1.568e+40 2.122e+15 1.000e+07 3.518e-08 7.000e-01 2.800e-01
332 -1.564e+40 2.141e+15 1.000e+07 3.454e-08 7.000e-01 2.800e-01
333 -1.560e+40 2.161e+15 1.000e+07 3.391e-08 7.000e-01 2.800e-01
334 -1.556e+40 2.181e+15 1.000e+07 3.329e-08 7.000e-01 2.800e-01
335 -1.552e+40 2.201e+15 1.000e+07 3.268e-08 7.000e-01 2.800e-01
336 -1.548e+40 2.222e+15 1.000e+07 3.208e-08 7.000e-01 2.800e-01
337 -1.544e+40 2.242e+15 1.000e+07 3.149e-08 7.000e-01 2.800e-01
338 -1.540e+40 2.263e+15 1.000e+07 3.092e-08 7.000e-01 2.800e-01
339 -1.535e+40 2.284e+15 1.000e+07 3.035e-08 7.000e-01 2.800e-01
340 -1.531e+40 2.305e+15 1.000e+07 2.980e-08 7.000e-01 2.800e-01
341 -1.527e+40 2.327e+15 1.000e+07 2.925e-08 7.000e-01 2.800e-01
342 -1.523e+40 2.348e+15 1.000e+07 2.872e-08 7.000e-01 2.800e-01
343 -1.518e+40 2.370e+15 1.000e+07 2.819e-08 7.000e-01 2.800e-01
344 -1.514e+40 2.392e+15 1.000e+07 2.768e-08 7.000e-01 2.800e-01
345 -1.510e+40 2.414e+15 1.000e+07 2.717e-08 7.000e-01 2.800e-01
346 -1.505e+40 2.437e+15 1.000e+07 2.667e-08 7.000e-01 2.800e-01
347 -1.501e+40 2.459e+15 1.000e+07 2.619e-08 7.000e-01 2.800e-01
348 -1.496e+40 2.482e+15 1.000e+07 2.571e-08 7.000e-01 2.800e-01
349 -1.492e+40 2.505e+15 1.000e+07 2.524e-08 7.000e-01 2.800e-01
350 -1.487e+40 2.528e+15 1.000e+07 2.478e-08 7.000e-01 2.800e-01
351 -1.482e+40 2.552e+15 1.000e+07 2.432e-08 7.000e-01 2.800e-01
352 -1.478e+40 2.575e+15 1.000e+07 2.388e-08 7.000e-01 2.800e-01
353 -1.473e+40 2.599e+15 1.000e+07 2.344e-08 7.000e-01 2.800e-01
354 -1.468e+40 2.623e+15 1.000e+07 2.301e-08 7.000e-01 2.800e-01
355 -1.463e+40 2.648e+15 1.000e+07 2.259e-08 7.000e-01 2.800e-01
356 -1.458e+40 2.672e+15 1.000e+07 2.218e-08 7.000e-01 2.800e-01
357 -1.453e+40 2.697e+15 1.000e+07 2.177e-08 7.000e-01 2.800e-01
358 -1.448e+40 2.722e+15 1.000e+07 2.137e-08 7.000e-01 2.800e-01
359 -1.443e+40 2.747e+15 1.000e+07 2.098e-08 7.000e-01 2.800e-01
360 -1.438e+40 2.773e+15 1.000e+07 2.060e-08 7.000e-01 2.800e-01
361 -1.433e+40 2.798e+15 1.000e+07 2.022e-08 7.000e-01 2.800e-01
362 -1.428e+40 2.824e+15 1.000e+07 1.985e-08 7.000e-01 2.800e-01
363 -1.423e+40 2.850e+15 1.000e+07 1.949e-08 7.000e-01 2.800e-01
364 -1.418e+40 2.877e+15 1.000e+07 1.913e-08 7.000e-01 2.800e-01
365 -1.412e+40 2.904e+15 1.000e+07 1.878e-08 7.000e-01 2.800e-01
366 -1.407e+40 2.930e+15 1.000e+07 1.844e-08 7.000e-01 2.800e-01
367 -1.401e+40 2.958e+15 1.000e+07 1.810e-08 7.000e-01 2.800e-01
368 -1.396e+40 2.985e+15 1.000e+07 1.777e-08 7.000e-01 2.800e-01
369 -1.390e+40 3.013e+15 1.000e+07 1.745e-08 7.000e-01 2.800e-01
370 -1.385e+40 3.041e+15 1.000e+07 1.713e-08 7.000e-01 2.800e-01
371 -1.379e+40 3.069e+15 1.000e+07 1.681e-08 7.000e-01 2.800e-01
372 -1.374e+40 3.097e+15 1.000e+07 1.651e-08 7.000e-01 2.800e-01
373 -1.368e+40 3.126e+15 1.000e+07 1.621e-08 7.000e-01 2.800e-01
374 -1.362e+40 3.155e+15 1.000e+07 1.591e-08 7.000e-01 2.800e-01
375 -1.356e+40 3.184e+15 1.000e+07 1.562e-08 7.000e-01 2.800e-01
376 -1.350e+40 3.214e+15 1.000e+07 1.533e-08 7.000e-01 2.800e-01
377 -1.345e+40 3.244e+15 1.000e+07 1.505e-08 7.000e-01 2.800e-01
378 -1.339e+40 3.274e+15 1.000e+07 1.478e-08 7.000e-01 2.800e-01
379 -1.333e+40 3.304e+15 1.000e+07 1.451e-08 7.000e-01 2.800e-01
380 -1.326e+40 3.335e+15 1.000e+07 1.424e-08 7.000e-01 2.800e-01
381 -1.320e+40 3.366e+15 1.000e+07 1.398e-08 7.000e-01 2.800e-01
382 -1.314e+40 3.397e+15 1.000e+07 1.373e-08 7.000e-01 2.800e-01
383 -1.308e+40 3.428e+15 1.000e+07 1.347e-08 7.000e-01 2.800e-01
384 -1.301e+40 3.460e+15 1.000e+07 1.323e-08 7.000e-01 2.800e-01
385 -1.295e+40 3.492e+15 1.000e+07 1.299e-08 7.000e-01 2.800e-01
386 -1.289e+40 3.524e+15 1.000e+07 1.275e-08 7.000e-01 2.800e-01
387 -1.282e+40 3.557e+15 1.000e+07 1.252e-08 7.000e-01 2.800e-01
388 -1.276e+40 3.590e+15 1.000e+07 1.229e-08 7.000e-01 2.800e-01
389 -1.269e+40 3.623e+15 1.000e+07 1.206e-08 7.000e-01 2.800e-01
390 -1.262e+40 3.657e+15 1.000e+07 1.184e-08 7.000e-01 2.800e-01
391 -1.256e+40 3.691e+15 1.000e+07 1.162e-08 7.000e-01 2.800e-01
392 -1.249e+40 3.725e+15 1.000e+07 1.141e-08 7.000e-01 2.800e-01
393 -1.242e+40 3.760e+15 1.000e+07 1.120e-08 7.000e-01 2.800e-01
394 -1.235e+40 3.795e+15 1.000e+07 1.100e-08 7.000e-01 2.800e-01
395 -1.228e+40 3.830e+15 1.000e+07 1.080e-08 7.000e-01 2.800e-01
396 -1.221e+40 3.865e+15 1.000e+07 1.060e-08 7.000e-01 2.800e-01
397 -1.214e+40 3.901e+15 1.000e+07 1.041e-08 7.000e-01 2.800e-01
398 -1.206e+40 3.937e+15 1.000e+07 1.022e-08 7.000e-01 2.800e-01
399 -1.199e+40 3.974e+15 1.000e+07 1.003e-08 7.000e-01 2.800e-01
400 -1.192e+40 4.011e+15 1.000e+07 9.845e-09 7.000e-01 2.800e-01
401 -1.184e+40 4.048e+15 1.000e+07 9.665e-09 7.000e-01 2.800e-01
402 -1.177e+40 4.085e+15 1.000e+07 9.489e-09 7.000e-01 2.800e-01
403 -1.169e+40 4.123e+15 1.000e+07 9.315e-09 7.000e-01 2.800e-01
404 -1.162e+40 4.161e+15 1.000e+07 9.145e-09 7.000e-01 2.800e-01
405 -1.154e+40 4.200e+15 1.000e+07 8.977e-09 7.000e-01 2.800e-01
406 -1.146e+40 4.239e+15 1.000e+07 8.813e-09 7.000e-01 2.800e-01
407 -1.139e+40 4.278e+15 1.000e+07 8.652e-09 7.000e-01 2.800e-01
408 -1.131e+40 4.318e+15 1.000e+07 8.494e-09 7.000e-01 2.800e-01
409 -1.123e+40 4.358e+15 1.000e+07 8.338e-09 7.000e-01 2.800e-01
410 -1.115e+40 4.398e+15 1.000e+07 8.186e-09 7.000e-01 2.800e-01
411 -1.107e+40 4.439e+15 1.000e+07 8.036e-09 7.000e-01 2.800e-01
412 -1.098e+40 4.480e+15 1.000e+07 7.889e-09 7.000e-01 2.800e-01
413 -1.090e+40 4.522e+15 1.000e+07 7.745e-09 7.000e-01 2.800e-01
414 -1.082e+40 4.564e+15 1.000e+07 7.603e-09 7.000e-01 2.800e-01
415 -1.073e+40 4.606e+15 1.000e+07 7.464e-09 7.000e-01 2.800e-01
416 -1.065e+40 4.649e+15 1.000e+07 7.328e-09 7.000e-01 2.800e-01
417 -1.056e+40 4.692e+15 1.000e+07 7.194e-09 7.000e-01 2.800e-01
418 -1.048e+40 4.735e+15 1.000e+07 7.062e-09 7.000e-01 2.800e-01
419 -1.039e+40 4.779e+15 1.000e+07 6.933e-09 7.000e-01 2.800e-01
420 -1.030e+40 4.824e+15 1.000e+07 6.806e-09 7.000e-01 2.800e-01
421 -1.021e+40 4.868e+15 1.000e+07 6.682e-09 7.000e-01 2.800e-01
422 -1.012e+40 4.913e+15 1.000e+07 6.560e-09 7.000e-01 2.800e-01
423 -1.003e+40 4.959e+15 1.000e+07 6.440e-09 7.000e-01 2.800e-01
424 -9.940e+39 5.005e+15 1.000e+07 6.322e-09 7.000e-01 2.800e-01
425 -9.848e+39 5.051e+15 1.000e+07 6.206e-09 7.000e-01 2.800e-01
426 -9.755e+39 5.098e+15 1.000e+07 6.093e-09 7.000e-01 2.800e-01
427 -9.661e+39 5.145e+15 1.000e+07 5.981e-09 7.000e-01 2.800e-01
428 -9.566e+39 5.193e+15 1.000e+07 5.872e-09 7.000e-01 2.800e-01
429 -9.470e+39 5.241e+15 1.000e+07 5.765e-09 7.000e-01 2.800e-01
430 -9.373e+39 5.290e+15 1.000e+07 5.659e-09 7.000e-01 2.800e-01
431 -9.276e+39 5.339e+15 1.000e+07 5.556e-09 7.000e-01 2.800e-01
432 -9.177e+39 5.388e+15 1.000e+07 5.454e-09 7.000e-01 2.800e-01
433 -9.078e+39 5.438e+15 1.000e+07 5.354e-09 7.000e-01 2.800e-01
434 -8.977e+39 5.489e+15 1.000e+07 5.256e-09 7.000e-01 2.800e-01
435 -8.876e+39 5.540e+15 1.000e+07 5.160e-09 7.000e-01 2.800e-01
436 -8.774e+39 5.591e+15 1.000e+07 5.066e-09 7.000e-01 2.800e-01
437 -8.671e+39 5.643e+15 1.000e+07 4.973e-09 7.000e-01 2.800e-01
438 -8.566e+39 5.695e+15 1.000e+07 4.882e-09 7.000e-01 2.800e-01
439 -8.461e+39 5.748e+15 1.000e+07 4.793e-09 7.000e-01 2.800e-01
440 -8.355e+39 5.801e+15 1.000e+07 4.705e-09 7.000e-01 2.800e-01
441 -8.248e+39 5.855e+15 1.000e+07 4.619e-09 7.000e-01 2.800e-01
442 -8.140e+39 5.909e+15 1.000e+07 4.535e-09 7.000e-01 2.800e-01
443 -8.031e+39 5.964e+15 1.000e+07 4.452e-09 7.000e-01 2.800e-01
444 -7.921e+39 6.019e+15 1.000e+07 4.370e-09 7.000e-01 2.800e-01
445 -7.810e+39 6.075e+15 1.000e+07 4.291e-09 7.000e-01 2.800e-01
446 -7.698e+39 6.132e+15 1.000e+07 4.212e-09 7.000e-01 2.800e-01
447 -7.585e+39 6.188e+15 1.000e+07 4.135e-09 7.000e-01 2.800e-01
448 -7.471e+39 6.246e+15 1.000e+07 4.059e-09 7.000e-01 2.800e-01
449 -7.356e+39 6.304e+15 1.000e+07 3.985e-09 7.000e-01 2.800e-01
450 -7.239e+39 6.362e+15 1.000e+07 3.912e-09 7.000e-01 2.800e-01
451 -7.122e+39 6.421e+15 1.000e+07 3.841e-09 7.000e-01 2.800e-01
452 -7.003e+39 6.481e+15 1.000e+07 3.770e-09 7.000e-01 2.800e-01
453 -6.884e+39 6.541e+15 1.000e+07 3.702e-09 7.000e-01 2.800e-01
454 -6.763e+39 6.601e+15 1.000e+07 3.634e-09 7.000e-01 2.800e-01
455 -6.641e+39 6.663e+15 1.000e+07 3.567e-09 7.000e-01 2.800e-01
456 -6.518e+39 6.724e+15 1.000e+07 3.502e-09 7.000e-01 2.800e-01
457 -6.394e+39 6.787e+15 1.000e+07 3.438e-09 7.000e-01 2.800e-01
458 -6.269e+39 6.850e+15 1.000e+07 3.375e-09 7.000e-01 2.800e-01
459 -6.143e+39 6.913e+15 1.000e+07 3.313e-09 7.000e-01 2.800e-01
460 -6.015e+39 6.977e+15 1.000e+07 3.253e-09 7.000e-01 2.800e-01
461 -5.886e+39 7.042e+15 1.000e+07 3.193e-09 7.000e-01 2.800e-01
462 -5.757e+39 7.107e+15 1.000e+07 3.135e-09 7.000e-01 2.800e-01
463 -5.625e+39 7.173e+15 1.000e+07 3.078e-09 7.000e-01 2.800e-01
464 -5.493e+39 7.240e+15 1.000e+07 3.021e-09 7.000e-01 2.800e-01
465 -5.359e+39 7.307e+15 1.000e+07 2.966e-09 7.000e-01 2.800e-01
466 -5.225e+39 7.375e+15 1.000e+07 2.912e-09 7.000e-01 2.800e-01
467 -5.089e+39 7.443e+15 1.000e+07 2.859e-09 7.000e-01 2.800e-01
468 -4.951e+39 7.512e+15 1.000e+07 2.806e-09 7.000e-01 2.800e-01
469 -4.813e+39 7.582e+15 1.000e+07 2.755e-09 7.000e-01 2.800e-01
470 -4.673e+39 7.652e+15 1.000e+07 2.705e-09 7.000e-01 2.800e-01
471 -4.532e+39 7.723e+15 1.000e+07 2.655e-09 7.000e-01 2.800e-01
472 -4.389e+39 7.794e+15 1.000e+07 2.607e-09 7.000e-01 2.800e-01
473 -4.245e+39 7.867e+15 1.000e+07 2.559e-09 7.000e-01 2.800e-01
474 -4.100e+39 7.940e+15 1.000e+07 2.512e-09 7.000e-01 2.800e-01
475 -3.954e+39 8.013e+15 1.000e+07 2.466e-09 7.000e-01 2.800e-01
476 -3.806e+39 8.088e+15 1.000e+07 2.421e-09 7.000e-01 2.800e-01
477 -3.657e+39 8.163e+15 1.000e+07 2.377e-09 7.000e-01 2.800e-01
478 -3.506e+39 8.238e+15 1.000e+07 2.333e-09 7.000e-01 2.800e-01
479 -3.354e+39 8.315e+15 1.000e+07 2.291e-09 7.000e-01 2.800e-01
480 -3.201e+39 8.392e+15 1.000e+07 2.249e-09 7.000e-01 2.800e-01
481 -3.046e+39 8.469e+15 1.000e+07 2.208e-09 7.000e-01 2.800e-01
482 -2.890e+39 8.548e+15 1.000e+07 2.167e-09 7.000e-01 2.800e-01
483 -2.732e+39 8.627e+15 1.000e+07 2.128e-09 7.000e-01 2.800e-01
484 -2.573e+39 8.707e+15 1.000e+07 2.089e-09 7.000e-01 2.800e-01
485 -2.412e+39 8.788e+15 1.000e+07 2.051e-09 7.000e-01 2.800e-01
486 -2.250e+39 8.869e+15 1.000e+07 2.013e-09 7.000e-01 2.800e-01
487 -2.086e+39 8.952e+15 1.000e+07 1.976e-09 7.000e-01 2.800e-01
488 -1.921e+39 9.035e+15 1.000e+07 1.940e-09 7.000e-01 2.800e-01
489 -1.754e+39 9.118e+15 1.000e+07 1.905e-09 7.000e-01 2.800e-01
490 -1.586e+39 9.203e+15 1.000e+07 1.870e-09 7.000e-01 2.800e-01
491 -1.416e+39 9.288e+15 1.000e+07 1.836e-09 7.000e-01 2.800e-01
492 -1.245e+39 9.374e+15 1.000e+07 1.802e-09 7.000e-01 2.800e-01
493 -1.072e+39 9.461e+15 1.000e+07 1.769e-09 7.000e-01 2.800e-01
494 -8.974e+38 9.549e+15 1.000e+07 1.737e-09 7.000e-01 2.800e-01
495 -7.212e+38 9.638e+15 1.000e+07 1.705e-09 7.000e-01 2.800e-01
496 -5.434e+38 9.727e+15 1.000e+07 1.674e-09 7.000e-01 2.800e-01
497 -3.639e+38 9.817e+15 1.000e+07 1.643e-09 7.000e-01 2.800e-01
498 -1.828e+38 9.908e+15 1.000e+07 1.613e-09 7.000e-01 2.800e-01
499 2.849e+32 1.000e+16 1.000e+07 1.584e-09 7.000e-01 2.800e-01
