j EnclosedMass[g] radius[cm] velocity[cm/s] density[g/cc] X_H X_He
1 2.653e+29 1.009e+14 1.000e+07 2.235e-12 7.000e-01 2.800e-01
2 5.328e+29 1.019e+14 1.000e+07 2.192e-12 7.000e-01 2.800e-01
3 8.025e+29 1.028e+14 1.000e+07 2.150e-12 7.000e-01 2.800e-01
4 1.075e+30 1.038e+14 1.000e+07 2.109e-12 7.000e-01 2.800e-01
5 1.349e+30 1.047e+14 1.000e+07 2.068e-12 7.000e-01 2.800e-01
6 1.625e+30 1.057e+14 1.000e+07 2.029e-12 7.000e-01 2.800e-01
7 1.904e+30 1.067e+14 1.000e+07 1.990e-12 7.000e-01 2.800e-01
8 2.185e+30 1.077e+14 1.000e+07 1.951e-12 7.000e-01 2.800e-01
9 2.469e+30 1.087e+14 1.000e+07 1.914e-12 7.000e-01 2.800e-01
10 2.754e+30 1.097e+14 1.000e+07 1.877e-12 7.000e-01 2.800e-01
11 3.042e+30 1.107e+14 1.000e+07 1.841e-12 7.000e-01 2.800e-01
12 3.333e+30 1.117e+14 1.000e+07 1.805e-12 7.000e-01 2.800e-01
13 3.626e+30 1.127e+14 1.000e+07 1.770e-12 7.000e-01 2.800e-01
14 3.921e+30 1.138e+14 1.000e+07 1.736e-12 7.000e-01 2.800e-01
15 4.219e+30 1.148e+14 1.000e+07 1.703e-12 7.000e-01 2.800e-01
16 4.519e+30 1.159e+14 1.000e+07 1.670e-12 7.000e-01 2.800e-01
17 4.822e+30 1.170e+14 1.000e+07 1.637e-12 7.000e-01 2.800e-01
18 5.127e+30 1.181e+14 1.000e+07 1.606e-12 7.000e-01 2.800e-01
19 5.434e+30 1.192e+14 1.000e+07 1.575e-12 7.000e-01 2.800e-01
20 5.744e+30 1.203e+14 1.000e+07 1.544e-12 7.000e-01 2.800e-01
21 6.057e+30 1.214e+14 1.000e+07 1.514e-12 7.000e-01 2.800e-01
22 6.372e+30 1.225e+14 1.000e+07 1.485e-12 7.000e-01 2.800e-01
23 6.690e+30 1.236e+14 1.000e+07 1.456e-12 7.000e-01 2.800e-01
24 7.010e+30 1.248e+14 1.000e+07 1.428e-12 7.000e-01 2.800e-01
25 7.333e+30 1.260e+14 1.000e+07 1.400e-12 7.000e-01 2.800e-01
26 7.659e+30 1.271e+14 1.000e+07 1.373e-12 7.000e-01 2.800e-01
27 7.987e+30 1.283e+14 1.000e+07 1.346e-12 7.000e-01 2.800e-01
28 8.318e+30 1.295e+14 1.000e+07 1.320e-12 7.000e-01 2.800e-01
29 8.651e+30 1.307e+14 1.000e+07 1.294e-12 7.000e-01 2.800e-01
30 8.987e+30 1.319e+14 1.000e+07 1.269e-12 7.000e-01 2.800e-01
31 9.326e+30 1.331e+14 1.000e+07 1.244e-12 7.000e-01 2.800e-01
32 9.668e+30 1.344e+14 1.000e+07 1.220e-12 7.000e-01 2.800e-01
33 1.001e+31 1.356e+14 1.000e+07 1.196e-12 7.000e-01 2.800e-01
34 1.036e+31 1.369e+14 1.000e+07 1.173e-12 7.000e-01 2.800e-01
35 1.071e+31 1.381e+14 1.000e+07 1.150e-12 7.000e-01 2.800e-01
36 1.106e+31 1.394e+14 1.000e+07 1.127e-12 7.000e-01 2.800e-01
37 1.142e+31 1.407e+14 1.000e+07 1.105e-12 7.000e-01 2.800e-01
38 1.178e+31 1.420e+14 1.000e+07 1.084e-12 7.000e-01 2.800e-01
39 1.214e+31 1.433e+14 1.000e+07 1.063e-12 7.000e-01 2.800e-01
40 1.250e+31 1.447e+14 1.000e+07 1.042e-12 7.000e-01 2.800e-01
41 1.287e+31 1.460e+14 1.000e+07 1.021e-12 7.000e-01 2.800e-01
42 1.324e+31 1.473e+14 1.000e+07 1.001e-12 7.000e-01 2.800e-01
43 1.361e+31 1.487e+14 1.000e+07 9.816e-13 7.000e-01 2.800e-01
44 1.398e+31 1.501e+14 1.000e+07 9.623e-13 7.000e-01 2.800e-01
45 1.436e+31 1.515e+14 1.000e+07 9.434e-13 7.000e-01 2.800e-01
46 1.475e+31 1.529e+14 1.000e+07 9.249e-13 7.000e-01 2.800e-01
47 1.513e+31 1.543e+14 1.000e+07 9.067e-13 7.000e-01 2.800e-01
48 1.552e+31 1.557e+14 1.000e+07 8.888e-13 7.000e-01 2.800e-01
49 1.591e+31 1.572e+14 1.000e+07 8.713e-13 7.000e-01 2.800e-01
50 1.630e+31 1.586e+14 1.000e+07 8.541e-13 7.000e-01 2.800e-01
51 1.670e+31 1.601e+14 1.000e+07 8.373e-13 7.000e-01 2.800e-01
52 1.710e+31 1.616e+14 1.000e+07 8.207e-13 7.000e-01 2.800e-01
53 1.750e+31 1.631e+14 1.000e+07 8.045e-13 7.000e-01 2.800e-01
54 1.791e+31 1.646e+14 1.000e+07 7.886e-13 7.000e-01 2.800e-01
55 1.832e+31 1.661e+14 1.000e+07 7.730e-13 7.000e-01 2.800e-01
56 1.873e+31 1.677e+14 1.000e+07 7.577e-13 7.000e-01 2.800e-01
57 1.914e+31 1.692e+14 1.000e+07 7.427e-13 7.000e-01 2.800e-01
58 1.956e+31 1.708e+14 1.000e+07 7.280e-13 7.000e-01 2.800e-01
59 1.998e+31 1.724e+14 1.000e+07 7.135e-13 7.000e-01 2.800e-01
60 2.041e+31 1.740e+14 1.000e+07 6.993e-13 7.000e-01 2.800e-01
61 2.084e+31 1.756e+14 1.000e+07 6.854e-13 7.000e-01 2.800e-01
62 2.127e+31 1.772e+14 1.000e+07 6.718e-13 7.000e-01 2.800e-01
63 2.170e+31 1.789e+14 1.000e+07 6.585e-13 7.000e-01 2.800e-01
64 2.214e+31 1.805e+14 1.000e+07 6.453e-13 7.000e-01 2.800e-01
65 2.258e+31 1.822e+14 1.000e+07 6.325e-13 7.000e-01 2.800e-01
66 2.303e+31 1.839e+14 1.000e+07 6.199e-13 7.000e-01 2.800e-01
67 2.348e+31 1.856e+14 1.000e+07 6.075e-13 7.000e-01 2.800e-01
68 2.393e+31 1.873e+14 1.000e+07 5.954e-13 7.000e-01 2.800e-01
69 2.438e+31 1.890e+14 1.000e+07 5.835e-13 7.000e-01 2.800e-01
70 2.484e+31 1.908e+14 1.000e+07 5.718e-13 7.000e-01 2.800e-01
71 2.530e+31 1.926e+14 1.000e+07 5.603e-13 7.000e-01 2.800e-01
72 2.577e+31 1.943e+14 1.000e+07 5.491e-13 7.000e-01 2.800e-01
73 2.624e+31 1.961e+14 1.000e+07 5.381e-13 7.000e-01 2.800e-01
74 2.671e+31 1.980e+14 1.000e+07 5.273e-13 7.000e-01 2.800e-01
75 2.719e+31 1.998e+14 1.000e+07 5.167e-13 7.000e-01 2.800e-01
76 2.767e+31 2.017e+14 1.000e+07 5.063e-13 7.000e-01 2.800e-01
77 2.815e+31 2.035e+14 1.000e+07 4.961e-13 7.000e-01 2.800e-01
78 2.863e+31 2.054e+14 1.000e+07 4.861e-13 7.000e-01 2.800e-01
79 2.912e+31 2.073e+14 1.000e+07 4.763e-13 7.000e-01 2.800e-01
80 2.962e+31 2.092e+14 1.000e+07 4.667e-13 7.000e-01 2.800e-01
81 3.011e+31 2.112e+14 1.000e+07 4.573e-13 7.000e-01 2.800e-01
82 3.062e+31 2.131e+14 1.000e+07 4.481e-13 7.000e-01 2.800e-01
83 3.112e+31 2.151e+14 1.000e+07 4.390e-13 7.000e-01 2.800e-01
84 3.163e+31 2.171e+14 1.000e+07 4.301e-13 7.000e-01 2.800e-01
85 3.214e+31 2.191e+14 1.000e+07 4.214e-13 7.000e-01 2.800e-01
86 3.266e+31 2.212e+14 1.000e+07 4.128e-13 7.000e-01 2.800e-01
87 3.317e+31 2.232e+14 1.000e+07 4.045e-13 7.000e-01 2.800e-01
88 3.370e+31 2.253e+14 1.000e+07 3.962e-13 7.000e-01 2.800e-01
89 3.422e+31 2.274e+14 1.000e+07 3.882e-13 7.000e-01 2.800e-01
90 3.475e+31 2.295e+14 1.000e+07 3.803e-13 7.000e-01 2.800e-01
91 3.529e+31 2.316e+14 1.000e+07 3.725e-13 7.000e-01 2.800e-01
92 3.583e+31 2.337e+14 1.000e+07 3.649e-13 7.000e-01 2.800e-01
93 3.637e+31 2.359e+14 1.000e+07 3.575e-13 7.000e-01 2.800e-01
94 3.691e+31 2.381e+14 1.000e+07 3.502e-13 7.000e-01 2.800e-01
95 3.746e+31 2.403e+14 1.000e+07 3.430e-13 7.000e-01 2.800e-01
96 3.802e+31 2.425e+14 1.000e+07 3.360e-13 7.000e-01 2.800e-01
97 3.857e+31 2.448e+14 1.000e+07 3.291e-13 7.000e-01 2.800e-01
98 3.914e+31 2.471e+14 1.000e+07 3.224e-13 7.000e-01 2.800e-01
99 3.970e+31 2.493e+14 1.000e+07 3.157e-13 7.000e-01 2.800e-01
100 4.027e+31 2.517e+14 1.000e+07 3.093e-13 7.000e-01 2.800e-01
101 4.084e+31 2.540e+14 1.000e+07 3.029e-13 7.000e-01 2.800e-01
102 4.142e+31 2.563e+14 1.000e+07 2.967e-13 7.000e-01 2.800e-01
103 4.200e+31 2.587e+14 1.000e+07 2.905e-13 7.000e-01 2.800e-01
104 4.258e+31 2.611e+14 1.000e+07 2.845e-13 7.000e-01 2.800e-01
105 4.317e+31 2.635e+14 1.000e+07 2.787e-13 7.000e-01 2.800e-01
106 4.377e+31 2.660e+14 1.000e+07 2.729e-13 7.000e-01 2.800e-01
107 4.436e+31 2.684e+14 1.000e+07 2.672e-13 7.000e-01 2.800e-01
108 4.496e+31 2.709e+14 1.000e+07 2.617e-13 7.000e-01 2.800e-01
109 4.557e+31 2.734e+14 1.000e+07 2.563e-13 7.000e-01 2.800e-01
110 4.618e+31 2.760e+14 1.000e+07 2.510e-13 7.000e-01 2.800e-01
111 4.679e+31 2.785e+14 1.000e+07 2.457e-13 7.000e-01 2.800e-01
112 4.741e+31 2.811e+14 1.000e+07 2.406e-13 7.000e-01 2.800e-01
113 4.803e+31 2.837e+14 1.000e+07 2.356e-13 7.000e-01 2.800e-01
114 4.865e+31 2.864e+14 1.000e+07 2.307e-13 7.000e-01 2.800e-01
115 4.928e+31 2.890e+14 1.000e+07 2.259e-13 7.000e-01 2.800e-01
116 4.992e+31 2.917e+14 1.000e+07 2.211e-13 7.000e-01 2.800e-01
117 5.056e+31 2.944e+14 1.000e+07 2.165e-13 7.000e-01 2.800e-01
118 5.120e+31 2.971e+14 1.000e+07 2.120e-13 7.000e-01 2.800e-01
119 5.184e+31 2.999e+14 1.000e+07 2.075e-13 7.000e-01 2.800e-01
120 5.249e+31 3.027e+14 1.000e+07 2.032e-13 7.000e-01 2.800e-01
121 5.315e+31 3.055e+14 1.000e+07 1.989e-13 7.000e-01 2.800e-01
122 5.381e+31 3.083e+14 1.000e+07 1.947e-13 7.000e-01 2.800e-01
123 5.447e+31 3.112e+14 1.000e+07 1.906e-13 7.000e-01 2.800e-01
124 5.514e+31 3.140e+14 1.000e+07 1.866e-13 7.000e-01 2.800e-01
125 5.581e+31 3.170e+14 1.000e+07 1.826e-13 7.000e-01 2.800e-01
126 5.648e+31 3.199e+14 1.000e+07 1.788e-13 7.000e-01 2.800e-01
127 5.716e+31 3.229e+14 1.000e+07 1.750e-13 7.000e-01 2.800e-01
128 5.785e+31 3.259e+14 1.000e+07 1.713e-13 7.000e-01 2.800e-01
129 5.854e+31 3.289e+14 1.000e+07 1.676e-13 7.000e-01 2.800e-01
130 5.923e+31 3.319e+14 1.000e+07 1.640e-13 7.000e-01 2.800e-01
131 5.992e+31 3.350e+14 1.000e+07 1.606e-13 7.000e-01 2.800e-01
132 6.063e+31 3.381e+14 1.000e+07 1.571e-13 7.000e-01 2.800e-01
133 6.133e+31 3.412e+14 1.000e+07 1.538e-13 7.000e-01 2.800e-01
134 6.204e+31 3.444e+14 1.000e+07 1.505e-13 7.000e-01 2.800e-01
135 6.275e+31 3.476e+14 1.000e+07 1.473e-13 7.000e-01 2.800e-01
136 6.347e+31 3.508e+14 1.000e+07 1.441e-13 7.000e-01 2.800e-01
137 6.420e+31 3.541e+14 1.000e+07 1.410e-13 7.000e-01 2.800e-01
138 6.492e+31 3.574e+14 1.000e+07 1.380e-13 7.000e-01 2.800e-01
139 6.565e+31 3.607e+14 1.000e+07 1.350e-13 7.000e-01 2.800e-01
140 6.639e+31 3.640e+14 1.000e+07 1.321e-13 7.000e-01 2.800e-01
141 6.713e+31 3.674e+14 1.000e+07 1.292e-13 7.000e-01 2.800e-01
142 6.787e+31 3.708e+14 1.000e+07 1.264e-13 7.000e-01 2.800e-01
143 6.862e+31 3.742e+14 1.000e+07 1.237e-13 7.000e-01 2.800e-01
144 6.937e+31 3.777e+14 1.000e+07 1.210e-13 7.000e-01 2.800e-01
145 7.013e+31 3.812e+14 1.000e+07 1.184e-13 7.000e-01 2.800e-01
146 7.089e+31 3.847e+14 1.000e+07 1.158e-13 7.000e-01 2.800e-01
147 7.166e+31 3.883e+14 1.000e+07 1.133e-13 7.000e-01 2.800e-01
148 7.243e+31 3.919e+14 1.000e+07 1.108e-13 7.000e-01 2.800e-01
149 7.320e+31 3.955e+14 1.000e+07 1.084e-13 7.000e-01 2.800e-01
150 7.398e+31 3.992e+14 1.000e+07 1.060e-13 7.000e-01 2.800e-01
151 7.477e+31 4.029e+14 1.000e+07 1.037e-13 7.000e-01 2.800e-01
152 7.555e+31 4.066e+14 1.000e+07 1.014e-13 7.000e-01 2.800e-01
153 7.634e+31 4.104e+14 1.000e+07 9.920e-14 7.000e-01 2.800e-01
154 7.714e+31 4.142e+14 1.000e+07 9.702e-14 7.000e-01 2.800e-01
155 7.794e+31 4.181e+14 1.000e+07 9.488e-14 7.000e-01 2.800e-01
156 7.875e+31 4.219e+14 1.000e+07 9.278e-14 7.000e-01 2.800e-01
157 7.955e+31 4.259e+14 1.000e+07 9.073e-14 7.000e-01 2.800e-01
158 8.037e+31 4.298e+14 1.000e+07 8.872e-14 7.000e-01 2.800e-01
159 8.118e+31 4.338e+14 1.000e+07 8.675e-14 7.000e-01 2.800e-01
160 8.201e+31 4.378e+14 1.000e+07 8.482e-14 7.000e-01 2.800e-01
161 8.283e+31 4.419e+14 1.000e+07 8.293e-14 7.000e-01 2.800e-01
162 8.366e+31 4.460e+14 1.000e+07 8.108e-14 7.000e-01 2.800e-01
163 8.450e+31 4.501e+14 1.000e+07 7.927e-14 7.000e-01 2.800e-01
164 8.534e+31 4.543e+14 1.000e+07 7.750e-14 7.000e-01 2.800e-01
165 8.618e+31 4.585e+14 1.000e+07 7.576e-14 7.000e-01 2.800e-01
166 8.703e+31 4.627e+14 1.000e+07 7.406e-14 7.000e-01 2.800e-01
167 8.788e+31 4.670e+14 1.000e+07 7.239e-14 7.000e-01 2.800e-01
168 8.873e+31 4.714e+14 1.000e+07 7.076e-14 7.000e-01 2.800e-01
169 8.959e+31 4.757e+14 1.000e+07 6.917e-14 7.000e-01 2.800e-01
170 9.046e+31 4.801e+14 1.000e+07 6.760e-14 7.000e-01 2.800e-01
171 9.132e+31 4.846e+14 1.000e+07 6.607e-14 7.000e-01 2.800e-01
172 9.220e+31 4.891e+14 1.000e+07 6.457e-14 7.000e-01 2.800e-01
173 9.307e+31 4.936e+14 1.000e+07 6.310e-14 7.000e-01 2.800e-01
174 9.395e+31 4.982e+14 1.000e+07 6.167e-14 7.000e-01 2.800e-01
175 9.484e+31 5.028e+14 1.000e+07 6.026e-14 7.000e-01 2.800e-01
176 9.572e+31 5.075e+14 1.000e+07 5.888e-14 7.000e-01 2.800e-01
177 9.662e+31 5.122e+14 1.000e+07 5.754e-14 7.000e-01 2.800e-01
178 9.751e+31 5.169e+14 1.000e+07 5.622e-14 7.000e-01 2.800e-01
179 9.841e+31 5.217e+14 1.000e+07 5.492e-14 7.000e-01 2.800e-01
180 9.932e+31 5.266e+14 1.000e+07 5.366e-14 7.000e-01 2.800e-01
181 1.002e+32 5.314e+14 1.000e+07 5.242e-14 7.000e-01 2.800e-01
182 1.011e+32 5.364e+14 1.000e+07 5.121e-14 7.000e-01 2.800e-01
183 1.021e+32 5.413e+14 1.000e+07 5.002e-14 7.000e-01 2.800e-01
184 1.030e+32 5.464e+14 1.000e+07 4.886e-14 7.000e-01 2.800e-01
185 1.039e+32 5.514e+14 1.000e+07 4.773e-14 7.000e-01 2.800e-01
186 1.048e+32 5.565e+14 1.000e+07 4.662e-14 7.000e-01 2.800e-01
187 1.058e+32 5.617e+14 1.000e+07 4.553e-14 7.000e-01 2.800e-01
188 1.067e+32 5.669e+14 1.000e+07 4.446e-14 7.000e-01 2.800e-01
189 1.076e+32 5.722e+14 1.000e+07 4.342e-14 7.000e-01 2.800e-01
190 1.086e+32 5.775e+14 1.000e+07 4.240e-14 7.000e-01 2.800e-01
191 1.095e+32 5.828e+14 1.000e+07 4.140e-14 7.000e-01 2.800e-01
192 1.105e+32 5.882e+14 1.000e+07 4.043e-14 7.000e-01 2.800e-01
193 1.114e+32 5.937e+14 1.000e+07 3.947e-14 7.000e-01 2.800e-01
194 1.124e+32 5.992e+14 1.000e+07 3.854e-14 7.000e-01 2.800e-01
195 1.133e+32 6.047e+14 1.000e+07 3.762e-14 7.000e-01 2.800e-01
196 1.143e+32 6.103e+14 1.000e+07 3.673e-14 7.000e-01 2.800e-01
197 1.153e+32 6.160e+14 1.000e+07 3.585e-14 7.000e-01 2.800e-01
198 1.162e+32 6.217e+14 1.000e+07 3.500e-14 7.000e-01 2.800e-01
199 1.172e+32 6.275e+14 1.000e+07 3.416e-14 7.000e-01 2.800e-01
200 1.182e+32 6.333e+14 1.000e+07 3.334e-14 7.000e-01 2.800e-01
201 1.192e+32 6.392e+14 1.000e+07 3.254e-14 7.000e-01 2.800e-01
202 1.202e+32 6.451e+14 1.000e+07 3.176e-14 7.000e-01 2.800e-01
203 1.211e+32 6.511e+14 1.000e+07 3.099e-14 7.000e-01 2.800e-01
204 1.221e+32 6.571e+14 1.000e+07 3.024e-14 7.000e-01 2.800e-01
205 1.231e+32 6.632e+14 1.000e+07 2.951e-14 7.000e-01 2.800e-01
206 1.241e+32 6.693e+14 1.000e+07 2.879e-14 7.000e-01 2.800e-01
207 1.251e+32 6.756e+14 1.000e+07 2.809e-14 7.000e-01 2.800e-01
208 1.261e+32 6.818e+14 1.000e+07 2.740e-14 7.000e-01 2.800e-01
209 1.271e+32 6.881e+14 1.000e+07 2.673e-14 7.000e-01 2.800e-01
210 1.281e+32 6.945e+14 1.000e+07 2.607e-14 7.000e-01 2.800e-01
211 1.292e+32 7.010e+14 1.000e+07 2.543e-14 7.000e-01 2.800e-01
212 1.302e+32 7.075e+14 1.000e+07 2.481e-14 7.000e-01 2.800e-01
213 1.312e+32 7.140e+14 1.000e+07 2.419e-14 7.000e-01 2.800e-01
214 1.322e+32 7.206e+14 1.000e+07 2.359e-14 7.000e-01 2.800e-01
215 1.332e+32 7.273e+14 1.000e+07 2.301e-14 7.000e-01 2.800e-01
216 1.343e+32 7.341e+14 1.000e+07 2.244e-14 7.000e-01 2.800e-01
217 1.353e+32 7.409e+14 1.000e+07 2.188e-14 7.000e-01 2.800e-01
218 1.363e+32 7.477e+14 1.000e+07 2.133e-14 7.000e-01 2.800e-01
219 1.373e+32 7.547e+14 1.000e+07 2.079e-14 7.000e-01 2.800e-01
220 1.384e+32 7.617e+14 1.000e+07 2.027e-14 7.000e-01 2.800e-01
221 1.394e+32 7.687e+14 1.000e+07 1.976e-14 7.000e-01 2.800e-01
222 1.404e+32 7.759e+14 1.000e+07 1.926e-14 7.000e-01 2.800e-01
223 1.415e+32 7.830e+14 1.000e+07 1.877e-14 7.000e-01 2.800e-01
224 1.425e+32 7.903e+14 1.000e+07 1.830e-14 7.000e-01 2.800e-01
225 1.436e+32 7.976e+14 1.000e+07 1.783e-14 7.000e-01 2.800e-01
226 1.446e+32 8.050e+14 1.000e+07 1.738e-14 7.000e-01 2.800e-01
227 1.457e+32 8.125e+14 1.000e+07 1.693e-14 7.000e-01 2.800e-01
228 1.467e+32 8.200e+14 1.000e+07 1.650e-14 7.000e-01 2.800e-01
229 1.478e+32 8.276e+14 1.000e+07 1.607e-14 7.000e-01 2.800e-01
230 1.488e+32 8.353e+14 1.000e+07 1.566e-14 7.000e-01 2.800e-01
231 1.499e+32 8.430e+14 1.000e+07 1.525e-14 7.000e-01 2.800e-01
232 1.509e+32 8.509e+14 1.000e+07 1.486e-14 7.000e-01 2.800e-01
233 1.520e+32 8.588e+14 1.000e+07 1.447e-14 7.000e-01 2.800e-01
234 1.531e+32 8.667e+14 1.000e+07 1.409e-14 7.000e-01 2.800e-01
235 1.541e+32 8.747e+14 1.000e+07 1.373e-14 7.000e-01 2.800e-01
236 1.552e+32 8.829e+14 1.000e+07 1.337e-14 7.000e-01 2.800e-01
237 1.562e+32 8.910e+14 1.000e+07 1.301e-14 7.000e-01 2.800e-01
238 1.573e+32 8.993e+14 1.000e+07 1.267e-14 7.000e-01 2.800e-01
239 1.584e+32 9.076e+14 1.000e+07 1.234e-14 7.000e-01 2.800e-01
240 1.594e+32 9.161e+14 1.000e+07 1.201e-14 7.000e-01 2.800e-01
241 1.605e+32 9.246e+14 1.000e+07 1.169e-14 7.000e-01 2.800e-01
242 1.616e+32 9.331e+14 1.000e+07 1.138e-14 7.000e-01 2.800e-01
243 1.626e+32 9.418e+14 1.000e+07 1.107e-14 7.000e-01 2.800e-01
244 1.637e+32 9.505e+14 1.000e+07 1.078e-14 7.000e-01 2.800e-01
245 1.648e+32 9.593e+14 1.000e+07 1.049e-14 7.000e-01 2.800e-01
246 1.658e+32 9.682e+14 1.000e+07 1.020e-14 7.000e-01 2.800e-01
247 1.669e+32 9.772e+14 1.000e+07 9.928e-15 7.000e-01 2.800e-01
248 1.680e+32 9.863e+14 1.000e+07 9.658e-15 7.000e-01 2.800e-01
249 1.691e+32 9.954e+14 1.000e+07 9.396e-15 7.000e-01 2.800e-01
250 1.701e+32 1.005e+15 1.000e+07 9.139e-15 7.000e-01 2.800e-01
251 1.712e+32 1.014e+15 1.000e+07 8.889e-15 7.000e-01 2.800e-01
252 1.723e+32 1.023e+15 1.000e+07 8.644e-15 7.000e-01 2.800e-01
253 1.733e+32 1.033e+15 1.000e+07 8.406e-15 7.000e-01 2.800e-01
254 1.744e+32 1.042e+15 1.000e+07 8.174e-15 7.000e-01 2.800e-01
255 1.755e+32 1.052e+15 1.000e+07 7.947e-15 7.000e-01 2.800e-01
256 1.765e+32 1.062e+15 1.000e+07 7.726e-15 7.000e-01 2.800e-01
257 1.776e+32 1.072e+15 1.000e+07 7.511e-15 7.000e-01 2.800e-01
258 1.787e+32 1.082e+15 1.000e+07 7.300e-15 7.000e-01 2.800e-01
259 1.797e+32 1.092e+15 1.000e+07 7.095e-15 7.000e-01 2.800e-01
260 1.808e+32 1.102e+15 1.000e+07 6.895e-15 7.000e-01 2.800e-01
261 1.819e+32 1.112e+15 1.000e+07 6.700e-15 7.000e-01 2.800e-01
262 1.829e+32 1.122e+15 1.000e+07 6.510e-15 7.000e-01 2.800e-01
263 1.840e+32 1.133e+15 1.000e+07 6.325e-15 7.000e-01 2.800e-01
264 1.850e+32 1.143e+15 1.000e+07 6.145e-15 7.000e-01 2.800e-01
265 1.861e+32 1.154e+15 1.000e+07 5.969e-15 7.000e-01 2.800e-01
266 1.872e+32 1.164e+15 1.000e+07 5.797e-15 7.000e-01 2.800e-01
267 1.882e+32 1.175e+15 1.000e+07 5.630e-15 7.000e-01 2.800e-01
268 1.893e+32 1.186e+15 1.000e+07 5.467e-15 7.000e-01 2.800e-01
269 1.903e+32 1.197e+15 1.000e+07 5.309e-15 7.000e-01 2.800e-01
270 1.914e+32 1.208e+15 1.000e+07 5.154e-15 7.000e-01 2.800e-01
271 1.924e+32 1.219e+15 1.000e+07 5.003e-15 7.000e-01 2.800e-01
272 1.935e+32 1.231e+15 1.000e+07 4.857e-15 7.000e-01 2.800e-01
273 1.945e+32 1.242e+15 1.000e+07 4.714e-15 7.000e-01 2.800e-01
274 1.955e+32 1.254e+15 1.000e+07 4.574e-15 7.000e-01 2.800e-01
275 1.966e+32 1.265e+15 1.000e+07 4.439e-15 7.000e-01 2.800e-01
276 1.976e+32 1.277e+15 1.000e+07 4.307e-15 7.000e-01 2.800e-01
277 1.987e+32 1.289e+15 1.000e+07 4.178e-15 7.000e-01 2.800e-01
278 1.997e+32 1.301e+15 1.000e+07 4.053e-15 7.000e-01 2.800e-01
279 2.007e+32 1.313e+15 1.000e+07 3.931e-15 7.000e-01 2.800e-01
280 2.017e+32 1.325e+15 1.000e+07 3.813e-15 7.000e-01 2.800e-01
281 2.028e+32 1.337e+15 1.000e+07 3.697e-15 7.000e-01 2.800e-01
282 2.038e+32 1.350e+15 1.000e+07 3.585e-15 7.000e-01 2.800e-01
283 2.048e+32 1.362e+15 1.000e+07 3.476e-15 7.000e-01 2.800e-01
284 2.058e+32 1.375e+15 1.000e+07 3.369e-15 7.000e-01 2.800e-01
285 2.068e+32 1.388e+15 1.000e+07 3.266e-15 7.000e-01 2.800e-01
286 2.078e+32 1.401e+15 1.000e+07 3.165e-15 7.000e-01 2.800e-01
287 2.088e+32 1.414e+15 1.000e+07 3.067e-15 7.000e-01 2.800e-01
288 2.098e+32 1.427e+15 1.000e+07 2.972e-15 7.000e-01 2.800e-01
289 2.108e+32 1.440e+15 1.000e+07 2.879e-15 7.000e-01 2.800e-01
290 2.118e+32 1.453e+15 1.000e+07 2.789e-15 7.000e-01 2.800e-01
291 2.128e+32 1.467e+15 1.000e+07 2.701e-15 7.000e-01 2.800e-01
292 2.137e+32 1.480e+15 1.000e+07 2.616e-15 7.000e-01 2.800e-01
293 2.147e+32 1.494e+15 1.000e+07 2.533e-15 7.000e-01 2.800e-01
294 2.157e+32 1.508e+15 1.000e+07 2.453e-15 7.000e-01 2.800e-01
295 2.167e+32 1.522e+15 1.000e+07 2.374e-15 7.000e-01 2.800e-01
296 2.176e+32 1.536e+15 1.000e+07 2.298e-15 7.000e-01 2.800e-01
297 2.186e+32 1.550e+15 1.000e+07 2.224e-15 7.000e-01 2.800e-01
298 2.195e+32 1.565e+15 1.000e+07 2.153e-15 7.000e-01 2.800e-01
299 2.205e+32 1.579e+15 1.000e+07 2.083e-15 7.000e-01 2.800e-01
300 2.214e+32 1.594e+15 1.000e+07 2.015e-15 7.000e-01 2.800e-01
301 2.224e+32 1.608e+15 1.000e+07 1.949e-15 7.000e-01 2.800e-01
302 2.233e+32 1.623e+15 1.000e+07 1.885e-15 7.000e-01 2.800e-01
303 2.242e+32 1.638e+15 1.000e+07 1.823e-15 7.000e-01 2.800e-01
304 2.251e+32 1.654e+15 1.000e+07 1.763e-15 7.000e-01 2.800e-01
305 2.260e+32 1.669e+15 1.000e+07 1.704e-15 7.000e-01 2.800e-01
306 2.270e+32 1.684e+15 1.000e+07 1.647e-15 7.000e-01 2.800e-01
307 2.279e+32 1.700e+15 1.000e+07 1.592e-15 7.000e-01 2.800e-01
308 2.288e+32 1.716e+15 1.000e+07 1.539e-15 7.000e-01 2.800e-01
309 2.296e+32 1.732e+15 1.000e+07 1.487e-15 7.000e-01 2.800e-01
310 2.305e+32 1.748e+15 1.000e+07 1.436e-15 7.000e-01 2.800e-01
311 2.314e+32 1.764e+15 1.000e+07 1.387e-15 7.000e-01 2.800e-01
312 2.323e+32 1.780e+15 1.000e+07 1.340e-15 7.000e-01 2.800e-01
313 2.331e+32 1.797e+15 1.000e+07 1.294e-15 7.000e-01 2.800e-01
314 2.340e+32 1.813e+15 1.000e+07 1.249e-15 7.000e-01 2.800e-01
315 2.349e+32 1.830e+15 1.000e+07 1.206e-15 7.000e-01 2.800e-01
316 2.357e+32 1.847e+15 1.000e+07 1.164e-15 7.000e-01 2.800e-01
317 2.365e+32 1.864e+15 1.000e+07 1.123e-15 7.000e-01 2.800e-01
318 2.374e+32 1.882e+15 1.000e+07 1.084e-15 7.000e-01 2.800e-01
319 2.382e+32 1.899e+15 1.000e+07 1.045e-15 7.000e-01 2.800e-01
320 2.390e+32 1.917e+15 1.000e+07 1.008e-15 7.000e-01 2.800e-01
321 2.398e+32 1.935e+15 1.000e+07 9.726e-16 7.000e-01 2.800e-01
322 2.406e+32 1.952e+15 1.000e+07 9.378e-16 7.000e-01 2.800e-01
323 2.414e+32 1.971e+15 1.000e+07 9.041e-16 7.000e-01 2.800e-01
324 2.422e+32 1.989e+15 1.000e+07 8.715e-16 7.000e-01 2.800e-01
325 2.430e+32 2.007e+15 1.000e+07 8.400e-16 7.000e-01 2.800e-01
326 2.438e+32 2.026e+15 1.000e+07 8.094e-16 7.000e-01 2.800e-01
327 2.446e+32 2.045e+15 1.000e+07 7.798e-16 7.000e-01 2.800e-01
328 2.453e+32 2.064e+15 1.000e+07 7.512e-16 7.000e-01 2.800e-01
329 2.461e+32 2.083e+15 1.000e+07 7.234e-16 7.000e-01 2.800e-01
330 2.468e+32 2.102e+15 1.000e+07 6.966e-16 7.000e-01 2.800e-01
331 2.476e+32 2.122e+15 1.000e+07 6.707e-16 7.000e-01 2.800e-01
332 2.483e+32 2.141e+15 1.000e+07 6.456e-16 7.000e-01 2.800e-01
333 2.490e+32 2.161e+15 1.000e+07 6.213e-16 7.000e-01 2.800e-01
334 2.497e+32 2.181e+15 1.000e+07 5.979e-16 7.000e-01 2.800e-01
335 2.505e+32 2.201e+15 1.000e+07 5.752e-16 7.000e-01 2.800e-01
336 2.512e+32 2.222e+15 1.000e+07 5.533e-16 7.000e-01 2.800e-01
337 2.518e+32 2.242e+15 1.000e+07 5.321e-16 7.000e-01 2.800e-01
338 2.525e+32 2.263e+15 1.000e+07 5.116e-16 7.000e-01 2.800e-01
339 2.532e+32 2.284e+15 1.000e+07 4.918e-16 7.000e-01 2.800e-01
340 2.539e+32 2.305e+15 1.000e+07 4.727e-16 7.000e-01 2.800e-01
341 2.545e+32 2.327e+15 1.000e+07 4.542e-16 7.000e-01 2.800e-01
342 2.552e+32 2.348e+15 1.000e+07 4.364e-16 7.000e-01 2.800e-01
343 2.558e+32 2.370e+15 1.000e+07 4.192e-16 7.000e-01 2.800e-01
344 2.565e+32 2.392e+15 1.000e+07 4.026e-16 7.000e-01 2.800e-01
345 2.571e+32 2.414e+15 1.000e+07 3.866e-16 7.000e-01 2.800e-01
346 2.577e+32 2.437e+15 1.000e+07 3.711e-16 7.000e-01 2.800e-01
347 2.583e+32 2.459e+15 1.000e+07 3.562e-16 7.000e-01 2.800e-01
348 2.589e+32 2.482e+15 1.000e+07 3.418e-16 7.000e-01 2.800e-01
349 2.595e+32 2.505e+15 1.000e+07 3.279e-16 7.000e-01 2.800e-01
350 2.601e+32 2.528e+15 1.000e+07 3.145e-16 7.000e-01 2.800e-01
351 2.607e+32 2.552e+15 1.000e+07 3.016e-16 7.000e-01 2.800e-01
352 2.613e+32 2.575e+15 1.000e+07 2.892e-16 7.000e-01 2.800e-01
353 2.618e+32 2.599e+15 1.000e+07 2.772e-16 7.000e-01 2.800e-01
354 2.624e+32 2.623e+15 1.000e+07 2.656e-16 7.000e-01 2.800e-01
355 2.629e+32 2.648e+15 1.000e+07 2.545e-16 7.000e-01 2.800e-01
356 2.635e+32 2.672e+15 1.000e+07 2.438e-16 7.000e-01 2.800e-01
357 2.640e+32 2.697e+15 1.000e+07 2.335e-16 7.000e-01 2.800e-01
358 2.645e+32 2.722e+15 1.000e+07 2.235e-16 7.000e-01 2.800e-01
359 2.650e+32 2.747e+15 1.000e+07 2.140e-16 7.000e-01 2.800e-01
360 2.655e+32 2.773e+15 1.000e+07 2.048e-16 7.000e-01 2.800e-01
361 2.660e+32 2.798e+15 1.000e+07 1.959e-16 7.000e-01 2.800e-01
362 2.665e+32 2.824e+15 1.000e+07 1.874e-16 7.000e-01 2.800e-01
363 2.670e+32 2.850e+15 1.000e+07 1.793e-16 7.000e-01 2.800e-01
364 2.675e+32 2.877e+15 1.000e+07 1.714e-16 7.000e-01 2.800e-01
365 2.679e+32 2.904e+15 1.000e+07 1.638e-16 7.000e-01 2.800e-01
366 2.684e+32 2.930e+15 1.000e+07 1.566e-16 7.000e-01 2.800e-01
367 2.688e+32 2.958e+15 1.000e+07 1.496e-16 7.000e-01 2.800e-01
368 2.693e+32 2.985e+15 1.000e+07 1.429e-16 7.000e-01 2.800e-01
369 2.697e+32 3.013e+15 1.000e+07 1.364e-16 7.000e-01 2.800e-01
370 2.701e+32 3.041e+15 1.000e+07 1.302e-16 7.000e-01 2.800e-01
371 2.705e+32 3.069e+15 1.000e+07 1.243e-16 7.000e-01 2.800e-01
372 2.709e+32 3.097e+15 1.000e+07 1.186e-16 7.000e-01 2.800e-01
373 2.713e+32 3.126e+15 1.000e+07 1.131e-16 7.000e-01 2.800e-01
374 2.717e+32 3.155e+15 1.000e+07 1.079e-16 7.000e-01 2.800e-01
375 2.721e+32 3.184e+15 1.000e+07 1.029e-16 7.000e-01 2.800e-01
376 2.725e+32 3.214e+15 1.000e+07 9.805e-17 7.000e-01 2.800e-01
377 2.728e+32 3.244e+15 1.000e+07 9.343e-17 7.000e-01 2.800e-01
378 2.732e+32 3.274e+15 1.000e+07 8.901e-17 7.000e-01 2.800e-01
379 2.736e+32 3.304e+15 1.000e+07 8.477e-17 7.000e-01 2.800e-01
380 2.739e+32 3.335e+15 1.000e+07 8.071e-17 7.000e-01 2.800e-01
381 2.742e+32 3.366e+15 1.000e+07 7.682e-17 7.000e-01 2.800e-01
382 2.746e+32 3.397e+15 1.000e+07 7.310e-17 7.000e-01 2.800e-01
383 2.749e+32 3.428e+15 1.000e+07 6.954e-17 7.000e-01 2.800e-01
384 2.752e+32 3.460e+15 1.000e+07 6.613e-17 7.000e-01 2.800e-01
385 2.755e+32 3.492e+15 1.000e+07 6.287e-17 7.000e-01 2.800e-01
386 2.758e+32 3.524e+15 1.000e+07 5.975e-17 7.000e-01 2.800e-01
387 2.761e+32 3.557e+15 1.000e+07 5.677e-17 7.000e-01 2.800e-01
388 2.764e+32 3.590e+15 1.000e+07 5.393e-17 7.000e-01 2.800e-01
389 2.767e+32 3.623e+15 1.000e+07 5.121e-17 7.000e-01 2.800e-01
390 2.770e+32 3.657e+15 1.000e+07 4.861e-17 7.000e-01 2.800e-01
391 2.772e+32 3.691e+15 1.000e+07 4.613e-17 7.000e-01 2.800e-01
392 2.775e+32 3.725e+15 1.000e+07 4.376e-17 7.000e-01 2.800e-01
393 2.778e+32 3.760e+15 1.000e+07 4.151e-17 7.000e-01 2.800e-01
394 2.780e+32 3.795e+15 1.000e+07 3.935e-17 7.000e-01 2.800e-01
395 2.782e+32 3.830e+15 1.000e+07 3.730e-17 7.000e-01 2.800e-01
396 2.785e+32 3.865e+15 1.000e+07 3.534e-17 7.000e-01 2.800e-01
397 2.787e+32 3.901e+15 1.000e+07 3.347e-17 7.000e-01 2.800e-01
398 2.789e+32 3.937e+15 1.000e+07 3.169e-17 7.000e-01 2.800e-01
399 2.791e+32 3.974e+15 1.000e+07 2.999e-17 7.000e-01 2.800e-01
400 2.794e+32 4.011e+15 1.000e+07 2.838e-17 7.000e-01 2.800e-01
401 2.796e+32 4.048e+15 1.000e+07 2.684e-17 7.000e-01 2.800e-01
402 2.798e+32 4.085e+15 1.000e+07 2.538e-17 7.000e-01 2.800e-01
403 2.800e+32 4.123e+15 1.000e+07 2.399e-17 7.000e-01 2.800e-01
404 2.801e+32 4.161e+15 1.000e+07 2.267e-17 7.000e-01 2.800e-01
405 2.803e+32 4.200e+15 1.000e+07 2.141e-17 7.000e-01 2.800e-01
406 2.805e+32 4.239e+15 1.000e+07 2.022e-17 7.000e-01 2.800e-01
407 2.807e+32 4.278e+15 1.000e+07 1.908e-17 7.000e-01 2.800e-01
408 2.808e+32 4.318e+15 1.000e+07 1.801e-17 7.000e-01 2.800e-01
409 2.810e+32 4.358e+15 1.000e+07 1.698e-17 7.000e-01 2.800e-01
410 2.812e+32 4.398e+15 1.000e+07 1.601e-17 7.000e-01 2.800e-01
411 2.813e+32 4.439e+15 1.000e+07 1.509e-17 7.000e-01 2.800e-01
412 2.815e+32 4.480e+15 1.000e+07 1.422e-17 7.000e-01 2.800e-01
413 2.816e+32 4.522e+15 1.000e+07 1.339e-17 7.000e-01 2.800e-01
414 2.817e+32 4.564e+15 1.000e+07 1.261e-17 7.000e-01 2.800e-01
415 2.819e+32 4.606e+15 1.000e+07 1.186e-17 7.000e-01 2.800e-01
416 2.820e+32 4.649e+15 1.000e+07 1.116e-17 7.000e-01 2.800e-01
417 2.821e+32 4.692e+15 1.000e+07 1.049e-17 7.000e-01 2.800e-01
418 2.823e+32 4.735e+15 1.000e+07 9.862e-18 7.000e-01 2.800e-01
419 2.824e+32 4.779e+15 1.000e+07 9.266e-18 7.000e-01 2.800e-01
420 2.825e+32 4.824e+15 1.000e+07 8.702e-18 7.000e-01 2.800e-01
421 2.826e+32 4.868e+15 1.000e+07 8.170e-18 7.000e-01 2.800e-01
422 2.827e+32 4.913e+15 1.000e+07 7.666e-18 7.000e-01 2.800e-01
423 2.828e+32 4.959e+15 1.000e+07 7.191e-18 7.000e-01 2.800e-01
424 2.829e+32 5.005e+15 1.000e+07 6.742e-18 7.000e-01 2.800e-01
425 2.830e+32 5.051e+15 1.000e+07 6.319e-18 7.000e-01 2.800e-01
426 2.831e+32 5.098e+15 1.000e+07 5.919e-18 7.000e-01 2.800e-01
427 2.832e+32 5.145e+15 1.000e+07 5.543e-18 7.000e-01 2.800e-01
428 2.833e+32 5.193e+15 1.000e+07 5.188e-18 7.000e-01 2.800e-01
429 2.833e+32 5.241e+15 1.000e+07 4.854e-18 7.000e-01 2.800e-01
430 2.834e+32 5.290e+15 1.000e+07 4.539e-18 7.000e-01 2.800e-01
431 2.835e+32 5.339e+15 1.000e+07 4.243e-18 7.000e-01 2.800e-01
432 2.836e+32 5.388e+15 1.000e+07 3.964e-18 7.000e-01 2.800e-01
433 2.836e+32 5.438e+15 1.000e+07 3.702e-18 7.000e-01 2.800e-01
434 2.837e+32 5.489e+15 1.000e+07 3.455e-18 7.000e-01 2.800e-01
435 2.838e+32 5.540e+15 1.000e+07 3.224e-18 7.000e-01 2.800e-01
436 2.838e+32 5.591e+15 1.000e+07 3.006e-18 7.000e-01 2.800e-01
437 2.839e+32 5.643e+15 1.000e+07 2.802e-18 7.000e-01 2.800e-01
438 2.839e+32 5.695e+15 1.000e+07 2.611e-18 7.000e-01 2.800e-01
439 2.840e+32 5.748e+15 1.000e+07 2.431e-18 7.000e-01 2.800e-01
440 2.840e+32 5.801e+15 1.000e+07 2.263e-18 7.000e-01 2.800e-01
441 2.841e+32 5.855e+15 1.000e+07 2.105e-18 7.000e-01 2.800e-01
442 2.841e+32 5.909e+15 1.000e+07 1.958e-18 7.000e-01 2.800e-01
443 2.842e+32 5.964e+15 1.000e+07 1.819e-18 7.000e-01 2.800e-01
444 2.842e+32 6.019e+15 1.000e+07 1.690e-18 7.000e-01 2.800e-01
445 2.843e+32 6.075e+15 1.000e+07 1.569e-18 7.000e-01 2.800e-01
446 2.843e+32 6.132e+15 1.000e+07 1.456e-18 7.000e-01 2.800e-01
447 2.843e+32 6.188e+15 1.000e+07 1.350e-18 7.000e-01 2.800e-01
448 2.844e+32 6.246e+15 1.000e+07 1.252e-18 7.000e-01 2.800e-01
449 2.844e+32 6.304e+15 1.000e+07 1.160e-18 7.000e-01 2.800e-01
450 2.844e+32 6.362e+15 1.000e+07 1.074e-18 7.000e-01 2.800e-01
451 2.845e+32 6.421e+15 1.000e+07 9.938e-19 7.000e-01 2.800e-01
452 2.845e+32 6.481e+15 1.000e+07 9.192e-19 7.000e-01 2.800e-01
453 2.845e+32 6.541e+15 1.000e+07 8.498e-19 7.000e-01 2.800e-01
454 2.845e+32 6.601e+15 1.000e+07 7.852e-19 7.000e-01 2.800e-01
455 2.846e+32 6.663e+15 1.000e+07 7.250e-19 7.000e-01 2.800e-01
456 2.846e+32 6.724e+15 1.000e+07 6.691e-19 7.000e-01 2.800e-01
457 2.846e+32 6.787e+15 1.000e+07 6.172e-19 7.000e-01 2.800e-01
458 2.846e+32 6.850e+15 1.000e+07 5.690e-19 7.000e-01 2.800e-01
459 2.847e+32 6.913e+15 1.000e+07 5.242e-19 7.000e-01 2.800e-01
460 2.847e+32 6.977e+15 1.000e+07 4.826e-19 7.000e-01 2.800e-01
461 2.847e+32 7.042e+15 1.000e+07 4.441e-19 7.000e-01 2.800e-01
462 2.847e+32 7.107e+15 1.000e+07 4.085e-19 7.000e-01 2.800e-01
463 2.847e+32 7.173e+15 1.000e+07 3.754e-19 7.000e-01 2.800e-01
464 2.847e+32 7.240e+15 1.000e+07 3.448e-19 7.000e-01 2.800e-01
465 2.848e+32 7.307e+15 1.000e+07 3.166e-19 7.000e-01 2.800e-01
466 2.848e+32 7.375e+15 1.000e+07 2.904e-19 7.000e-01 2.800e-01
467 2.848e+32 7.443e+15 1.000e+07 2.663e-19 7.000e-01 2.800e-01
468 2.848e+32 7.512e+15 1.000e+07 2.440e-19 7.000e-01 2.800e-01
469 2.848e+32 7.582e+15 1.000e+07 2.234e-19 7.000e-01 2.800e-01
470 2.848e+32 7.652e+15 1.000e+07 2.044e-19 7.000e-01 2.800e-01
471 2.848e+32 7.723e+15 1.000e+07 1.869e-19 7.000e-01 2.800e-01
472 2.848e+32 7.794e+15 1.000e+07 1.708e-19 7.000e-01 2.800e-01
473 2.848e+32 7.867e+15 1.000e+07 1.560e-19 7.000e-01 2.800e-01
474 2.849e+32 7.940e+15 1.000e+07 1.424e-19 7.000e-01 2.800e-01
475 2.849e+32 8.013e+15 1.000e+07 1.299e-19 7.000e-01 2.800e-01
476 2.849e+32 8.088e+15 1.000e+07 1.184e-19 7.000e-01 2.800e-01
477 2.849e+32 8.163e+15 1.000e+07 1.078e-19 7.000e-01 2.800e-01
478 2.849e+32 8.238e+15 1.000e+07 9.812e-20 7.000e-01 2.800e-01
479 2.849e+32 8.315e+15 1.000e+07 8.924e-20 7.000e-01 2.800e-01
480 2.849e+32 8.392e+15 1.000e+07 8.111e-20 7.000e-01 2.800e-01
481 2.849e+32 8.469e+15 1.000e+07 7.366e-20 7.000e-01 2.800e-01
482 2.849e+32 8.548e+15 1.000e+07 6.686e-20 7.000e-01 2.800e-01
483 2.849e+32 8.627e+15 1.000e+07 6.063e-20 7.000e-01 2.800e-01
484 2.849e+32 8.707e+15 1.000e+07 5.495e-20 7.000e-01 2.800e-01
485 2.849e+32 8.788e+15 1.000e+07 4.976e-20 7.000e-01 2.800e-01
486 2.849e+32 8.869e+15 1.000e+07 4.503e-20 7.000e-01 2.800e-01
487 2.849e+32 8.952e+15 1.000e+07 4.071e-20 7.000e-01 2.800e-01
488 2.849e+32 9.035e+15 1.000e+07 3.679e-20 7.000e-01 2.800e-01
489 2.849e+32 9.118e+15 1.000e+07 3.321e-20 7.000e-01 2.800e-01
490 2.849e+32 9.203e+15 1.000e+07 2.996e-20 7.000e-01 2.800e-01
491 2.849e+32 9.288e+15 1.000e+07 2.701e-20 7.000e-01 2.800e-01
492 2.849e+32 9.374e+15 1.000e+07 2.433e-20 7.000e-01 2.800e-01
493 2.849e+32 9.461e+15 1.000e+07 2.189e-20 7.000e-01 2.800e-01
494 2.849e+32 9.549e+15 1.000e+07 1.969e-20 7.000e-01 2.800e-01
495 2.849e+32 9.638e+15 1.000e+07 1.769e-20 7.000e-01 2.800e-01
496 2.849e+32 9.727e+15 1.000e+07 1.588e-20 7.000e-01 2.800e-01
497 2.849e+32 9.817e+15 1.000e+07 1.425e-20 7.000e-01 2.800e-01
498 2.849e+32 9.908e+15 1.000e+07 1.277e-20 7.000e-01 2.800e-01
499 2.849e+32 1.000e+16 1.000e+07 1.144e-20 7.000e-01 2.800e-01
