1.483067 3.791265e+37
1.484550 3.791647e+37
1.486034 3.792029e+37
1.487520 3.792379e+37
1.489008 3.792697e+37
1.490497 3.792976e+37
1.491987 3.793218e+37
1.493479 3.793421e+37
1.494973 3.793586e+37
1.496468 3.793716e+37
1.497964 3.793810e+37
1.499462 3.793871e+37
1.500962 3.793906e+37
1.502463 3.793914e+37
1.503965 3.793902e+37
1.505469 3.793870e+37
1.506974 3.793820e+37
1.508481 3.793756e+37
1.509990 3.793681e+37
1.511500 3.793596e+37
1.513011 3.793502e+37
1.514524 3.793402e+37
1.516039 3.793298e+37
1.517555 3.793191e+37
1.519073 3.793081e+37
1.520592 3.792971e+37
1.522112 3.792862e+37
1.523634 3.792753e+37
1.525158 3.792647e+37
1.526683 3.792544e+37
1.528210 3.792445e+37
1.529738 3.792349e+37
1.531268 3.792258e+37
1.532799 3.792172e+37
1.534332 3.792091e+37
1.535866 3.792015e+37
1.537402 3.791944e+37
1.538939 3.791879e+37
1.540478 3.791820e+37
1.542019 3.791766e+37
1.543561 3.791718e+37
1.545104 3.791674e+37
1.546649 3.791636e+37
1.548196 3.791604e+37
1.549744 3.791575e+37
1.551294 3.791551e+37
1.552845 3.791531e+37
1.554398 3.791514e+37
1.555953 3.791501e+37
1.557509 3.791490e+37
1.559066 3.791483e+37
1.560625 3.791477e+37
1.562186 3.791473e+37
1.563748 3.791471e+37
1.565312 3.791470e+37
1.566877 3.791470e+37
1.568444 3.791470e+37
1.570012 3.791471e+37
1.571582 3.791471e+37
1.573154 3.791472e+37
1.574727 3.791471e+37
1.576302 3.791470e+37
1.577878 3.791469e+37
1.579456 3.791466e+37
1.581035 3.791462e+37
1.582616 3.791457e+37
1.584199 3.791450e+37
1.585783 3.791442e+37
1.587369 3.791432e+37
1.588956 3.791422e+37
1.590545 3.791409e+37
1.592136 3.791395e+37
1.593728 3.791380e+37
1.595322 3.791363e+37
1.596917 3.791345e+37
1.598514 3.791326e+37
1.600113 3.791306e+37
1.601713 3.791285e+37
1.603314 3.791263e+37
1.604918 3.791240e+37
1.606523 3.791216e+37
1.608129 3.791192e+37
1.609737 3.791168e+37
1.611347 3.791143e+37
1.612958 3.791118e+37
1.614571 3.791094e+37
1.616186 3.791069e+37
1.617802 3.791044e+37
1.619420 3.791020e+37
1.621039 3.790996e+37
1.622660 3.790973e+37
1.624283 3.790950e+37
1.625907 3.790927e+37
1.627533 3.790906e+37
1.629161 3.790885e+37
1.630790 3.790864e+37
1.632421 3.790845e+37
1.634053 3.790826e+37
1.635687 3.790808e+37
1.637323 3.790790e+37
1.638960 3.790773e+37
1.640599 3.790757e+37
1.642240 3.790741e+37
1.643882 3.790726e+37
1.645526 3.790712e+37
1.647171 3.790698e+37
1.648819 3.790684e+37
1.650467 3.790671e+37
1.652118 3.790658e+37
1.653770 3.790645e+37
1.655424 3.790633e+37
1.657079 3.790620e+37
1.658736 3.790608e+37
1.660395 3.790595e+37
1.662055 3.790582e+37
1.663717 3.790569e+37
1.665381 3.790556e+37
1.667047 3.790542e+37
1.668714 3.790528e+37
1.670382 3.790513e+37
1.672053 3.790498e+37
1.673725 3.790483e+37
1.675398 3.790467e+37
1.677074 3.790450e+37
1.678751 3.790433e+37
1.680430 3.790415e+37
1.682110 3.790396e+37
1.683792 3.790377e+37
1.685476 3.790358e+37
1.687161 3.790337e+37
1.688849 3.790317e+37
1.690537 3.790295e+37
1.692228 3.790273e+37
1.693920 3.790251e+37
1.695614 3.790228e+37
1.697310 3.790205e+37
1.699007 3.790182e+37
1.700706 3.790158e+37
1.702407 3.790134e+37
1.704109 3.790109e+37
1.705813 3.790085e+37
1.707519 3.790060e+37
1.709227 3.790036e+37
1.710936 3.790011e+37
1.712647 3.789986e+37
1.714359 3.789962e+37
1.716074 3.789937e+37
1.717790 3.789913e+37
1.719508 3.789888e+37
1.721227 3.789864e+37
1.722948 3.789840e+37
1.724671 3.789817e+37
1.726396 3.789793e+37
1.728122 3.789770e+37
1.729851 3.789747e+37
1.731580 3.789724e+37
1.733312 3.789701e+37
1.735045 3.789679e+37
1.736780 3.789657e+37
1.738517 3.789635e+37
1.740256 3.789613e+37
1.741996 3.789591e+37
1.743738 3.789569e+37
1.745482 3.789548e+37
1.747227 3.789526e+37
1.748974 3.789504e+37
1.750723 3.789483e+37
1.752474 3.789461e+37
1.754226 3.789439e+37
1.755981 3.789417e+37
1.757737 3.789395e+37
1.759494 3.789372e+37
1.761254 3.789349e+37
1.763015 3.789326e+37
1.764778 3.789303e+37
1.766543 3.789279e+37
1.768310 3.789255e+37
1.770078 3.789230e+37
1.771848 3.789205e+37
1.773620 3.789180e+37
1.775393 3.789154e+37
1.777169 3.789128e+37
1.778946 3.789102e+37
1.780725 3.789075e+37
1.782506 3.789048e+37
1.784288 3.789020e+37
1.786072 3.788992e+37
1.787858 3.788963e+37
1.789646 3.788934e+37
1.791436 3.788905e+37
1.793227 3.788875e+37
1.795021 3.788845e+37
1.796816 3.788815e+37
1.798612 3.788785e+37
1.800411 3.788754e+37
1.802212 3.788723e+37
1.804014 3.788692e+37
1.805818 3.788661e+37
1.807624 3.788630e+37
1.809431 3.788599e+37
1.811241 3.788568e+37
1.813052 3.788536e+37
1.814865 3.788505e+37
1.816680 3.788475e+37
1.818496 3.788444e+37
1.820315 3.788413e+37
1.822135 3.788382e+37
1.823957 3.788352e+37
1.825781 3.788322e+37
1.827607 3.788291e+37
1.829435 3.788261e+37
1.831264 3.788231e+37
1.833095 3.788201e+37
1.834929 3.788170e+37
1.836763 3.788140e+37
1.838600 3.788110e+37
1.840439 3.788080e+37
1.842279 3.788049e+37
1.844122 3.788018e+37
1.845966 3.787987e+37
1.847812 3.787956e+37
1.849659 3.787924e+37
1.851509 3.787892e+37
1.853361 3.787860e+37
1.855214 3.787827e+37
1.857069 3.787794e+37
1.858926 3.787761e+37
1.860785 3.787726e+37
1.862646 3.787692e+37
1.864509 3.787657e+37
1.866373 3.787622e+37
1.868239 3.787585e+37
1.870108 3.787550e+37
1.871978 3.787513e+37
1.873850 3.787476e+37
1.875724 3.787438e+37
1.877599 3.787401e+37
1.879477 3.787363e+37
1.881356 3.787325e+37
1.883238 3.787287e+37
1.885121 3.787249e+37
1.887006 3.787210e+37
1.888893 3.787171e+37
1.890782 3.787133e+37
1.892673 3.787093e+37
1.894566 3.787054e+37
1.896460 3.787015e+37
1.898357 3.786975e+37
1.900255 3.786936e+37
1.902155 3.786896e+37
1.904057 3.786856e+37
1.905961 3.786817e+37
1.907867 3.786777e+37
1.909775 3.786737e+37
1.911685 3.786697e+37
1.913597 3.786657e+37
1.915510 3.786617e+37
1.917426 3.786577e+37
1.919343 3.786537e+37
1.921263 3.786497e+37
1.923184 3.786456e+37
1.925107 3.786415e+37
1.927032 3.786374e+37
1.928959 3.786332e+37
1.930888 3.786291e+37
1.932819 3.786249e+37
1.934752 3.786207e+37
1.936687 3.786164e+37
1.938623 3.786122e+37
1.940562 3.786078e+37
1.942502 3.786034e+37
1.944445 3.785990e+37
1.946389 3.785945e+37
1.948336 3.785900e+37
1.950284 3.785855e+37
1.952234 3.785808e+37
1.954187 3.785762e+37
1.956141 3.785715e+37
1.958097 3.785667e+37
1.960055 3.785620e+37
1.962015 3.785572e+37
1.963977 3.785523e+37
1.965941 3.785475e+37
1.967907 3.785425e+37
1.969875 3.785376e+37
1.971845 3.785326e+37
1.973817 3.785276e+37
1.975790 3.785226e+37
1.977766 3.785176e+37
1.979744 3.785125e+37
1.981724 3.785074e+37
1.983705 3.785023e+37
1.985689 3.784972e+37
1.987675 3.784921e+37
1.989663 3.784869e+37
1.991652 3.784817e+37
1.993644 3.784765e+37
1.995638 3.784713e+37
1.997633 3.784661e+37
1.999631 3.784609e+37
2.001630 3.784556e+37
2.003632 3.784503e+37
2.005636 3.784451e+37
2.007641 3.784397e+37
2.009649 3.784344e+37
2.011659 3.784290e+37
2.013670 3.784235e+37
2.015684 3.784180e+37
2.017700 3.784126e+37
2.019717 3.784069e+37
2.021737 3.784013e+37
2.023759 3.783955e+37
2.025783 3.783897e+37
2.027808 3.783839e+37
2.029836 3.783780e+37
2.031866 3.783721e+37
2.033898 3.783661e+37
2.035932 3.783600e+37
2.037968 3.783540e+37
2.040006 3.783478e+37
2.042046 3.783417e+37
2.044088 3.783355e+37
2.046132 3.783293e+37
2.048178 3.783230e+37
2.050226 3.783167e+37
2.052276 3.783103e+37
2.054329 3.783039e+37
2.056383 3.782975e+37
2.058439 3.782911e+37
2.060498 3.782846e+37
2.062558 3.782781e+37
2.064621 3.782716e+37
2.066685 3.782650e+37
2.068752 3.782584e+37
2.070821 3.782518e+37
2.072892 3.782451e+37
2.074965 3.782384e+37
2.077040 3.782317e+37
2.079117 3.782249e+37
2.081196 3.782181e+37
2.083277 3.782112e+37
2.085360 3.782043e+37
2.087446 3.781974e+37
2.089533 3.781904e+37
2.091622 3.781834e+37
2.093714 3.781763e+37
2.095808 3.781692e+37
2.097904 3.781620e+37
2.100002 3.781548e+37
2.102102 3.781475e+37
2.104204 3.781402e+37
2.106308 3.781328e+37
2.108414 3.781254e+37
2.110523 3.781179e+37
2.112633 3.781103e+37
2.114746 3.781027e+37
2.116860 3.780951e+37
2.118977 3.780874e+37
2.121096 3.780796e+37
2.123217 3.780718e+37
2.125341 3.780639e+37
2.127466 3.780559e+37
2.129593 3.780480e+37
2.131723 3.780399e+37
2.133855 3.780318e+37
2.135989 3.780237e+37
2.138125 3.780155e+37
2.140263 3.780072e+37
2.142403 3.779989e+37
2.144545 3.779906e+37
2.146690 3.779822e+37
2.148837 3.779737e+37
2.150985 3.779652e+37
2.153136 3.779567e+37
2.155290 3.779481e+37
2.157445 3.779394e+37
2.159602 3.779308e+37
2.161762 3.779220e+37
2.163924 3.779132e+37
2.166088 3.779043e+37
2.168254 3.778954e+37
2.170422 3.778864e+37
2.172592 3.778774e+37
2.174765 3.778683e+37
2.176940 3.778592e+37
2.179117 3.778500e+37
2.181296 3.778407e+37
2.183477 3.778314e+37
2.185661 3.778220e+37
2.187846 3.778126e+37
2.190034 3.778031e+37
2.192224 3.777935e+37
2.194416 3.777838e+37
2.196611 3.777741e+37
2.198807 3.777643e+37
2.201006 3.777545e+37
2.203207 3.777446e+37
2.205410 3.777346e+37
2.207616 3.777245e+37
2.209823 3.777144e+37
2.212033 3.777042e+37
2.214245 3.776940e+37
2.216459 3.776836e+37
2.218676 3.776732e+37
2.220895 3.776628e+37
2.223116 3.776522e+37
2.225339 3.776416e+37
2.227564 3.776309e+37
2.229792 3.776202e+37
2.232021 3.776093e+37
2.234253 3.775985e+37
2.236488 3.775875e+37
2.238724 3.775764e+37
2.240963 3.775653e+37
2.243204 3.775541e+37
2.245447 3.775429e+37
2.247692 3.775316e+37
2.249940 3.775202e+37
2.252190 3.775087e+37
2.254442 3.774971e+37
2.256697 3.774855e+37
2.258953 3.774738e+37
2.261212 3.774620e+37
2.263474 3.774501e+37
2.265737 3.774381e+37
2.268003 3.774261e+37
2.270271 3.774140e+37
2.272541 3.774018e+37
2.274814 3.773895e+37
2.277088 3.773771e+37
2.279365 3.773646e+37
2.281645 3.773521e+37
2.283926 3.773394e+37
2.286210 3.773267e+37
2.288497 3.773138e+37
2.290785 3.773009e+37
2.293076 3.772879e+37
2.295369 3.772748e+37
2.297664 3.772616e+37
2.299962 3.772483e+37
2.302262 3.772349e+37
2.304564 3.772214e+37
2.306869 3.772078e+37
2.309176 3.771941e+37
2.311485 3.771803e+37
2.313796 3.771664e+37
2.316110 3.771524e+37
2.318426 3.771383e+37
2.320745 3.771241e+37
2.323065 3.771098e+37
2.325388 3.770954e+37
2.327714 3.770809e+37
2.330042 3.770663e+37
2.332372 3.770515e+37
2.334704 3.770367e+37
2.337039 3.770218e+37
2.339376 3.770068e+37
2.341715 3.769916e+37
2.344057 3.769764e+37
2.346401 3.769611e+37
2.348747 3.769456e+37
2.351096 3.769301e+37
2.353447 3.769144e+37
2.355801 3.768986e+37
2.358156 3.768827e+37
2.360515 3.768667e+37
2.362875 3.768506e+37
2.365238 3.768343e+37
2.367603 3.768180e+37
2.369971 3.768015e+37
2.372341 3.767849e+37
2.374713 3.767682e+37
2.377088 3.767514e+37
2.379465 3.767345e+37
2.381844 3.767174e+37
2.384226 3.767003e+37
2.386610 3.766830e+37
2.388997 3.766655e+37
2.391386 3.766480e+37
2.393777 3.766303e+37
2.396171 3.766125e+37
2.398567 3.765946e+37
2.400966 3.765765e+37
2.403367 3.765584e+37
2.405770 3.765401e+37
2.408176 3.765216e+37
2.410584 3.765030e+37
2.412995 3.764843e+37
2.415408 3.764655e+37
2.417823 3.764466e+37
2.420241 3.764275e+37
2.422661 3.764082e+37
2.425084 3.763888e+37
2.427509 3.763693e+37
2.429937 3.763497e+37
2.432366 3.763299e+37
2.434799 3.763100e+37
2.437234 3.762899e+37
2.439671 3.762697e+37
2.442111 3.762493e+37
2.444553 3.762288e+37
2.446997 3.762081e+37
2.449444 3.761873e+37
2.451894 3.761664e+37
2.454346 3.761453e+37
2.456800 3.761240e+37
2.459257 3.761026e+37
2.461716 3.760810e+37
2.464178 3.760593e+37
2.466642 3.760374e+37
2.469108 3.760154e+37
2.471578 3.759932e+37
2.474049 3.759708e+37
2.476523 3.759483e+37
2.479000 3.759256e+37
2.481479 3.759027e+37
2.483960 3.758797e+37
2.486444 3.758565e+37
2.488931 3.758332e+37
2.491420 3.758096e+37
2.493911 3.757859e+37
2.496405 3.757620e+37
2.498901 3.757380e+37
2.501400 3.757137e+37
2.503902 3.756893e+37
2.506405 3.756647e+37
2.508912 3.756400e+37
2.511421 3.756150e+37
2.513932 3.755899e+37
2.516446 3.755645e+37
2.518963 3.755390e+37
2.521482 3.755133e+37
2.524003 3.754874e+37
2.526527 3.754613e+37
2.529054 3.754351e+37
2.531583 3.754086e+37
2.534114 3.753819e+37
2.536648 3.753551e+37
2.539185 3.753280e+37
2.541724 3.753007e+37
2.544266 3.752733e+37
2.546810 3.752456e+37
2.549357 3.752177e+37
2.551906 3.751896e+37
2.554458 3.751613e+37
2.557013 3.751328e+37
2.559570 3.751041e+37
2.562129 3.750751e+37
2.564691 3.750459e+37
2.567256 3.750165e+37
2.569823 3.749869e+37
2.572393 3.749571e+37
2.574966 3.749270e+37
2.577540 3.748967e+37
2.580118 3.748662e+37
2.582698 3.748354e+37
2.585281 3.748044e+37
2.587866 3.747731e+37
2.590454 3.747417e+37
2.593044 3.747099e+37
2.595637 3.746779e+37
2.598233 3.746457e+37
2.600831 3.746132e+37
2.603432 3.745805e+37
2.606036 3.745475e+37
2.608642 3.745143e+37
2.611250 3.744808e+37
2.613862 3.744471e+37
2.616475 3.744130e+37
2.619092 3.743788e+37
2.621711 3.743442e+37
2.624333 3.743094e+37
2.626957 3.742743e+37
2.629584 3.742389e+37
2.632214 3.742033e+37
2.634846 3.741673e+37
2.637481 3.741311e+37
2.640118 3.740946e+37
2.642758 3.740579e+37
2.645401 3.740208e+37
2.648046 3.739835e+37
2.650694 3.739458e+37
2.653345 3.739079e+37
2.655998 3.738697e+37
2.658654 3.738312e+37
2.661313 3.737923e+37
2.663974 3.737532e+37
2.666638 3.737138e+37
2.669305 3.736741e+37
2.671974 3.736340e+37
2.674646 3.735936e+37
2.677321 3.735530e+37
2.679998 3.735119e+37
2.682678 3.734706e+37
2.685361 3.734289e+37
2.688046 3.733869e+37
2.690734 3.733446e+37
2.693425 3.733019e+37
2.696119 3.732589e+37
2.698815 3.732155e+37
2.701513 3.731718e+37
2.704215 3.731277e+37
2.706919 3.730833e+37
2.709626 3.730385e+37
2.712336 3.729934e+37
2.715048 3.729478e+37
2.717763 3.729019e+37
2.720481 3.728557e+37
2.723201 3.728090e+37
2.725925 3.727620e+37
2.728650 3.727146e+37
2.731379 3.726668e+37
2.734111 3.726186e+37
2.736845 3.725701e+37
2.739581 3.725211e+37
2.742321 3.724718e+37
2.745063 3.724222e+37
2.747808 3.723722e+37
2.750556 3.723218e+37
2.753307 3.722710e+37
2.756060 3.722199e+37
2.758816 3.721685e+37
2.761575 3.721167e+37
2.764337 3.720646e+37
2.767101 3.720121e+37
2.769868 3.719593e+37
2.772638 3.719062e+37
2.775411 3.718528e+37
2.778186 3.717990e+37
2.780964 3.717448e+37
2.783745 3.716903e+37
2.786529 3.716354e+37
2.789315 3.715801e+37
2.792105 3.715244e+37
2.794897 3.714682e+37
2.797692 3.714116e+37
2.800489 3.713543e+37
2.803290 3.712965e+37
2.806093 3.712380e+37
2.808899 3.711788e+37
2.811708 3.711188e+37
2.814520 3.710579e+37
2.817334 3.709960e+37
2.820152 3.709332e+37
2.822972 3.708692e+37
2.825795 3.708043e+37
2.828621 3.707381e+37
2.831449 3.706708e+37
2.834281 3.706022e+37
2.837115 3.705324e+37
2.839952 3.704615e+37
2.842792 3.703895e+37
2.845635 3.703166e+37
2.848480 3.702430e+37
2.851329 3.701688e+37
2.854180 3.700945e+37
2.857034 3.700203e+37
2.859891 3.699467e+37
2.862751 3.698741e+37
2.865614 3.698030e+37
2.868480 3.697339e+37
2.871348 3.696673e+37
2.874220 3.696038e+37
2.877094 3.695439e+37
2.879971 3.694880e+37
2.882851 3.694364e+37
2.885734 3.693891e+37
2.888619 3.693461e+37
2.891508 3.693067e+37
2.894400 3.692701e+37
2.897294 3.692350e+37
2.900191 3.691991e+37
2.903091 3.691597e+37
2.905995 3.691129e+37
2.908901 3.690533e+37
2.911809 3.689735e+37
2.914721 3.688656e+37
2.917636 3.687198e+37
2.920554 3.685257e+37
2.923474 3.682737e+37
2.926398 3.679573e+37
2.929324 3.675684e+37
2.932253 3.671122e+37
2.935186 3.665982e+37
2.938121 3.660374e+37
2.941059 3.654418e+37
2.944000 3.648189e+37
2.946944 3.641748e+37
2.949891 3.635131e+37
2.952841 3.628392e+37
2.955794 3.621558e+37
2.958749 3.614651e+37
2.961708 3.607689e+37
2.964670 3.600682e+37
2.967635 3.593644e+37
2.970602 3.586580e+37
2.973573 3.579499e+37
2.976546 3.572404e+37
2.979523 3.565301e+37
2.982502 3.558192e+37
2.985485 3.551082e+37
2.988470 3.543969e+37
2.991459 3.536859e+37
2.994450 3.529751e+37
2.997445 3.522647e+37
3.000442 3.515548e+37
3.003443 3.508454e+37
3.006446 3.501367e+37
3.009453 3.494287e+37
3.012462 3.487214e+37
3.015474 3.480149e+37
3.018490 3.473092e+37
3.021508 3.466044e+37
3.024530 3.459004e+37
3.027555 3.451974e+37
3.030582 3.444952e+37
3.033613 3.437940e+37
3.036646 3.430937e+37
3.039683 3.423943e+37
3.042723 3.416959e+37
3.045765 3.409985e+37
3.048811 3.403020e+37
3.051860 3.396065e+37
3.054912 3.389119e+37
3.057967 3.382184e+37
3.061025 3.375258e+37
3.064086 3.368342e+37
3.067150 3.361436e+37
3.070217 3.354540e+37
3.073287 3.347654e+37
3.076360 3.340777e+37
3.079437 3.333911e+37
3.082516 3.327054e+37
3.085599 3.320208e+37
3.088684 3.313371e+37
3.091773 3.306544e+37
3.094865 3.299727e+37
3.097960 3.292920e+37
3.101058 3.286124e+37
3.104159 3.279337e+37
3.107263 3.272560e+37
3.110370 3.265793e+37
3.113480 3.259036e+37
3.116594 3.252289e+37
3.119710 3.245551e+37
3.122830 3.238824e+37
3.125953 3.232107e+37
3.129079 3.225400e+37
3.132208 3.218703e+37
3.135340 3.212016e+37
3.138476 3.205338e+37
3.141614 3.198671e+37
3.144756 3.192014e+37
3.147900 3.185366e+37
3.151048 3.178729e+37
3.154199 3.172102e+37
3.157354 3.165484e+37
3.160511 3.158877e+37
3.163671 3.152279e+37
3.166835 3.145692e+37
3.170002 3.139114e+37
3.173172 3.132547e+37
3.176345 3.125989e+37
3.179522 3.119441e+37
3.182701 3.112904e+37
3.185884 3.106376e+37
3.189070 3.099858e+37
3.192259 3.093351e+37
3.195451 3.086853e+37
3.198646 3.080365e+37
3.201845 3.073887e+37
3.205047 3.067419e+37
3.208252 3.060961e+37
3.211460 3.054513e+37
3.214672 3.048075e+37
3.217886 3.041647e+37
3.221104 3.035229e+37
3.224325 3.028820e+37
3.227550 3.022422e+37
3.230777 3.016034e+37
3.234008 3.009655e+37
3.237242 3.003287e+37
3.240479 2.996928e+37
3.243720 2.990579e+37
3.246963 2.984241e+37
3.250210 2.977912e+37
3.253461 2.971593e+37
3.256714 2.965284e+37
3.259971 2.958985e+37
3.263231 2.952696e+37
3.266494 2.946416e+37
3.269760 2.940147e+37
3.273030 2.933888e+37
3.276303 2.927638e+37
3.279580 2.921399e+37
3.282859 2.915169e+37
3.286142 2.908949e+37
3.289428 2.902739e+37
3.292718 2.896539e+37
3.296010 2.890349e+37
3.299306 2.884169e+37
3.302606 2.877999e+37
3.305908 2.871838e+37
3.309214 2.865687e+37
3.312523 2.859547e+37
3.315836 2.853416e+37
3.319152 2.847295e+37
3.322471 2.841184e+37
3.325793 2.835082e+37
3.329119 2.828991e+37
3.332448 2.822909e+37
3.335781 2.816838e+37
3.339116 2.810776e+37
3.342456 2.804724e+37
3.345798 2.798682e+37
3.349144 2.792649e+37
3.352493 2.786627e+37
3.355845 2.780614e+37
3.359201 2.774611e+37
3.362560 2.768618e+37
3.365923 2.762635e+37
3.369289 2.756661e+37
3.372658 2.750697e+37
3.376031 2.744744e+37
3.379407 2.738800e+37
3.382786 2.732865e+37
3.386169 2.726941e+37
3.389555 2.721026e+37
3.392945 2.715121e+37
3.396338 2.709226e+37
3.399734 2.703340e+37
3.403134 2.697465e+37
3.406537 2.691599e+37
3.409944 2.685743e+37
3.413353 2.679896e+37
3.416767 2.674060e+37
3.420184 2.668233e+37
3.423604 2.662416e+37
3.427027 2.656608e+37
3.430454 2.650810e+37
3.433885 2.645022e+37
3.437319 2.639244e+37
3.440756 2.633476e+37
3.444197 2.627717e+37
3.447641 2.621968e+37
3.451089 2.616228e+37
3.454540 2.610498e+37
3.457994 2.604778e+37
3.461452 2.599068e+37
3.464914 2.593367e+37
3.468379 2.587676e+37
3.471847 2.581995e+37
3.475319 2.576323e+37
3.478794 2.570661e+37
3.482273 2.565009e+37
3.485755 2.559366e+37
3.489241 2.553733e+37
3.492730 2.548110e+37
3.496223 2.542496e+37
3.499719 2.536892e+37
3.503219 2.531297e+37
3.506722 2.525712e+37
3.510229 2.520137e+37
3.513739 2.514571e+37
3.517253 2.509015e+37
3.520770 2.503468e+37
3.524291 2.497931e+37
3.527815 2.492403e+37
3.531343 2.486885e+37
3.534874 2.481377e+37
3.538409 2.475878e+37
3.541948 2.470389e+37
3.545490 2.464909e+37
3.549035 2.459439e+37
3.552584 2.453978e+37
3.556137 2.448527e+37
3.559693 2.443086e+37
3.563253 2.437654e+37
3.566816 2.432231e+37
3.570383 2.426818e+37
3.573953 2.421415e+37
3.577527 2.416021e+37
3.581104 2.410636e+37
3.584686 2.405261e+37
3.588270 2.399895e+37
3.591858 2.394538e+37
3.595450 2.389192e+37
3.599046 2.383854e+37
3.602645 2.378526e+37
3.606247 2.373208e+37
3.609854 2.367899e+37
3.613464 2.362599e+37
3.617077 2.357309e+37
3.620694 2.352028e+37
3.624315 2.346757e+37
3.627939 2.341495e+37
3.631567 2.336243e+37
3.635199 2.330999e+37
3.638834 2.325765e+37
3.642473 2.320541e+37
3.646115 2.315326e+37
3.649761 2.310120e+37
3.653411 2.304923e+37
3.657064 2.299736e+37
3.660722 2.294558e+37
3.664382 2.289390e+37
3.668047 2.284231e+37
3.671715 2.279081e+37
3.675386 2.273941e+37
3.679062 2.268809e+37
3.682741 2.263687e+37
3.686424 2.258575e+37
3.690110 2.253471e+37
3.693800 2.248377e+37
3.697494 2.243292e+37
3.701191 2.238216e+37
3.704893 2.233150e+37
3.708597 2.228093e+37
3.712306 2.223045e+37
3.716018 2.218006e+37
3.719734 2.212977e+37
3.723454 2.207956e+37
3.727178 2.202945e+37
3.730905 2.197943e+37
3.734636 2.192950e+37
3.738370 2.187966e+37
3.742109 2.182992e+37
3.745851 2.178027e+37
3.749597 2.173071e+37
3.753346 2.168124e+37
3.757100 2.163186e+37
3.760857 2.158257e+37
3.764618 2.153337e+37
3.768382 2.148427e+37
3.772151 2.143525e+37
3.775923 2.138633e+37
3.779699 2.133750e+37
3.783478 2.128876e+37
3.787262 2.124011e+37
3.791049 2.119155e+37
3.794840 2.114308e+37
3.798635 2.109470e+37
3.802434 2.104641e+37
3.806236 2.099821e+37
3.810042 2.095010e+37
3.813852 2.090209e+37
3.817666 2.085416e+37
3.821484 2.080632e+37
3.825305 2.075858e+37
3.829131 2.071092e+37
3.832960 2.066335e+37
3.836793 2.061587e+37
3.840629 2.056848e+37
3.844470 2.052118e+37
3.848315 2.047397e+37
3.852163 2.042685e+37
3.856015 2.037982e+37
3.859871 2.033287e+37
3.863731 2.028602e+37
3.867595 2.023926e+37
3.871462 2.019258e+37
3.875334 2.014599e+37
3.879209 2.009950e+37
3.883088 2.005308e+37
3.886971 2.000676e+37
3.890858 1.996053e+37
3.894749 1.991438e+37
3.898644 1.986833e+37
3.902543 1.982236e+37
3.906445 1.977648e+37
3.910352 1.973069e+37
3.914262 1.968499e+37
3.918176 1.963937e+37
3.922094 1.959384e+37
3.926016 1.954840e+37
3.929942 1.950304e+37
3.933872 1.945778e+37
3.937806 1.941260e+37
3.941744 1.936751e+37
3.945686 1.932250e+37
3.949632 1.927759e+37
3.953581 1.923276e+37
3.957535 1.918802e+37
3.961492 1.914336e+37
3.965454 1.909879e+37
3.969419 1.905431e+37
3.973389 1.900991e+37
3.977362 1.896560e+37
3.981339 1.892138e+37
3.985321 1.887724e+37
3.989306 1.883319e+37
3.993295 1.878922e+37
3.997289 1.874535e+37
4.001286 1.870156e+37
4.005287 1.865785e+37
4.009293 1.861422e+37
4.013302 1.857069e+37
4.017315 1.852724e+37
4.021332 1.848387e+37
4.025354 1.844059e+37
4.029379 1.839740e+37
4.033408 1.835429e+37
4.037442 1.831127e+37
4.041479 1.826833e+37
4.045521 1.822548e+37
4.049566 1.818271e+37
4.053616 1.814002e+37
4.057670 1.809743e+37
4.061727 1.805491e+37
4.065789 1.801248e+37
4.069855 1.797014e+37
4.073925 1.792788e+37
4.077998 1.788570e+37
4.082076 1.784361e+37
4.086159 1.780160e+37
4.090245 1.775967e+37
4.094335 1.771783e+37
4.098429 1.767608e+37
4.102528 1.763441e+37
4.106630 1.759282e+37
4.110737 1.755131e+37
4.114848 1.750989e+37
4.118962 1.746855e+37
4.123081 1.742730e+37
4.127205 1.738613e+37
4.131332 1.734504e+37
4.135463 1.730403e+37
4.139599 1.726311e+37
4.143738 1.722227e+37
4.147882 1.718152e+37
4.152030 1.714085e+37
4.156182 1.710025e+37
4.160338 1.705974e+37
4.164498 1.701932e+37
4.168663 1.697897e+37
4.172831 1.693871e+37
4.177004 1.689853e+37
4.181181 1.685843e+37
4.185362 1.681841e+37
4.189548 1.677848e+37
4.193737 1.673863e+37
4.197931 1.669886e+37
4.202129 1.665917e+37
4.206331 1.661956e+37
4.210537 1.658003e+37
4.214748 1.654059e+37
4.218963 1.650122e+37
4.223182 1.646194e+37
4.227405 1.642274e+37
4.231632 1.638362e+37
4.235864 1.634458e+37
4.240100 1.630563e+37
4.244340 1.626675e+37
4.248584 1.622795e+37
4.252833 1.618923e+37
4.257086 1.615059e+37
4.261343 1.611204e+37
4.265604 1.607356e+37
4.269870 1.603516e+37
4.274140 1.599685e+37
4.278414 1.595862e+37
4.282692 1.592046e+37
4.286975 1.588239e+37
4.291262 1.584439e+37
4.295553 1.580647e+37
4.299849 1.576864e+37
4.304148 1.573088e+37
4.308453 1.569320e+37
4.312761 1.565561e+37
4.317074 1.561809e+37
4.321391 1.558065e+37
4.325712 1.554329e+37
4.330038 1.550601e+37
4.334368 1.546881e+37
4.338702 1.543169e+37
4.343041 1.539465e+37
4.347384 1.535769e+37
4.351732 1.532080e+37
4.356083 1.528400e+37
4.360439 1.524727e+37
4.364800 1.521063e+37
4.369165 1.517406e+37
4.373534 1.513757e+37
4.377907 1.510116e+37
4.382285 1.506483e+37
4.386667 1.502858e+37
4.391054 1.499240e+37
4.395445 1.495631e+37
4.399841 1.492030e+37
4.404240 1.488436e+37
4.408645 1.484850e+37
4.413053 1.481273e+37
4.417466 1.477703e+37
4.421884 1.474141e+37
4.426306 1.470587e+37
4.430732 1.467041e+37
4.435163 1.463503e+37
4.439598 1.459973e+37
4.444038 1.456451e+37
4.448482 1.452936e+37
4.452930 1.449430e+37
4.457383 1.445932e+37
4.461840 1.442442e+37
4.466302 1.438959e+37
4.470769 1.435485e+37
4.475239 1.432019e+37
4.479715 1.428561e+37
4.484194 1.425111e+37
4.488678 1.421669e+37
4.493167 1.418236e+37
4.497660 1.414811e+37
4.502158 1.411394e+37
4.506660 1.407985e+37
4.511167 1.404584e+37
4.515678 1.401192e+37
4.520194 1.397809e+37
4.524714 1.394433e+37
4.529239 1.391067e+37
4.533768 1.387709e+37
4.538302 1.384359e+37
4.542840 1.381019e+37
4.547383 1.377687e+37
4.551930 1.374363e+37
4.556482 1.371049e+37
4.561038 1.367743e+37
4.565600 1.364447e+37
4.570165 1.361160e+37
4.574735 1.357883e+37
4.579310 1.354614e+37
4.583889 1.351355e+37
4.588473 1.348106e+37
4.593062 1.344868e+37
4.597655 1.341639e+37
4.602252 1.338420e+37
4.606855 1.335212e+37
4.611462 1.332014e+37
4.616073 1.328827e+37
4.620689 1.325651e+37
4.625310 1.322485e+37
4.629935 1.319331e+37
4.634565 1.316188e+37
4.639200 1.313056e+37
4.643839 1.309937e+37
4.648483 1.306831e+37
4.653131 1.303738e+37
4.657784 1.300658e+37
4.662442 1.297590e+37
4.667104 1.294537e+37
4.671772 1.291499e+37
4.676443 1.288477e+37
4.681120 1.285470e+37
4.685801 1.282480e+37
4.690487 1.279508e+37
4.695177 1.276553e+37
4.699872 1.273618e+37
4.704572 1.270704e+37
4.709277 1.267811e+37
4.713986 1.264943e+37
4.718700 1.262099e+37
4.723419 1.259284e+37
4.728142 1.256498e+37
4.732870 1.253746e+37
4.737603 1.251031e+37
4.742341 1.248356e+37
4.747083 1.245727e+37
4.751830 1.243149e+37
4.756582 1.240632e+37
4.761339 1.238188e+37
4.766100 1.235827e+37
4.770866 1.233564e+37
4.775637 1.231422e+37
4.780413 1.229427e+37
4.785193 1.227620e+37
4.789978 1.226056e+37
4.794768 1.224811e+37
4.799563 1.223993e+37
4.804362 1.223760e+37
4.809167 1.224380e+37
4.813976 1.226709e+37
4.818790 1.230477e+37
4.823609 1.236177e+37
4.828432 1.247750e+37
4.833261 1.265239e+37
4.838094 1.283488e+37
4.842932 1.312471e+37
4.847775 1.349762e+37
4.852623 1.394901e+37
4.857475 1.449585e+37
4.862333 1.516488e+37
4.867195 1.598552e+37
4.872062 1.698943e+37
4.876935 1.821208e+37
4.881811 1.969439e+37
4.886693 2.148428e+37
4.891580 2.363769e+37
4.896472 2.621965e+37
4.901368 2.930535e+37
4.906269 3.298140e+37
4.911176 3.734749e+37
4.916087 4.251772e+37
4.921003 4.862244e+37
4.925924 5.581039e+37
4.930850 6.425041e+37
4.935781 7.413372e+37
4.940717 8.567627e+37
4.945657 9.912159e+37
4.950603 1.147429e+38
4.955553 1.328463e+38
4.960509 1.537728e+38
4.965470 1.779021e+38
4.970435 2.056562e+38
4.975405 2.375004e+38
4.980381 2.739490e+38
4.985361 3.155677e+38
4.990347 3.629767e+38
4.995337 4.168537e+38
5.000332 4.779376e+38
5.005333 5.470308e+38
5.010338 6.250024e+38
5.015348 7.127908e+38
5.020364 8.114059e+38
5.025384 9.219310e+38
5.030409 1.045525e+39
5.035440 1.183422e+39
5.040475 1.336933e+39
5.045516 1.507447e+39
5.050561 1.696429e+39
5.055612 1.905417e+39
5.060667 2.136025e+39
5.065728 2.389935e+39
5.070794 2.668897e+39
5.075865 2.974721e+39
5.080940 3.309277e+39
5.086021 3.674485e+39
5.091107 4.072307e+39
5.096199 4.504741e+39
5.101295 4.973815e+39
5.106396 5.481571e+39
5.111502 6.030060e+39
5.116614 6.621327e+39
5.121731 7.257403e+39
5.126852 7.940291e+39
5.131979 8.671950e+39
5.137111 9.454288e+39
5.142248 1.028914e+40
5.147390 1.117828e+40
5.152538 1.212335e+40
5.157690 1.312592e+40
5.162848 1.418742e+40
5.168011 1.530916e+40
5.173179 1.649228e+40
5.178352 1.773780e+40
5.183530 1.904655e+40
5.188714 2.041918e+40
5.193903 2.185618e+40
5.199097 2.335783e+40
5.204296 2.492422e+40
5.209500 2.655526e+40
5.214709 2.825063e+40
5.219924 3.000983e+40
5.225144 3.183215e+40
5.230369 3.371669e+40
5.235600 3.566237e+40
5.240835 3.766791e+40
5.246076 3.973184e+40
5.251322 4.185255e+40
5.256573 4.402769e+40
5.261830 4.625696e+40
5.267092 4.853640e+40
5.272359 5.086501e+40
5.277631 5.324112e+40
5.282909 5.566019e+40
5.288192 5.812131e+40
5.293480 6.062190e+40
5.298774 6.315940e+40
5.304072 6.573121e+40
5.309376 6.833479e+40
5.314686 7.096759e+40
5.320000 7.362714e+40
5.325320 7.631099e+40
5.330646 7.901550e+40
5.335976 8.174050e+40
5.341312 8.448348e+40
5.346654 8.724208e+40
5.352000 9.001408e+40
5.357352 9.279745e+40
5.362710 9.559035e+40
5.368072 9.838938e+40
5.373440 1.011958e+41
5.378814 1.040079e+41
5.384193 1.068242e+41
5.389577 1.096434e+41
5.394967 1.124624e+41
5.400361 1.152835e+41
5.405762 1.181054e+41
5.411168 1.209274e+41
5.416579 1.237465e+41
5.421995 1.265656e+41
5.427417 1.293842e+41
5.432845 1.322017e+41
5.438278 1.350153e+41
5.443716 1.378286e+41
5.449160 1.406415e+41
5.454609 1.434509e+41
5.460063 1.462610e+41
5.465523 1.490716e+41
5.470989 1.518826e+41
5.476460 1.546913e+41
5.481936 1.575020e+41
5.487418 1.603150e+41
5.492906 1.631302e+41
5.498399 1.659448e+41
5.503897 1.687637e+41
5.509401 1.715869e+41
5.514910 1.744112e+41
5.520425 1.772417e+41
5.525946 1.800785e+41
5.531472 1.829216e+41
5.537003 1.857713e+41
5.542540 1.886242e+41
5.548083 1.914855e+41
5.553631 1.943555e+41
5.559184 1.972341e+41
5.564744 2.001216e+41
5.570308 2.030143e+41
5.575879 2.059177e+41
5.581454 2.088318e+41
5.587036 2.117567e+41
5.592623 2.146926e+41
5.598216 2.176395e+41
5.603814 2.205975e+41
5.609418 2.235627e+41
5.615027 2.265408e+41
5.620642 2.295317e+41
5.626263 2.325356e+41
5.631889 2.355523e+41
5.637521 2.385820e+41
5.643158 2.416246e+41
5.648802 2.446804e+41
5.654450 2.477493e+41
5.660105 2.508314e+41
5.665765 2.539224e+41
5.671431 2.570281e+41
5.677102 2.601486e+41
5.682779 2.632838e+41
5.688462 2.664337e+41
5.694150 2.695983e+41
5.699845 2.727775e+41
5.705544 2.759713e+41
5.711250 2.791798e+41
5.716961 2.824030e+41
5.722678 2.856409e+41
5.728401 2.888935e+41
5.734129 2.921609e+41
5.739863 2.954432e+41
5.745603 2.987404e+41
5.751349 3.020526e+41
5.757100 3.053747e+41
5.762857 3.087133e+41
5.768620 3.120684e+41
5.774389 3.154399e+41
5.780163 3.188277e+41
5.785943 3.222319e+41
5.791729 3.256522e+41
5.797521 3.290888e+41
5.803319 3.325416e+41
5.809122 3.360105e+41
5.814931 3.394956e+41
5.820746 3.429969e+41
5.826567 3.465143e+41
5.832393 3.500479e+41
5.838226 3.535976e+41
5.844064 3.571636e+41
5.849908 3.607459e+41
5.855758 3.643445e+41
5.861614 3.679594e+41
5.867475 3.715908e+41
5.873343 3.752386e+41
5.879216 3.789031e+41
5.885095 3.825841e+41
5.890980 3.862819e+41
5.896871 3.899964e+41
5.902768 3.937278e+41
5.908671 3.974700e+41
5.914580 4.012306e+41
5.920494 4.050096e+41
5.926415 4.088068e+41
5.932341 4.126223e+41
5.938273 4.164623e+41
5.944212 4.203127e+41
5.950156 4.241812e+41
5.956106 4.280678e+41
5.962062 4.319725e+41
5.968024 4.358953e+41
5.973992 4.398361e+41
5.979966 4.437948e+41
5.985946 4.477714e+41
5.991932 4.517660e+41
5.997924 4.557785e+41
6.003922 4.598088e+41
6.009926 4.638570e+41
6.015936 4.679232e+41
6.021952 4.720072e+41
6.027974 4.761092e+41
6.034002 4.802291e+41
6.040036 4.843670e+41
6.046076 4.885230e+41
6.052122 4.926970e+41
6.058174 4.968891e+41
6.064232 5.010994e+41
6.070296 5.053279e+41
6.076367 5.095747e+41
6.082443 5.138399e+41
6.088525 5.181235e+41
6.094614 5.224255e+41
6.100709 5.267460e+41
6.106809 5.310851e+41
6.112916 5.354429e+41
6.119029 5.398194e+41
6.125148 5.442146e+41
6.131273 5.486286e+41
6.137405 5.530614e+41
6.143542 5.575132e+41
6.149685 5.619839e+41
6.155835 5.664735e+41
6.161991 5.709822e+41
6.168153 5.755099e+41
6.174321 5.800567e+41
6.180495 5.846226e+41
6.186676 5.892077e+41
6.192863 5.938118e+41
6.199055 5.984352e+41
6.205255 6.030777e+41
6.211460 6.077394e+41
6.217671 6.124204e+41
6.223889 6.171206e+41
6.230113 6.218400e+41
6.236343 6.265788e+41
6.242579 6.313367e+41
6.248822 6.361140e+41
6.255071 6.409106e+41
6.261326 6.457183e+41
6.267587 6.505552e+41
6.273855 6.554029e+41
6.280128 6.602799e+41
6.286409 6.651675e+41
6.292695 6.700845e+41
6.298988 6.750118e+41
6.305287 6.799685e+41
6.311592 6.849354e+41
6.317904 6.899229e+41
6.324222 6.949398e+41
6.330546 6.999666e+41
6.336876 7.050138e+41
6.343213 7.100813e+41
6.349556 7.151692e+41
6.355906 7.202773e+41
6.362262 7.254055e+41
6.368624 7.305538e+41
6.374993 7.357222e+41
6.381368 7.409105e+41
6.387749 7.461187e+41
6.394137 7.513468e+41
6.400531 7.565947e+41
6.406931 7.618625e+41
6.413338 7.671499e+41
6.419752 7.724572e+41
6.426172 7.777842e+41
6.432598 7.831308e+41
6.439030 7.884972e+41
6.445469 7.938833e+41
6.451915 7.992891e+41
6.458367 8.047147e+41
6.464825 8.101599e+41
6.471290 8.156249e+41
6.477761 8.211096e+41
6.484239 8.266141e+41
6.490723 8.321384e+41
6.497214 8.376826e+41
6.503711 8.432465e+41
6.510215 8.488304e+41
6.516725 8.544341e+41
6.523242 8.600578e+41
6.529765 8.657014e+41
6.536295 8.713651e+41
6.542831 8.770487e+41
6.549374 8.827524e+41
6.555923 8.884761e+41
6.562479 8.942199e+41
6.569042 8.999839e+41
6.575611 9.057679e+41
6.582186 9.115721e+41
6.588769 9.173965e+41
6.595357 9.232411e+41
6.601953 9.291059e+41
6.608555 9.349909e+41
6.615163 9.408961e+41
6.621778 9.468216e+41
6.628400 9.527673e+41
6.635028 9.587333e+41
6.641664 9.647195e+41
6.648305 9.707259e+41
6.654953 9.767526e+41
6.661608 9.827996e+41
6.668270 9.888669e+41
6.674938 9.949544e+41
6.681613 1.001062e+42
6.688295 1.007190e+42
6.694983 1.013338e+42
6.701678 1.019507e+42
6.708380 1.025696e+42
6.715088 1.031905e+42
6.721803 1.038134e+42
6.728525 1.044384e+42
6.735254 1.050654e+42
6.741989 1.056944e+42
6.748731 1.063254e+42
6.755480 1.069584e+42
6.762235 1.075935e+42
6.768997 1.082306e+42
6.775766 1.088698e+42
6.782542 1.095109e+42
6.789325 1.101541e+42
6.796114 1.107993e+42
6.802910 1.114466e+42
6.809713 1.120958e+42
6.816523 1.127471e+42
6.823339 1.134005e+42
6.830163 1.140558e+42
6.836993 1.147132e+42
6.843830 1.153726e+42
6.850674 1.160341e+42
6.857524 1.166975e+42
6.864382 1.173630e+42
6.871246 1.180306e+42
6.878117 1.187001e+42
6.884995 1.193717e+42
6.891880 1.200453e+42
6.898772 1.207210e+42
6.905671 1.213987e+42
6.912577 1.220784e+42
6.919489 1.227601e+42
6.926409 1.234439e+42
6.933335 1.241297e+42
6.940269 1.248175e+42
6.947209 1.255074e+42
6.954156 1.261993e+42
6.961110 1.268932e+42
6.968071 1.275891e+42
6.975039 1.282871e+42
6.982014 1.289870e+42
6.988996 1.296891e+42
6.995985 1.303931e+42
7.002981 1.310991e+42
7.009984 1.318072e+42
7.016994 1.325173e+42
7.024011 1.332294e+42
7.031035 1.339435e+42
7.038066 1.346596e+42
7.045105 1.353778e+42
7.052150 1.360980e+42
7.059202 1.368201e+42
7.066261 1.375443e+42
7.073327 1.382705e+42
7.080401 1.389987e+42
7.087481 1.397290e+42
7.094568 1.404612e+42
7.101663 1.411954e+42
7.108765 1.419316e+42
7.115873 1.426699e+42
7.122989 1.434087e+42
7.130112 1.441511e+42
7.137242 1.448956e+42
7.144380 1.456420e+42
7.151524 1.463904e+42
7.158676 1.471393e+42
7.165834 1.478919e+42
7.173000 1.486464e+42
7.180173 1.494014e+42
7.187353 1.501601e+42
7.194541 1.509192e+42
7.201735 1.516820e+42
7.208937 1.524452e+42
7.216146 1.532120e+42
7.223362 1.539792e+42
7.230585 1.547485e+42
7.237816 1.555216e+42
7.245054 1.562948e+42
7.252299 1.570718e+42
7.259551 1.578490e+42
7.266811 1.586283e+42
7.274077 1.594113e+42
7.281352 1.601944e+42
7.288633 1.609796e+42
7.295921 1.617685e+42
7.303217 1.625575e+42
7.310521 1.633485e+42
7.317831 1.641415e+42
7.325149 1.649364e+42
7.332474 1.657351e+42
7.339807 1.665338e+42
7.347146 1.673344e+42
7.354494 1.681370e+42
7.361848 1.689415e+42
7.369210 1.697479e+42
7.376579 1.705563e+42
7.383956 1.713665e+42
7.391340 1.721787e+42
7.398731 1.729927e+42
7.406130 1.738086e+42
7.413536 1.746263e+42
7.420949 1.754459e+42
7.428370 1.762673e+42
7.435799 1.770905e+42
7.443234 1.779155e+42
7.450678 1.787423e+42
7.458128 1.795709e+42
7.465587 1.804013e+42
7.473052 1.812335e+42
7.480525 1.820673e+42
7.488006 1.829030e+42
7.495494 1.837403e+42
7.502989 1.845794e+42
7.510492 1.854202e+42
7.518003 1.862627e+42
7.525521 1.871068e+42
7.533046 1.879527e+42
7.540579 1.888002e+42
7.548120 1.896494e+42
7.555668 1.905002e+42
7.563224 1.913526e+42
7.570787 1.922067e+42
7.578358 1.930624e+42
7.585936 1.939196e+42
7.593522 1.947785e+42
7.601115 1.956390e+42
7.608717 1.965010e+42
7.616325 1.973645e+42
7.623942 1.982296e+42
7.631566 1.990963e+42
7.639197 1.999644e+42
7.646836 2.008341e+42
7.654483 2.017053e+42
7.662138 2.025779e+42
7.669800 2.034520e+42
7.677470 2.043275e+42
7.685147 2.052045e+42
7.692832 2.060829e+42
7.700525 2.069628e+42
7.708226 2.078440e+42
7.715934 2.087266e+42
7.723650 2.096106e+42
7.731373 2.104959e+42
7.739105 2.113826e+42
7.746844 2.122706e+42
7.754591 2.131599e+42
7.762345 2.140505e+42
7.770108 2.149424e+42
7.777878 2.158356e+42
7.785656 2.167300e+42
7.793441 2.176257e+42
7.801235 2.185226e+42
7.809036 2.194207e+42
7.816845 2.203199e+42
7.824662 2.212204e+42
7.832486 2.221220e+42
7.840319 2.230248e+42
7.848159 2.239287e+42
7.856007 2.248337e+42
7.863863 2.257398e+42
7.871727 2.266470e+42
7.879599 2.275553e+42
7.887479 2.284646e+42
7.895366 2.293750e+42
7.903261 2.302864e+42
7.911165 2.311988e+42
7.919076 2.321122e+42
7.926995 2.330265e+42
7.934922 2.339419e+42
7.942857 2.348581e+42
7.950800 2.357753e+42
7.958751 2.366935e+42
7.966709 2.376125e+42
7.974676 2.385324e+42
7.982651 2.394532e+42
7.990633 2.403748e+42
7.998624 2.412973e+42
8.006623 2.422206e+42
8.014629 2.431447e+42
8.022644 2.440695e+42
8.030666 2.449952e+42
8.038697 2.459216e+42
8.046736 2.468487e+42
8.054783 2.477766e+42
8.062837 2.487052e+42
8.070900 2.496345e+42
8.078971 2.505644e+42
8.087050 2.514950e+42
8.095137 2.524262e+42
8.103232 2.533581e+42
8.111335 2.542906e+42
8.119447 2.552236e+42
8.127566 2.561572e+42
8.135694 2.570914e+42
8.143830 2.580261e+42
8.151973 2.589614e+42
8.160125 2.598971e+42
8.168285 2.608333e+42
8.176454 2.617700e+42
8.184630 2.627071e+42
8.192815 2.636447e+42
8.201008 2.645827e+42
8.209209 2.655210e+42
8.217418 2.664598e+42
8.225635 2.673989e+42
8.233861 2.683383e+42
8.242095 2.692780e+42
8.250337 2.702181e+42
8.258587 2.711584e+42
8.266846 2.720990e+42
8.275113 2.730398e+42
8.283388 2.739809e+42
8.291671 2.749222e+42
8.299963 2.758636e+42
8.308263 2.768053e+42
8.316571 2.777470e+42
8.324888 2.786889e+42
8.333213 2.796310e+42
8.341546 2.805731e+42
8.349887 2.815152e+42
8.358237 2.824575e+42
8.366595 2.833997e+42
8.374962 2.843420e+42
8.383337 2.852843e+42
8.391720 2.862266e+42
8.400112 2.871688e+42
8.408512 2.881109e+42
8.416921 2.890530e+42
8.425338 2.899949e+42
8.433763 2.909368e+42
8.442197 2.918785e+42
8.450639 2.928200e+42
8.459089 2.937614e+42
8.467549 2.947025e+42
8.476016 2.956435e+42
8.484492 2.965842e+42
8.492977 2.975246e+42
8.501470 2.984648e+42
8.509971 2.994046e+42
8.518481 3.003442e+42
8.527000 3.012834e+42
8.535527 3.022222e+42
8.544062 3.031607e+42
8.552606 3.040988e+42
8.561159 3.050364e+42
8.569720 3.059736e+42
8.578290 3.069104e+42
8.586868 3.078466e+42
8.595455 3.087824e+42
8.604050 3.097177e+42
8.612654 3.106524e+42
8.621267 3.115865e+42
8.629888 3.125201e+42
8.638518 3.134531e+42
8.647157 3.143854e+42
8.655804 3.153171e+42
8.664460 3.162482e+42
8.673124 3.171785e+42
8.681797 3.181082e+42
8.690479 3.190372e+42
8.699169 3.199653e+42
8.707869 3.208928e+42
8.716576 3.218194e+42
8.725293 3.227453e+42
8.734018 3.236703e+42
8.742752 3.245945e+42
8.751495 3.255178e+42
8.760247 3.264402e+42
8.769007 3.273617e+42
8.777776 3.282823e+42
8.786554 3.292020e+42
8.795340 3.301207e+42
8.804136 3.310384e+42
8.812940 3.319550e+42
8.821753 3.328707e+42
8.830574 3.337853e+42
8.839405 3.346988e+42
8.848244 3.356113e+42
8.857093 3.365226e+42
8.865950 3.374329e+42
8.874816 3.383419e+42
8.883690 3.392498e+42
8.892574 3.401565e+42
8.901467 3.410620e+42
8.910368 3.419663e+42
8.919279 3.428693e+42
8.928198 3.437710e+42
8.937126 3.446715e+42
8.946063 3.455706e+42
8.955009 3.464684e+42
8.963964 3.473649e+42
8.972928 3.482600e+42
8.981901 3.491537e+42
8.990883 3.500460e+42
8.999874 3.509368e+42
9.008874 3.518262e+42
9.017883 3.527142e+42
9.026900 3.536006e+42
9.035927 3.544856e+42
9.044963 3.553690e+42
9.054008 3.562509e+42
9.063062 3.571312e+42
9.072125 3.580099e+42
9.081197 3.588870e+42
9.090279 3.597625e+42
9.099369 3.606363e+42
9.108468 3.615085e+42
9.117577 3.623790e+42
9.126694 3.632478e+42
9.135821 3.641148e+42
9.144957 3.649802e+42
9.154102 3.658437e+42
9.163256 3.667055e+42
9.172419 3.675655e+42
9.181592 3.684237e+42
9.190773 3.692800e+42
9.199964 3.701345e+42
9.209164 3.709871e+42
9.218373 3.718378e+42
9.227591 3.726866e+42
9.236819 3.735335e+42
9.246056 3.743784e+42
9.255302 3.752214e+42
9.264557 3.760623e+42
9.273822 3.769013e+42
9.283096 3.777382e+42
9.292379 3.785731e+42
9.301671 3.794060e+42
9.310973 3.802367e+42
9.320284 3.810654e+42
9.329604 3.818919e+42
9.338934 3.827164e+42
9.348273 3.835386e+42
9.357621 3.843587e+42
9.366978 3.851766e+42
9.376345 3.859924e+42
9.385722 3.868058e+42
9.395108 3.876171e+42
9.404503 3.884261e+42
9.413907 3.892328e+42
9.423321 3.900372e+42
9.432744 3.908394e+42
9.442177 3.916392e+42
9.451619 3.924366e+42
9.461071 3.932317e+42
9.470532 3.940244e+42
9.480002 3.948147e+42
9.489482 3.956026e+42
9.498972 3.963881e+42
9.508471 3.971712e+42
9.517979 3.979517e+42
9.527497 3.987298e+42
9.537025 3.995054e+42
9.546562 4.002785e+42
9.556108 4.010491e+42
9.565665 4.018171e+42
9.575230 4.025825e+42
9.584805 4.033454e+42
9.594390 4.041057e+42
9.603985 4.048633e+42
9.613589 4.056183e+42
9.623202 4.063707e+42
9.632825 4.071205e+42
9.642458 4.078675e+42
9.652101 4.086119e+42
9.661753 4.093535e+42
9.671415 4.100925e+42
9.681086 4.108287e+42
9.690767 4.115621e+42
9.700458 4.122928e+42
9.710158 4.130207e+42
9.719868 4.137457e+42
9.729588 4.144680e+42
9.739318 4.151874e+42
9.749057 4.159040e+42
9.758806 4.166177e+42
9.768565 4.173286e+42
9.778334 4.180365e+42
9.788112 4.187416e+42
9.797900 4.194437e+42
9.807698 4.201429e+42
9.817506 4.208391e+42
9.827323 4.215324e+42
9.837151 4.222227e+42
9.846988 4.229100e+42
9.856835 4.235943e+42
9.866692 4.242755e+42
9.876558 4.249537e+42
9.886435 4.256289e+42
9.896321 4.263010e+42
9.906218 4.269701e+42
9.916124 4.276360e+42
9.926040 4.282989e+42
9.935966 4.289586e+42
9.945902 4.296152e+42
9.955848 4.302686e+42
9.965804 4.309189e+42
9.975769 4.315660e+42
9.985745 4.322100e+42
9.995731 4.328507e+42
10.005727 4.334882e+42
10.015732 4.341226e+42
10.025748 4.347536e+42
10.035774 4.353815e+42
10.045810 4.360061e+42
10.055855 4.366274e+42
10.065911 4.372454e+42
10.075977 4.378602e+42
10.086053 4.384716e+42
10.096139 4.390798e+42
10.106235 4.396846e+42
10.116342 4.402861e+42
10.126458 4.408842e+42
10.136584 4.414790e+42
10.146721 4.420704e+42
10.156868 4.426584e+42
10.167025 4.432430e+42
10.177192 4.438243e+42
10.187369 4.444021e+42
10.197556 4.449765e+42
10.207754 4.455475e+42
10.217962 4.461150e+42
10.228179 4.466791e+42
10.238408 4.472397e+42
10.248646 4.477969e+42
10.258895 4.483505e+42
10.269154 4.489007e+42
10.279423 4.494474e+42
10.289702 4.499905e+42
10.299992 4.505302e+42
10.310292 4.510663e+42
10.320602 4.515988e+42
10.330923 4.521279e+42
10.341254 4.526533e+42
10.351595 4.531752e+42
10.361947 4.536935e+42
10.372308 4.542083e+42
10.382681 4.547194e+42
10.393063 4.552269e+42
10.403457 4.557309e+42
10.413860 4.562312e+42
10.424274 4.567278e+42
10.434698 4.572208e+42
10.445133 4.577102e+42
10.455578 4.581959e+42
10.466034 4.586780e+42
10.476500 4.591563e+42
10.486976 4.596310e+42
10.497463 4.601020e+42
10.507961 4.605693e+42
10.518468 4.610329e+42
10.528987 4.614928e+42
10.539516 4.619489e+42
10.550055 4.624013e+42
10.560605 4.628500e+42
10.571166 4.632949e+42
10.581737 4.637361e+42
10.592319 4.641735e+42
10.602911 4.646072e+42
10.613514 4.650370e+42
10.624128 4.654631e+42
10.634752 4.658854e+42
10.645387 4.663040e+42
10.656032 4.667187e+42
10.666688 4.671296e+42
10.677355 4.675367e+42
10.688032 4.679400e+42
10.698720 4.683395e+42
10.709419 4.687352e+42
10.720128 4.691270e+42
10.730848 4.695150e+42
10.741579 4.698992e+42
10.752321 4.702796e+42
10.763073 4.706561e+42
10.773836 4.710287e+42
10.784610 4.713976e+42
10.795395 4.717625e+42
10.806190 4.721237e+42
10.816996 4.724810e+42
10.827813 4.728344e+42
10.838641 4.731840e+42
10.849480 4.735297e+42
10.860329 4.738716e+42
10.871190 4.742097e+42
10.882061 4.745438e+42
10.892943 4.748742e+42
10.903836 4.752007e+42
10.914740 4.755233e+42
10.925654 4.758421e+42
10.936580 4.761571e+42
10.947517 4.764682e+42
10.958464 4.767755e+42
10.969422 4.770789e+42
10.980392 4.773785e+42
10.991372 4.776743e+42
11.002364 4.779662e+42
11.013366 4.782544e+42
11.024379 4.785387e+42
11.035404 4.788192e+42
11.046439 4.790958e+42
11.057486 4.793687e+42
11.068543 4.796377e+42
11.079612 4.799030e+42
11.090691 4.801644e+42
11.101782 4.804221e+42
11.112884 4.806759e+42
11.123997 4.809260e+42
11.135121 4.811723e+42
11.146256 4.814148e+42
11.157402 4.816536e+42
11.168559 4.818886e+42
11.179728 4.821198e+42
11.190908 4.823473e+42
11.202099 4.825710e+42
11.213301 4.827910e+42
11.224514 4.830072e+42
11.235739 4.832197e+42
11.246974 4.834285e+42
11.258221 4.836336e+42
11.269479 4.838349e+42
11.280749 4.840325e+42
11.292030 4.842265e+42
11.303322 4.844167e+42
11.314625 4.846033e+42
11.325940 4.847861e+42
11.337266 4.849653e+42
11.348603 4.851408e+42
11.359951 4.853126e+42
11.371311 4.854808e+42
11.382683 4.856454e+42
11.394065 4.858062e+42
11.405459 4.859635e+42
11.416865 4.861171e+42
11.428282 4.862671e+42
11.439710 4.864135e+42
11.451150 4.865563e+42
11.462601 4.866955e+42
11.474064 4.868311e+42
11.485538 4.869632e+42
11.497023 4.870916e+42
11.508520 4.872165e+42
11.520029 4.873379e+42
11.531549 4.874557e+42
11.543080 4.875700e+42
11.554623 4.876807e+42
11.566178 4.877880e+42
11.577744 4.878917e+42
11.589322 4.879920e+42
11.600911 4.880887e+42
11.612512 4.881821e+42
11.624125 4.882719e+42
11.635749 4.883583e+42
11.647384 4.884413e+42
11.659032 4.885208e+42
11.670691 4.885970e+42
11.682362 4.886697e+42
11.694044 4.887391e+42
11.705738 4.888051e+42
11.717444 4.888677e+42
11.729161 4.889269e+42
11.740890 4.889829e+42
11.752631 4.890355e+42
11.764384 4.890848e+42
11.776148 4.891307e+42
11.787924 4.891734e+42
11.799712 4.892129e+42
11.811512 4.892490e+42
11.823324 4.892819e+42
11.835147 4.893116e+42
11.846982 4.893381e+42
11.858829 4.893613e+42
11.870688 4.893814e+42
11.882559 4.893982e+42
11.894441 4.894119e+42
11.906336 4.894224e+42
11.918242 4.894298e+42
11.930160 4.894340e+42
11.942090 4.894351e+42
11.954032 4.894331e+42
11.965986 4.894280e+42
11.977952 4.894198e+42
11.989930 4.894085e+42
12.001920 4.893942e+42
12.013922 4.893768e+42
12.025936 4.893563e+42
12.037962 4.893328e+42
12.050000 4.893064e+42
12.062050 4.892769e+42
12.074112 4.892444e+42
12.086186 4.892089e+42
12.098272 4.891704e+42
12.110371 4.891290e+42
12.122481 4.890846e+42
12.134603 4.890373e+42
12.146738 4.889871e+42
12.158885 4.889339e+42
12.171044 4.888778e+42
12.183215 4.888189e+42
12.195398 4.887570e+42
12.207593 4.886923e+42
12.219801 4.886247e+42
12.232021 4.885543e+42
12.244253 4.884810e+42
12.256497 4.884049e+42
12.268754 4.883260e+42
12.281022 4.882442e+42
12.293303 4.881597e+42
12.305597 4.880724e+42
12.317902 4.879823e+42
12.330220 4.878895e+42
12.342550 4.877939e+42
12.354893 4.876956e+42
12.367248 4.875945e+42
12.379615 4.874908e+42
12.391995 4.873843e+42
12.404387 4.872752e+42
12.416791 4.871634e+42
12.429208 4.870489e+42
12.441637 4.869318e+42
12.454079 4.868120e+42
12.466533 4.866897e+42
12.478999 4.865647e+42
12.491478 4.864371e+42
12.503970 4.863070e+42
12.516474 4.861743e+42
12.528990 4.860390e+42
12.541519 4.859012e+42
12.554061 4.857609e+42
12.566615 4.856181e+42
12.579181 4.854728e+42
12.591761 4.853250e+42
12.604352 4.851747e+42
12.616957 4.850220e+42
12.629574 4.848669e+42
12.642203 4.847093e+42
12.654845 4.845494e+42
12.667500 4.843870e+42
12.680168 4.842223e+42
12.692848 4.840552e+42
12.705541 4.838858e+42
12.718246 4.837141e+42
12.730965 4.835400e+42
12.743695 4.833637e+42
12.756439 4.831850e+42
12.769196 4.830042e+42
12.781965 4.828210e+42
12.794747 4.826357e+42
12.807542 4.824481e+42
12.820349 4.822583e+42
12.833169 4.820663e+42
12.846003 4.818722e+42
12.858849 4.816759e+42
12.871707 4.814774e+42
12.884579 4.812768e+42
12.897464 4.810742e+42
12.910361 4.808694e+42
12.923272 4.806626e+42
12.936195 4.804536e+42
12.949131 4.802427e+42
12.962080 4.800297e+42
12.975042 4.798147e+42
12.988017 4.795976e+42
13.001005 4.793786e+42
13.014006 4.791576e+42
13.027020 4.789347e+42
13.040047 4.787097e+42
13.053087 4.784829e+42
13.066140 4.782541e+42
13.079207 4.780235e+42
13.092286 4.777909e+42
13.105378 4.775565e+42
13.118483 4.773202e+42
13.131602 4.770820e+42
13.144734 4.768420e+42
13.157878 4.766002e+42
13.171036 4.763565e+42
13.184207 4.761111e+42
13.197391 4.758639e+42
13.210589 4.756149e+42
13.223799 4.753641e+42
13.237023 4.751116e+42
13.250260 4.748574e+42
13.263510 4.746014e+42
13.276774 4.743438e+42
13.290051 4.740844e+42
13.303341 4.738234e+42
13.316644 4.735606e+42
13.329961 4.732963e+42
13.343291 4.730303e+42
13.356634 4.727626e+42
13.369991 4.724933e+42
13.383361 4.722224e+42
13.396744 4.719500e+42
13.410141 4.716759e+42
13.423551 4.714003e+42
13.436974 4.711231e+42
13.450411 4.708444e+42
13.463862 4.705641e+42
13.477326 4.702824e+42
13.490803 4.699991e+42
13.504294 4.697143e+42
13.517798 4.694281e+42
13.531316 4.691403e+42
13.544847 4.688512e+42
13.558392 4.685606e+42
13.571950 4.682685e+42
13.585522 4.679751e+42
13.599108 4.676803e+42
13.612707 4.673840e+42
13.626320 4.670864e+42
13.639946 4.667875e+42
13.653586 4.664872e+42
13.667240 4.661855e+42
13.680907 4.658826e+42
13.694588 4.655783e+42
13.708282 4.652728e+42
13.721991 4.649659e+42
13.735713 4.646579e+42
13.749448 4.643485e+42
13.763198 4.640379e+42
13.776961 4.637261e+42
13.790738 4.634131e+42
13.804529 4.630989e+42
13.818333 4.627835e+42
13.832152 4.624670e+42
13.845984 4.621493e+42
13.859830 4.618304e+42
13.873690 4.615104e+42
13.887563 4.611894e+42
13.901451 4.608672e+42
13.915352 4.605439e+42
13.929268 4.602195e+42
13.943197 4.598941e+42
13.957140 4.595676e+42
13.971097 4.592401e+42
13.985068 4.589116e+42
13.999053 4.585820e+42
14.013052 4.582515e+42
14.027065 4.579199e+42
14.041093 4.575874e+42
14.055134 4.572540e+42
14.069189 4.569195e+42
14.083258 4.565842e+42
14.097341 4.562479e+42
14.111439 4.559107e+42
14.125550 4.555726e+42
14.139676 4.552336e+42
14.153815 4.548937e+42
14.167969 4.545529e+42
14.182137 4.542113e+42
14.196319 4.538689e+42
14.210515 4.535256e+42
14.224726 4.531814e+42
14.238951 4.528365e+42
14.253190 4.524907e+42
14.267443 4.521442e+42
14.281710 4.517968e+42
14.295992 4.514487e+42
14.310288 4.510998e+42
14.324598 4.507501e+42
14.338923 4.503997e+42
14.353262 4.500486e+42
14.367615 4.496967e+42
14.381983 4.493441e+42
14.396365 4.489908e+42
14.410761 4.486368e+42
14.425172 4.482821e+42
14.439597 4.479267e+42
14.454037 4.475706e+42
14.468491 4.472138e+42
14.482959 4.468564e+42
14.497442 4.464983e+42
14.511939 4.461396e+42
14.526451 4.457803e+42
14.540978 4.454203e+42
14.555519 4.450597e+42
14.570074 4.446984e+42
14.584644 4.443366e+42
14.599229 4.439742e+42
14.613828 4.436112e+42
14.628442 4.432476e+42
14.643071 4.428834e+42
14.657714 4.425187e+42
14.672371 4.421534e+42
14.687044 4.417875e+42
14.701731 4.414212e+42
14.716432 4.410542e+42
14.731149 4.406868e+42
14.745880 4.403188e+42
14.760626 4.399503e+42
14.775387 4.395813e+42
14.790162 4.392118e+42
14.804952 4.388419e+42
14.819757 4.384714e+42
14.834577 4.381005e+42
14.849411 4.377291e+42
14.864261 4.373572e+42
14.879125 4.369849e+42
14.894004 4.366122e+42
14.908898 4.362390e+42
14.923807 4.358654e+42
14.938731 4.354913e+42
14.953670 4.351169e+42
14.968623 4.347420e+42
14.983592 4.343668e+42
14.998576 4.339912e+42
15.013574 4.336152e+42
15.028588 4.332388e+42
15.043616 4.328620e+42
15.058660 4.324849e+42
15.073719 4.321075e+42
15.088792 4.317297e+42
15.103881 4.313516e+42
15.118985 4.309731e+42
15.134104 4.305943e+42
15.149238 4.302153e+42
15.164387 4.298359e+42
15.179552 4.294562e+42
15.194731 4.290763e+42
15.209926 4.286960e+42
15.225136 4.283155e+42
15.240361 4.279348e+42
15.255601 4.275537e+42
15.270857 4.271725e+42
15.286128 4.267910e+42
15.301414 4.264092e+42
15.316715 4.260273e+42
15.332032 4.256451e+42
15.347364 4.252627e+42
15.362711 4.248801e+42
15.378074 4.244973e+42
15.393452 4.241143e+42
15.408846 4.237312e+42
15.424255 4.233478e+42
15.439679 4.229643e+42
15.455118 4.225807e+42
15.470574 4.221969e+42
15.486044 4.218129e+42
15.501530 4.214288e+42
15.517032 4.210446e+42
15.532549 4.206602e+42
15.548081 4.202757e+42
15.563629 4.198911e+42
15.579193 4.195064e+42
15.594772 4.191216e+42
15.610367 4.187367e+42
15.625977 4.183517e+42
15.641603 4.179666e+42
15.657245 4.175815e+42
15.672902 4.171963e+42
15.688575 4.168110e+42
15.704264 4.164256e+42
15.719968 4.160402e+42
15.735688 4.156548e+42
15.751424 4.152693e+42
15.767175 4.148837e+42
15.782942 4.144981e+42
15.798725 4.141125e+42
15.814524 4.137269e+42
15.830338 4.133412e+42
15.846169 4.129556e+42
15.862015 4.125699e+42
15.877877 4.121842e+42
15.893755 4.117985e+42
15.909649 4.114128e+42
15.925558 4.110272e+42
15.941484 4.106415e+42
15.957425 4.102558e+42
15.973383 4.098702e+42
15.989356 4.094846e+42
16.005345 4.090990e+42
16.021351 4.087135e+42
16.037372 4.083279e+42
16.053409 4.079425e+42
16.069463 4.075570e+42
16.085532 4.071716e+42
16.101618 4.067863e+42
16.117719 4.064010e+42
16.133837 4.060157e+42
16.149971 4.056306e+42
16.166121 4.052454e+42
16.182287 4.048604e+42
16.198469 4.044754e+42
16.214668 4.040905e+42
16.230883 4.037056e+42
16.247113 4.033209e+42
16.263361 4.029362e+42
16.279624 4.025516e+42
16.295904 4.021670e+42
16.312199 4.017826e+42
16.328512 4.013983e+42
16.344840 4.010140e+42
16.361185 4.006299e+42
16.377546 4.002458e+42
16.393924 3.998619e+42
16.410318 3.994781e+42
16.426728 3.990943e+42
16.443155 3.987107e+42
16.459598 3.983272e+42
16.476057 3.979439e+42
16.492534 3.975606e+42
16.509026 3.971775e+42
16.525535 3.967945e+42
16.542061 3.964116e+42
16.558603 3.960289e+42
16.575161 3.956463e+42
16.591736 3.952639e+42
16.608328 3.948815e+42
16.624936 3.944994e+42
16.641561 3.941174e+42
16.658203 3.937355e+42
16.674861 3.933538e+42
16.691536 3.929723e+42
16.708228 3.925909e+42
16.724936 3.922097e+42
16.741661 3.918286e+42
16.758402 3.914478e+42
16.775161 3.910671e+42
16.791936 3.906866e+42
16.808728 3.903062e+42
16.825537 3.899261e+42
16.842362 3.895461e+42
16.859205 3.891663e+42
16.876064 3.887867e+42
16.892940 3.884073e+42
16.909833 3.880281e+42
16.926743 3.876491e+42
16.943669 3.872703e+42
16.960613 3.868917e+42
16.977574 3.865133e+42
16.994551 3.861351e+42
17.011546 3.857572e+42
17.028557 3.853794e+42
17.045586 3.850018e+42
17.062631 3.846245e+42
17.079694 3.842474e+42
17.096774 3.838705e+42
17.113871 3.834938e+42
17.130984 3.831173e+42
17.148115 3.827411e+42
17.165263 3.823651e+42
17.182429 3.819893e+42
17.199611 3.816138e+42
17.216811 3.812384e+42
17.234028 3.808633e+42
17.251262 3.804885e+42
17.268513 3.801138e+42
17.285781 3.797395e+42
17.303067 3.793653e+42
17.320370 3.789914e+42
17.337691 3.786177e+42
17.355028 3.782443e+42
17.372383 3.778711e+42
17.389756 3.774981e+42
17.407145 3.771254e+42
17.424553 3.767529e+42
17.441977 3.763807e+42
17.459419 3.760087e+42
17.476879 3.756370e+42
17.494355 3.752655e+42
17.511850 3.748943e+42
17.529362 3.745233e+42
17.546891 3.741526e+42
17.564438 3.737821e+42
17.582002 3.734119e+42
17.599584 3.730419e+42
17.617184 3.726722e+42
17.634801 3.723028e+42
17.652436 3.719336e+42
17.670088 3.715647e+42
17.687758 3.711961e+42
17.705446 3.708277e+42
17.723152 3.704596e+42
17.740875 3.700917e+42
17.758616 3.697241e+42
17.776374 3.693568e+42
17.794151 3.689898e+42
17.811945 3.686230e+42
17.829757 3.682566e+42
17.847587 3.678904e+42
17.865434 3.675244e+42
17.883300 3.671588e+42
17.901183 3.667934e+42
17.919084 3.664284e+42
17.937003 3.660636e+42
17.954940 3.656991e+42
17.972895 3.653348e+42
17.990868 3.649709e+42
18.008859 3.646073e+42
18.026868 3.642439e+42
18.044895 3.638809e+42
18.062939 3.635179e+42
18.081002 3.631555e+42
18.099083 3.627932e+42
18.117182 3.624313e+42
18.135300 3.620698e+42
18.153435 3.617086e+42
18.171588 3.613475e+42
18.189760 3.609869e+42
18.207950 3.606266e+42
18.226158 3.602664e+42
18.244384 3.599067e+42
18.262628 3.595473e+42
18.280891 3.591882e+42
18.299172 3.588294e+42
18.317471 3.584709e+42
18.335788 3.581127e+42
18.354124 3.577548e+42
18.372478 3.573970e+42
18.390851 3.570396e+42
18.409242 3.566824e+42
18.427651 3.563256e+42
18.446079 3.559691e+42
18.464525 3.556130e+42
18.482989 3.552571e+42
18.501472 3.549016e+42
18.519974 3.545464e+42
18.538494 3.541915e+42
18.557032 3.538370e+42
18.575589 3.534827e+42
18.594165 3.531288e+42
18.612759 3.527751e+42
18.631372 3.524218e+42
18.650003 3.520689e+42
18.668653 3.517163e+42
18.687322 3.513640e+42
18.706009 3.510118e+42
18.724715 3.506599e+42
18.743440 3.503083e+42
18.762183 3.499570e+42
18.780945 3.496060e+42
18.799726 3.492553e+42
18.818526 3.489049e+42
18.837344 3.485548e+42
18.856182 3.482051e+42
18.875038 3.478556e+42
18.893913 3.475064e+42
18.912807 3.471575e+42
18.931720 3.468089e+42
18.950651 3.464606e+42
18.969602 3.461126e+42
18.988572 3.457650e+42
19.007560 3.454176e+42
19.026568 3.450705e+42
19.045594 3.447237e+42
19.064640 3.443772e+42
19.083705 3.440311e+42
19.102788 3.436852e+42
19.121891 3.433396e+42
19.141013 3.429944e+42
19.160154 3.426494e+42
19.179314 3.423047e+42
19.198494 3.419604e+42
19.217692 3.416164e+42
19.236910 3.412726e+42
19.256147 3.409292e+42
19.275403 3.405861e+42
19.294678 3.402433e+42
19.313973 3.399008e+42
19.333287 3.395586e+42
19.352620 3.392167e+42
19.371973 3.388751e+42
19.391345 3.385339e+42
19.410736 3.381929e+42
19.430147 3.378523e+42
19.449577 3.375120e+42
19.469027 3.371719e+42
19.488496 3.368322e+42
19.507984 3.364928e+42
19.527492 3.361537e+42
19.547020 3.358149e+42
19.566567 3.354765e+42
19.586133 3.351383e+42
19.605719 3.348004e+42
19.625325 3.344629e+42
19.644950 3.341256e+42
19.664595 3.337887e+42
19.684260 3.334520e+42
19.703944 3.331157e+42
19.723648 3.327796e+42
19.743372 3.324439e+42
19.763115 3.321085e+42
19.782878 3.317733e+42
19.802661 3.314385e+42
19.822464 3.311040e+42
19.842286 3.307697e+42
19.862128 3.304358e+42
19.881991 3.301021e+42
19.901873 3.297688e+42
19.921774 3.294357e+42
19.941696 3.291029e+42
19.961638 3.287705e+42
19.981600 3.284383e+42
20.001581 3.281064e+42
20.021583 3.277748e+42
20.041604 3.274435e+42
20.061646 3.271125e+42
20.081708 3.267818e+42
20.101789 3.264514e+42
20.121891 3.261212e+42
20.142013 3.257914e+42
20.162155 3.254618e+42
20.182317 3.251326e+42
20.202499 3.248036e+42
20.222702 3.244749e+42
20.242925 3.241465e+42
20.263168 3.238184e+42
20.283431 3.234905e+42
20.303714 3.231630e+42
20.324018 3.228357e+42
20.344342 3.225087e+42
20.364686 3.221820e+42
20.385051 3.218555e+42
20.405436 3.215294e+42
20.425841 3.212035e+42
20.446267 3.208778e+42
20.466714 3.205525e+42
20.487180 3.202274e+42
20.507667 3.199025e+42
20.528175 3.195779e+42
20.548703 3.192536e+42
20.569252 3.189295e+42
20.589821 3.186057e+42
20.610411 3.182821e+42
20.631021 3.179588e+42
20.651652 3.176357e+42
20.672304 3.173128e+42
20.692976 3.169902e+42
20.713669 3.166678e+42
20.734383 3.163456e+42
20.755117 3.160237e+42
20.775873 3.157019e+42
20.796648 3.153804e+42
20.817445 3.150591e+42
20.838263 3.147380e+42
20.859101 3.144171e+42
20.879960 3.140964e+42
20.900840 3.137759e+42
20.921741 3.134556e+42
20.942662 3.131355e+42
20.963605 3.128156e+42
20.984569 3.124958e+42
21.005553 3.121763e+42
21.026559 3.118569e+42
21.047585 3.115377e+42
21.068633 3.112187e+42
21.089702 3.108999e+42
21.110791 3.105812e+42
21.131902 3.102628e+42
21.153034 3.099444e+42
21.174187 3.096263e+42
21.195361 3.093083e+42
21.216557 3.089905e+42
21.237773 3.086729e+42
21.259011 3.083554e+42
21.280270 3.080381e+42
21.301550 3.077210e+42
21.322852 3.074040e+42
21.344175 3.070872e+42
21.365519 3.067705e+42
21.386884 3.064540e+42
21.408271 3.061377e+42
21.429679 3.058216e+42
21.451109 3.055056e+42
21.472560 3.051897e+42
21.494033 3.048741e+42
21.515527 3.045586e+42
21.537042 3.042432e+42
21.558579 3.039281e+42
21.580138 3.036131e+42
21.601718 3.032982e+42
21.623320 3.029836e+42
21.644943 3.026691e+42
21.666588 3.023547e+42
21.688255 3.020406e+42
21.709943 3.017266e+42
21.731653 3.014128e+42
21.753385 3.010992e+42
21.775138 3.007857e+42
21.796913 3.004724e+42
21.818710 3.001593e+42
21.840529 2.998464e+42
21.862369 2.995337e+42
21.884232 2.992211e+42
21.906116 2.989088e+42
21.928022 2.985966e+42
21.949950 2.982846e+42
21.971900 2.979728e+42
21.993872 2.976612e+42
22.015866 2.973498e+42
22.037882 2.970386e+42
22.059919 2.967275e+42
22.081979 2.964166e+42
22.104061 2.961060e+42
22.126165 2.957955e+42
22.148292 2.954852e+42
22.170440 2.951750e+42
22.192610 2.948651e+42
22.214803 2.945553e+42
22.237018 2.942457e+42
22.259255 2.939363e+42
22.281514 2.936270e+42
22.303795 2.933179e+42
22.326099 2.930089e+42
22.348425 2.927001e+42
22.370774 2.923915e+42
22.393145 2.920829e+42
22.415538 2.917745e+42
22.437953 2.914662e+42
22.460391 2.911581e+42
22.482852 2.908501e+42
22.505334 2.905422e+42
22.527840 2.902345e+42
22.550368 2.899269e+42
22.572918 2.896193e+42
22.595491 2.893119e+42
22.618086 2.890046e+42
22.640704 2.886974e+42
22.663345 2.883903e+42
22.686009 2.880833e+42
22.708695 2.877764e+42
22.731403 2.874695e+42
22.754135 2.871627e+42
22.776889 2.868561e+42
22.799666 2.865495e+42
22.822465 2.862430e+42
22.845288 2.859365e+42
22.868133 2.856302e+42
22.891001 2.853239e+42
22.913892 2.850178e+42
22.936806 2.847117e+42
22.959743 2.844058e+42
22.982703 2.840999e+42
23.005685 2.837941e+42
23.028691 2.834885e+42
23.051720 2.831830e+42
23.074771 2.828775e+42
23.097846 2.825722e+42
23.120944 2.822670e+42
23.144065 2.819620e+42
23.167209 2.816570e+42
23.190376 2.813522e+42
23.213567 2.810475e+42
23.236780 2.807430e+42
23.260017 2.804385e+42
23.283277 2.801343e+42
23.306560 2.798301e+42
23.329867 2.795261e+42
23.353197 2.792222e+42
23.376550 2.789185e+42
23.399926 2.786149e+42
23.423326 2.783114e+42
23.446750 2.780081e+42
23.470196 2.777049e+42
23.493667 2.774018e+42
23.517160 2.770988e+42
23.540678 2.767960e+42
23.564218 2.764933e+42
23.587782 2.761907e+42
23.611370 2.758882e+42
23.634982 2.755858e+42
23.658617 2.752835e+42
23.682275 2.749813e+42
23.705957 2.746792e+42
23.729663 2.743772e+42
23.753393 2.740753e+42
23.777146 2.737734e+42
23.800924 2.734716e+42
23.824725 2.731699e+42
23.848549 2.728682e+42
23.872398 2.725666e+42
23.896270 2.722650e+42
23.920166 2.719634e+42
23.944087 2.716618e+42
23.968031 2.713603e+42
23.991999 2.710587e+42
24.015991 2.707572e+42
24.040007 2.704556e+42
24.064047 2.701540e+42
24.088111 2.698524e+42
24.112199 2.695508e+42
24.136311 2.692492e+42
24.160447 2.689475e+42
24.184608 2.686458e+42
24.208792 2.683441e+42
24.233001 2.680423e+42
24.257234 2.677406e+42
24.281491 2.674388e+42
24.305773 2.671371e+42
24.330079 2.668353e+42
24.354409 2.665335e+42
24.378763 2.662318e+42
24.403142 2.659301e+42
24.427545 2.656285e+42
24.451973 2.653270e+42
24.476425 2.650256e+42
24.500901 2.647243e+42
24.525402 2.644231e+42
24.549927 2.641222e+42
24.574477 2.638214e+42
24.599052 2.635210e+42
24.623651 2.632208e+42
24.648274 2.629209e+42
24.672923 2.626213e+42
24.697596 2.623222e+42
24.722293 2.620234e+42
24.747016 2.617250e+42
24.771763 2.614271e+42
24.796534 2.611298e+42
24.821331 2.608330e+42
24.846152 2.605368e+42
24.870998 2.602413e+42
24.895869 2.599464e+42
24.920765 2.596523e+42
24.945686 2.593592e+42
24.970632 2.590668e+42
24.995602 2.587753e+42
25.020598 2.584845e+42
25.045619 2.581946e+42
25.070664 2.579056e+42
25.095735 2.576172e+42
25.120831 2.573297e+42
25.145951 2.570433e+42
25.171097 2.567582e+42
25.196268 2.564742e+42
25.221465 2.561911e+42
25.246686 2.559089e+42
25.271933 2.556278e+42
25.297205 2.553477e+42
25.322502 2.550686e+42
25.347824 2.547900e+42
25.373172 2.545125e+42
25.398545 2.542364e+42
25.423944 2.539612e+42
25.449368 2.536869e+42
25.474817 2.534135e+42
25.500292 2.531408e+42
25.525792 2.528690e+42
25.551318 2.525979e+42
25.576870 2.523275e+42
25.602446 2.520578e+42
25.628049 2.517886e+42
25.653677 2.515200e+42
25.679331 2.512519e+42
25.705010 2.509842e+42
25.730715 2.507170e+42
25.756446 2.504500e+42
25.782202 2.501834e+42
25.807984 2.499169e+42
25.833792 2.496507e+42
25.859626 2.493846e+42
25.885486 2.491186e+42
25.911371 2.488525e+42
25.937283 2.485864e+42
25.963220 2.483204e+42
25.989183 2.480542e+42
26.015172 2.477880e+42
26.041187 2.475218e+42
26.067229 2.472554e+42
26.093296 2.469890e+42
26.119389 2.467226e+42
26.145509 2.464560e+42
26.171654 2.461893e+42
26.197826 2.459226e+42
26.224024 2.456557e+42
26.250248 2.453888e+42
26.276498 2.451218e+42
26.302774 2.448548e+42
26.329077 2.445878e+42
26.355406 2.443208e+42
26.381762 2.440539e+42
26.408143 2.437872e+42
26.434551 2.435206e+42
26.460986 2.432542e+42
26.487447 2.429881e+42
26.513934 2.427222e+42
26.540448 2.424566e+42
26.566989 2.421914e+42
26.593556 2.419265e+42
26.620149 2.416621e+42
26.646769 2.413978e+42
26.673416 2.411341e+42
26.700090 2.408708e+42
26.726790 2.406080e+42
26.753517 2.403458e+42
26.780270 2.400841e+42
26.807050 2.398228e+42
26.833857 2.395623e+42
26.860691 2.393024e+42
26.887552 2.390431e+42
26.914439 2.387844e+42
26.941354 2.385265e+42
26.968295 2.382691e+42
26.995264 2.380122e+42
27.022259 2.377558e+42
27.049281 2.374998e+42
27.076330 2.372442e+42
27.103407 2.369890e+42
27.130510 2.367342e+42
27.157641 2.364796e+42
27.184798 2.362254e+42
27.211983 2.359715e+42
27.239195 2.357180e+42
27.266434 2.354647e+42
27.293701 2.352118e+42
27.320994 2.349591e+42
27.348315 2.347066e+42
27.375664 2.344542e+42
27.403039 2.342021e+42
27.430442 2.339501e+42
27.457873 2.336982e+42
27.485331 2.334464e+42
27.512816 2.331947e+42
27.540329 2.329431e+42
27.567869 2.326917e+42
27.595437 2.324403e+42
27.623033 2.321890e+42
27.650656 2.319378e+42
27.678306 2.316868e+42
27.705984 2.314359e+42
27.733690 2.311852e+42
27.761424 2.309347e+42
27.789186 2.306843e+42
27.816975 2.304343e+42
27.844792 2.301844e+42
27.872637 2.299349e+42
27.900509 2.296856e+42
27.928410 2.294366e+42
27.956338 2.291880e+42
27.984294 2.289397e+42
28.012279 2.286918e+42
28.040291 2.284442e+42
28.068331 2.281971e+42
28.096400 2.279503e+42
28.124496 2.277038e+42
28.152621 2.274578e+42
28.180773 2.272122e+42
28.208954 2.269669e+42
28.237163 2.267220e+42
28.265400 2.264775e+42
28.293665 2.262333e+42
28.321959 2.259894e+42
28.350281 2.257458e+42
28.378631 2.255025e+42
28.407010 2.252595e+42
28.435417 2.250167e+42
28.463852 2.247741e+42
28.492316 2.245318e+42
28.520809 2.242896e+42
28.549329 2.240475e+42
28.577879 2.238056e+42
28.606457 2.235639e+42
28.635063 2.233222e+42
28.663698 2.230807e+42
28.692362 2.228392e+42
28.721054 2.225979e+42
28.749775 2.223567e+42
28.778525 2.221156e+42
28.807304 2.218746e+42
28.836111 2.216337e+42
28.864947 2.213930e+42
28.893812 2.211524e+42
28.922706 2.209120e+42
28.951628 2.206717e+42
28.980580 2.204318e+42
29.009561 2.201920e+42
29.038570 2.199526e+42
29.067609 2.197132e+42
29.096676 2.194742e+42
29.125773 2.192357e+42
29.154899 2.189974e+42
29.184054 2.187594e+42
29.213238 2.185218e+42
29.242451 2.182849e+42
29.271693 2.180483e+42
29.300965 2.178121e+42
29.330266 2.175763e+42
29.359596 2.173408e+42
29.388956 2.171056e+42
29.418345 2.168708e+42
29.447763 2.166362e+42
29.477211 2.164019e+42
29.506688 2.161678e+42
29.536195 2.159339e+42
29.565731 2.157001e+42
29.595297 2.154664e+42
29.624892 2.152327e+42
29.654517 2.149991e+42
29.684172 2.147655e+42
29.713856 2.145318e+42
29.743570 2.142981e+42
29.773313 2.140642e+42
29.803086 2.138301e+42
29.832890 2.135955e+42
29.862722 2.133608e+42
29.892585 2.131257e+42
29.922478 2.128904e+42
29.952400 2.126548e+42
29.982353 2.124188e+42
30.012335 2.121827e+42
30.042347 2.119463e+42
30.072390 2.117096e+42
30.102462 2.114728e+42
30.132565 2.112358e+42
30.162697 2.109987e+42
30.192860 2.107615e+42
30.223053 2.105243e+42
30.253276 2.102871e+42
30.283529 2.100500e+42
30.313812 2.098131e+42
30.344126 2.095763e+42
30.374470 2.093397e+42
30.404845 2.091034e+42
30.435250 2.088674e+42
30.465685 2.086317e+42
30.496151 2.083965e+42
30.526647 2.081616e+42
30.557173 2.079271e+42
30.587731 2.076931e+42
30.618318 2.074595e+42
30.648937 2.072263e+42
30.679586 2.069936e+42
30.710265 2.067612e+42
30.740975 2.065293e+42
30.771716 2.062976e+42
30.802488 2.060663e+42
30.833291 2.058353e+42
30.864124 2.056044e+42
30.894988 2.053738e+42
30.925883 2.051433e+42
30.956809 2.049128e+42
30.987766 2.046824e+42
31.018754 2.044519e+42
31.049772 2.042213e+42
31.080822 2.039906e+42
31.111903 2.037598e+42
31.143015 2.035287e+42
31.174158 2.032974e+42
31.205332 2.030658e+42
31.236537 2.028339e+42
31.267774 2.026017e+42
31.299042 2.023692e+42
31.330341 2.021363e+42
31.361671 2.019032e+42
31.393033 2.016698e+42
31.424426 2.014361e+42
31.455850 2.012020e+42
31.487306 2.009677e+42
31.518793 2.007334e+42
31.550312 2.004990e+42
31.581862 2.002646e+42
31.613444 2.000303e+42
31.645058 1.997959e+42
31.676703 1.995616e+42
31.708379 1.993274e+42
31.740088 1.990934e+42
31.771828 1.988595e+42
31.803600 1.986260e+42
31.835403 1.983927e+42
31.867239 1.981598e+42
31.899106 1.979273e+42
31.931005 1.976949e+42
31.962936 1.974631e+42
31.994899 1.972317e+42
32.026894 1.970010e+42
32.058921 1.967705e+42
32.090980 1.965406e+42
32.123071 1.963114e+42
32.155194 1.960827e+42
32.187349 1.958543e+42
32.219536 1.956264e+42
32.251756 1.953989e+42
32.284008 1.951718e+42
32.316292 1.949449e+42
32.348608 1.947185e+42
32.380957 1.944923e+42
32.413337 1.942664e+42
32.445751 1.940408e+42
32.478197 1.938155e+42
32.510675 1.935905e+42
32.543185 1.933656e+42
32.575729 1.931409e+42
32.608304 1.929164e+42
32.640913 1.926920e+42
32.673554 1.924678e+42
32.706227 1.922438e+42
32.738933 1.920200e+42
32.771672 1.917963e+42
32.804444 1.915729e+42
32.837248 1.913496e+42
32.870086 1.911266e+42
32.902956 1.909037e+42
32.935859 1.906811e+42
32.968795 1.904587e+42
33.001763 1.902365e+42
33.034765 1.900145e+42
33.067800 1.897927e+42
33.100868 1.895712e+42
33.133969 1.893498e+42
33.167103 1.891287e+42
33.200270 1.889077e+42
33.233470 1.886868e+42
33.266703 1.884660e+42
33.299970 1.882454e+42
33.333270 1.880248e+42
33.366603 1.878042e+42
33.399970 1.875835e+42
33.433370 1.873629e+42
33.466803 1.871421e+42
33.500270 1.869211e+42
33.533770 1.867000e+42
33.567304 1.864787e+42
33.600871 1.862571e+42
33.634472 1.860352e+42
33.668107 1.858130e+42
33.701775 1.855905e+42
33.735477 1.853676e+42
33.769212 1.851443e+42
33.802981 1.849206e+42
33.836784 1.846964e+42
33.870621 1.844719e+42
33.904492 1.842470e+42
33.938396 1.840217e+42
33.972335 1.837960e+42
34.006307 1.835699e+42
34.040313 1.833435e+42
34.074354 1.831167e+42
34.108428 1.828897e+42
34.142536 1.826625e+42
34.176679 1.824350e+42
34.210856 1.822074e+42
34.245066 1.819797e+42
34.279311 1.817518e+42
34.313591 1.815240e+42
34.347904 1.812961e+42
34.382252 1.810683e+42
34.416635 1.808406e+42
34.451051 1.806130e+42
34.485502 1.803855e+42
34.519988 1.801582e+42
34.554508 1.799312e+42
34.589062 1.797044e+42
34.623651 1.794780e+42
34.658275 1.792519e+42
34.692933 1.790260e+42
34.727626 1.788004e+42
34.762354 1.785751e+42
34.797116 1.783502e+42
34.831913 1.781256e+42
34.866745 1.779014e+42
34.901612 1.776775e+42
34.936513 1.774539e+42
34.971450 1.772307e+42
35.006421 1.770078e+42
35.041428 1.767851e+42
35.076469 1.765627e+42
35.111546 1.763406e+42
35.146657 1.761187e+42
35.181804 1.758970e+42
35.216986 1.756754e+42
35.252203 1.754541e+42
35.287455 1.752329e+42
35.322742 1.750119e+42
35.358065 1.747911e+42
35.393423 1.745703e+42
35.428817 1.743498e+42
35.464245 1.741294e+42
35.499710 1.739091e+42
35.535209 1.736890e+42
35.570745 1.734691e+42
35.606315 1.732494e+42
35.641922 1.730299e+42
35.677564 1.728106e+42
35.713241 1.725914e+42
35.748954 1.723726e+42
35.784703 1.721539e+42
35.820488 1.719354e+42
35.856309 1.717172e+42
35.892165 1.714993e+42
35.928057 1.712815e+42
35.963985 1.710639e+42
35.999949 1.708465e+42
36.035949 1.706293e+42
36.071985 1.704122e+42
36.108057 1.701953e+42
36.144165 1.699784e+42
36.180309 1.697616e+42
36.216489 1.695448e+42
36.252706 1.693281e+42
36.288959 1.691113e+42
36.325248 1.688944e+42
36.361573 1.686774e+42
36.397934 1.684604e+42
36.434332 1.682432e+42
36.470767 1.680258e+42
36.507237 1.678083e+42
36.543745 1.675907e+42
36.580288 1.673730e+42
36.616869 1.671551e+42
36.653486 1.669371e+42
36.690139 1.667190e+42
36.726829 1.665009e+42
36.763556 1.662828e+42
36.800320 1.660647e+42
36.837120 1.658467e+42
36.873957 1.656289e+42
36.910831 1.654112e+42
36.947742 1.651937e+42
36.984690 1.649765e+42
37.021674 1.647596e+42
37.058696 1.645430e+42
37.095755 1.643270e+42
37.132850 1.641113e+42
37.169983 1.638960e+42
37.207153 1.636811e+42
37.244360 1.634666e+42
37.281605 1.632525e+42
37.318886 1.630387e+42
37.356205 1.628253e+42
37.393561 1.626121e+42
37.430955 1.623991e+42
37.468386 1.621863e+42
37.505854 1.619738e+42
37.543360 1.617614e+42
37.580904 1.615491e+42
37.618484 1.613368e+42
37.656103 1.611245e+42
37.693759 1.609120e+42
37.731453 1.606994e+42
37.769184 1.604865e+42
37.806953 1.602736e+42
37.844760 1.600604e+42
37.882605 1.598468e+42
37.920488 1.596327e+42
37.958408 1.594182e+42
37.996367 1.592033e+42
38.034363 1.589880e+42
38.072397 1.587724e+42
38.110470 1.585564e+42
38.148580 1.583400e+42
38.186729 1.581233e+42
38.224916 1.579063e+42
38.263141 1.576891e+42
38.301404 1.574717e+42
38.339705 1.572541e+42
38.378045 1.570365e+42
38.416423 1.568188e+42
38.454839 1.566012e+42
38.493294 1.563836e+42
38.531787 1.561663e+42
38.570319 1.559492e+42
38.608889 1.557324e+42
38.647498 1.555159e+42
38.686146 1.552998e+42
38.724832 1.550842e+42
38.763557 1.548691e+42
38.802320 1.546547e+42
38.841123 1.544410e+42
38.879964 1.542280e+42
38.918844 1.540158e+42
38.957763 1.538044e+42
38.996720 1.535938e+42
39.035717 1.533840e+42
39.074753 1.531751e+42
39.113828 1.529670e+42
39.152941 1.527600e+42
39.192094 1.525537e+42
39.231286 1.523480e+42
39.270518 1.521429e+42
39.309788 1.519382e+42
39.349098 1.517341e+42
39.388447 1.515303e+42
39.427836 1.513268e+42
39.467263 1.511236e+42
39.506731 1.509205e+42
39.546237 1.507174e+42
39.585784 1.505144e+42
39.625369 1.503113e+42
39.664995 1.501080e+42
39.704660 1.499046e+42
39.744364 1.497010e+42
39.784109 1.494970e+42
39.823893 1.492926e+42
39.863717 1.490879e+42
39.903581 1.488826e+42
39.943484 1.486768e+42
39.983428 1.484706e+42
40.023411 1.482635e+42
40.063434 1.480561e+42
40.103498 1.478487e+42
40.143601 1.476408e+42
40.183745 1.474326e+42
40.223929 1.472242e+42
40.264153 1.470156e+42
40.304417 1.468070e+42
40.344721 1.465985e+42
40.385066 1.463900e+42
40.425451 1.461819e+42
40.465876 1.459740e+42
40.506342 1.457666e+42
40.546849 1.455595e+42
40.587396 1.453530e+42
40.627983 1.451472e+42
40.668611 1.449422e+42
40.709280 1.447380e+42
40.749989 1.445345e+42
40.790739 1.443318e+42
40.831530 1.441298e+42
40.872361 1.439284e+42
40.913233 1.437277e+42
40.954147 1.435276e+42
40.995101 1.433280e+42
41.036096 1.431289e+42
41.077132 1.429301e+42
41.118209 1.427317e+42
41.159327 1.425334e+42
41.200487 1.423352e+42
41.241687 1.421371e+42
41.282929 1.419390e+42
41.324212 1.417407e+42
41.365536 1.415422e+42
41.406902 1.413435e+42
41.448308 1.411446e+42
41.489757 1.409452e+42
41.531246 1.407456e+42
41.572778 1.405455e+42
41.614351 1.403451e+42
41.655965 1.401443e+42
41.697621 1.399431e+42
41.739318 1.397415e+42
41.781058 1.395396e+42
41.822839 1.393373e+42
41.864662 1.391348e+42
41.906526 1.389320e+42
41.948433 1.387289e+42
41.990381 1.385257e+42
42.032372 1.383223e+42
42.074404 1.381188e+42
42.116478 1.379152e+42
42.158595 1.377116e+42
42.200754 1.375079e+42
42.242954 1.373044e+42
42.285197 1.371008e+42
42.327482 1.368974e+42
42.369810 1.366941e+42
42.412180 1.364909e+42
42.454592 1.362879e+42
42.497046 1.360851e+42
42.539544 1.358825e+42
42.582083 1.356801e+42
42.624665 1.354780e+42
42.667290 1.352762e+42
42.709957 1.350746e+42
42.752667 1.348734e+42
42.795420 1.346724e+42
42.838215 1.344716e+42
42.881053 1.342713e+42
42.923934 1.340712e+42
42.966858 1.338714e+42
43.009825 1.336719e+42
43.052835 1.334726e+42
43.095888 1.332735e+42
43.138984 1.330746e+42
43.182123 1.328759e+42
43.225305 1.326774e+42
43.268530 1.324790e+42
43.311799 1.322807e+42
43.355111 1.320825e+42
43.398466 1.318843e+42
43.441864 1.316862e+42
43.485306 1.314882e+42
43.528791 1.312902e+42
43.572320 1.310922e+42
43.615892 1.308943e+42
43.659508 1.306964e+42
43.703168 1.304985e+42
43.746871 1.303008e+42
43.790618 1.301031e+42
43.834408 1.299055e+42
43.878243 1.297081e+42
43.922121 1.295109e+42
43.966043 1.293138e+42
44.010009 1.291170e+42
44.054019 1.289204e+42
44.098073 1.287241e+42
44.142171 1.285280e+42
44.186314 1.283323e+42
44.230500 1.281369e+42
44.274730 1.279421e+42
44.319005 1.277476e+42
44.363324 1.275534e+42
44.407687 1.273597e+42
44.452095 1.271663e+42
44.496547 1.269734e+42
44.541044 1.267808e+42
44.585585 1.265887e+42
44.630170 1.263970e+42
44.674801 1.262058e+42
44.719475 1.260149e+42
44.764195 1.258244e+42
44.808959 1.256343e+42
44.853768 1.254445e+42
44.898622 1.252550e+42
44.943520 1.250658e+42
44.988464 1.248768e+42
45.033452 1.246880e+42
45.078486 1.244994e+42
45.123564 1.243110e+42
45.168688 1.241228e+42
45.213857 1.239346e+42
45.259070 1.237466e+42
45.304329 1.235586e+42
45.349634 1.233707e+42
45.394983 1.231828e+42
45.440378 1.229949e+42
45.485819 1.228071e+42
45.531305 1.226193e+42
45.576836 1.224314e+42
45.622413 1.222435e+42
45.668035 1.220555e+42
45.713703 1.218675e+42
45.759417 1.216795e+42
45.805176 1.214915e+42
45.850981 1.213035e+42
45.896832 1.211154e+42
45.942729 1.209272e+42
45.988672 1.207391e+42
46.034661 1.205508e+42
46.080695 1.203626e+42
46.126776 1.201742e+42
46.172903 1.199858e+42
46.219076 1.197972e+42
46.265295 1.196085e+42
46.311560 1.194198e+42
46.357872 1.192308e+42
46.404230 1.190417e+42
46.450634 1.188525e+42
46.497084 1.186631e+42
46.543581 1.184736e+42
46.590125 1.182839e+42
46.636715 1.180941e+42
46.683352 1.179043e+42
46.730035 1.177144e+42
46.776765 1.175245e+42
46.823542 1.173347e+42
46.870366 1.171450e+42
46.917236 1.169554e+42
46.964153 1.167661e+42
47.011117 1.165771e+42
47.058128 1.163884e+42
47.105187 1.162001e+42
47.152292 1.160123e+42
47.199444 1.158249e+42
47.246644 1.156381e+42
47.293890 1.154518e+42
47.341184 1.152659e+42
47.388525 1.150806e+42
47.435914 1.148957e+42
47.483350 1.147113e+42
47.530833 1.145273e+42
47.578364 1.143435e+42
47.625942 1.141600e+42
47.673568 1.139768e+42
47.721242 1.137936e+42
47.768963 1.136104e+42
47.816732 1.134273e+42
47.864549 1.132441e+42
47.912413 1.130608e+42
47.960326 1.128773e+42
48.008286 1.126936e+42
48.056294 1.125098e+42
48.104351 1.123258e+42
48.152455 1.121417e+42
48.200607 1.119574e+42
48.248808 1.117731e+42
48.297057 1.115888e+42
48.345354 1.114046e+42
48.393699 1.112205e+42
48.442093 1.110366e+42
48.490535 1.108529e+42
48.539025 1.106695e+42
48.587565 1.104865e+42
48.636152 1.103040e+42
48.684788 1.101219e+42
48.733473 1.099402e+42
48.782206 1.097591e+42
48.830989 1.095784e+42
48.879820 1.093982e+42
48.928699 1.092185e+42
48.977628 1.090391e+42
49.026606 1.088601e+42
49.075632 1.086814e+42
49.124708 1.085029e+42
49.173833 1.083245e+42
49.223007 1.081463e+42
49.272230 1.079681e+42
49.321502 1.077899e+42
49.370823 1.076116e+42
49.420194 1.074332e+42
49.469614 1.072546e+42
49.519084 1.070758e+42
49.568603 1.068968e+42
49.618172 1.067176e+42
49.667790 1.065382e+42
49.717458 1.063585e+42
49.767175 1.061787e+42
49.816942 1.059986e+42
49.866759 1.058184e+42
49.916626 1.056381e+42
49.966543 1.054577e+42
50.016509 1.052771e+42
50.066526 1.050966e+42
50.116592 1.049162e+42
50.166709 1.047358e+42
50.216875 1.045555e+42
50.267092 1.043753e+42
50.317359 1.041954e+42
50.367677 1.040156e+42
50.418044 1.038360e+42
50.468463 1.036566e+42
50.518931 1.034775e+42
50.569450 1.032987e+42
50.620019 1.031201e+42
50.670639 1.029418e+42
50.721310 1.027638e+42
50.772031 1.025862e+42
50.822803 1.024088e+42
50.873626 1.022317e+42
50.924500 1.020548e+42
50.975424 1.018782e+42
51.026400 1.017018e+42
51.077426 1.015258e+42
51.128504 1.013499e+42
51.179632 1.011743e+42
51.230812 1.009989e+42
51.282042 1.008236e+42
51.333325 1.006484e+42
51.384658 1.004734e+42
51.436043 1.002985e+42
51.487479 1.001236e+42
51.538966 9.994880e+41
51.590505 9.977404e+41
51.642095 9.959931e+41
51.693738 9.942460e+41
51.745431 9.924991e+41
51.797177 9.907524e+41
51.848974 9.890060e+41
51.900823 9.872598e+41
51.952724 9.855141e+41
52.004676 9.837689e+41
52.056681 9.820244e+41
52.108738 9.802807e+41
52.160847 9.785380e+41
52.213007 9.767965e+41
52.265220 9.750563e+41
52.317486 9.733176e+41
52.369803 9.715806e+41
52.422173 9.698453e+41
52.474595 9.681120e+41
52.527070 9.663808e+41
52.579597 9.646517e+41
52.632176 9.629250e+41
52.684809 9.612006e+41
52.737493 9.594792e+41
52.790231 9.577603e+41
52.843021 9.560441e+41
52.895864 9.543307e+41
52.948760 9.526201e+41
53.001709 9.509124e+41
53.054710 9.492070e+41
53.107765 9.475042e+41
53.160873 9.458046e+41
53.214034 9.441086e+41
53.267248 9.424156e+41
53.320515 9.407254e+41
53.373836 9.390380e+41
53.427209 9.373531e+41
53.480637 9.356705e+41
53.534117 9.339901e+41
53.587651 9.323113e+41
53.641239 9.306343e+41
53.694880 9.289589e+41
53.748575 9.272845e+41
53.802324 9.256109e+41
53.856126 9.239380e+41
53.909982 9.222654e+41
53.963892 9.205932e+41
54.017856 9.189211e+41
54.071874 9.172493e+41
54.125946 9.155779e+41
54.180072 9.139067e+41
54.234252 9.122357e+41
54.288486 9.105647e+41
54.342775 9.088944e+41
54.397117 9.072249e+41
54.451514 9.055563e+41
54.505966 9.038888e+41
54.560472 9.022226e+41
54.615032 9.005577e+41
54.669647 8.988941e+41
54.724317 8.972319e+41
54.779041 8.955711e+41
54.833820 8.939116e+41
54.888654 8.922533e+41
54.943543 8.905962e+41
54.998486 8.889401e+41
55.053485 8.872851e+41
55.108538 8.856309e+41
55.163647 8.839776e+41
55.218811 8.823253e+41
55.274029 8.806738e+41
55.329303 8.790235e+41
55.384633 8.773744e+41
55.440017 8.757267e+41
55.495457 8.740808e+41
55.550953 8.724370e+41
55.606504 8.707954e+41
55.662110 8.691566e+41
55.717772 8.675207e+41
55.773490 8.658881e+41
55.829264 8.642589e+41
55.885093 8.626334e+41
55.940978 8.610115e+41
55.996919 8.593933e+41
56.052916 8.577787e+41
56.108969 8.561675e+41
56.165078 8.545593e+41
56.221243 8.529539e+41
56.277464 8.513508e+41
56.333742 8.497495e+41
56.390075 8.481496e+41
56.446465 8.465506e+41
56.502912 8.449519e+41
56.559415 8.433532e+41
56.615974 8.417540e+41
56.672590 8.401541e+41
56.729263 8.385533e+41
56.785992 8.369514e+41
56.842778 8.353486e+41
56.899621 8.337448e+41
56.956520 8.321404e+41
57.013477 8.305354e+41
57.070490 8.289304e+41
57.127561 8.273256e+41
57.184688 8.257214e+41
57.241873 8.241183e+41
57.299115 8.225166e+41
57.356414 8.209168e+41
57.413771 8.193191e+41
57.471184 8.177238e+41
57.528655 8.161312e+41
57.586184 8.145415e+41
57.643770 8.129548e+41
57.701414 8.113711e+41
57.759116 8.097905e+41
57.816875 8.082131e+41
57.874692 8.066388e+41
57.932566 8.050675e+41
57.990499 8.034993e+41
58.048489 8.019342e+41
58.106538 8.003720e+41
58.164644 7.988127e+41
58.222809 7.972564e+41
58.281032 7.957030e+41
58.339313 7.941525e+41
58.397652 7.926048e+41
58.456050 7.910599e+41
58.514506 7.895176e+41
58.573020 7.879782e+41
58.631593 7.864406e+41
58.690225 7.849051e+41
58.748915 7.833714e+41
58.807664 7.818392e+41
58.866472 7.803082e+41
58.925338 7.787780e+41
58.984264 7.772483e+41
59.043248 7.757185e+41
59.102291 7.741884e+41
59.161393 7.726578e+41
59.220555 7.711262e+41
59.279775 7.695936e+41
59.339055 7.680599e+41
59.398394 7.665250e+41
59.457792 7.649889e+41
59.517250 7.634520e+41
59.576768 7.619144e+41
59.636344 7.603764e+41
59.695981 7.588385e+41
59.755677 7.573011e+41
59.815432 7.557645e+41
59.875248 7.542293e+41
59.935123 7.526959e+41
59.995058 7.511647e+41
60.055053 7.496360e+41
60.115108 7.481100e+41
60.175223 7.465869e+41
60.235399 7.450669e+41
60.295634 7.435499e+41
60.355930 7.420360e+41
60.416286 7.405249e+41
60.476702 7.390165e+41
60.537179 7.375106e+41
60.597716 7.360070e+41
60.658313 7.345054e+41
60.718972 7.330058e+41
60.779691 7.315078e+41
60.840470 7.300114e+41
60.901311 7.285165e+41
60.962212 7.270230e+41
61.023174 7.255311e+41
61.084198 7.240408e+41
61.145282 7.225522e+41
61.206427 7.210653e+41
61.267633 7.195805e+41
61.328901 7.180977e+41
61.390230 7.166172e+41
61.451620 7.151388e+41
61.513072 7.136627e+41
61.574585 7.121888e+41
61.636159 7.107169e+41
61.697796 7.092468e+41
61.759493 7.077784e+41
61.821253 7.063112e+41
61.883074 7.048450e+41
61.944957 7.033794e+41
62.006902 7.019140e+41
62.068909 7.004486e+41
62.130978 6.989827e+41
62.193109 6.975164e+41
62.255302 6.960492e+41
62.317557 6.945813e+41
62.379875 6.931127e+41
62.442255 6.916434e+41
62.504697 6.901738e+41
62.567202 6.887041e+41
62.629769 6.872348e+41
62.692399 6.857662e+41
62.755091 6.842990e+41
62.817846 6.828336e+41
62.880664 6.813706e+41
62.943545 6.799105e+41
63.006488 6.784537e+41
63.069495 6.770008e+41
63.132564 6.755521e+41
63.195697 6.741078e+41
63.258893 6.726682e+41
63.322151 6.712335e+41
63.385474 6.698036e+41
63.448859 6.683786e+41
63.512308 6.669582e+41
63.575820 6.655424e+41
63.639396 6.641308e+41
63.703035 6.627239e+41
63.766739 6.613201e+41
63.830505 6.599191e+41
63.894336 6.585205e+41
63.958230 6.571240e+41
64.022188 6.557290e+41
64.086211 6.543353e+41
64.150297 6.529425e+41
64.214447 6.515501e+41
64.278661 6.501585e+41
64.342940 6.487668e+41
64.407283 6.473748e+41
64.471690 6.459822e+41
64.536162 6.445890e+41
64.600698 6.431949e+41
64.665299 6.417993e+41
64.729964 6.404033e+41
64.794694 6.390071e+41
64.859489 6.376108e+41
64.924348 6.362147e+41
64.989273 6.348192e+41
65.054262 6.334247e+41
65.119316 6.320310e+41
65.184436 6.306385e+41
65.249620 6.292475e+41
65.314870 6.278584e+41
65.380184 6.264714e+41
65.445565 6.250867e+41
65.511010 6.237046e+41
65.576521 6.223250e+41
65.642098 6.209481e+41
65.707740 6.195737e+41
65.773448 6.182017e+41
65.839221 6.168320e+41
65.905060 6.154644e+41
65.970965 6.140987e+41
66.036936 6.127346e+41
66.102973 6.113720e+41
66.169076 6.100108e+41
66.235245 6.086507e+41
66.301481 6.072917e+41
66.367782 6.059339e+41
66.434150 6.045771e+41
66.500584 6.032216e+41
66.567085 6.018673e+41
66.633652 6.005146e+41
66.700285 5.991635e+41
66.766986 5.978142e+41
66.833753 5.964669e+41
66.900586 5.951216e+41
66.967487 5.937784e+41
67.034454 5.924373e+41
67.101489 5.910982e+41
67.168590 5.897610e+41
67.235759 5.884255e+41
67.302995 5.870914e+41
67.370298 5.857585e+41
67.437668 5.844264e+41
67.505106 5.830948e+41
67.572611 5.817635e+41
67.640183 5.804322e+41
67.707823 5.791007e+41
67.775531 5.777689e+41
67.843307 5.764367e+41
67.911150 5.751041e+41
67.979061 5.737714e+41
68.047040 5.724387e+41
68.115087 5.711062e+41
68.183202 5.697741e+41
68.251386 5.684433e+41
68.319637 5.671142e+41
68.387957 5.657871e+41
68.456345 5.644620e+41
68.524801 5.631395e+41
68.593326 5.618200e+41
68.661919 5.605038e+41
68.730581 5.591917e+41
68.799312 5.578826e+41
68.868111 5.565774e+41
68.936979 5.552762e+41
69.005916 5.539790e+41
69.074922 5.526854e+41
69.143997 5.513956e+41
69.213141 5.501106e+41
69.282354 5.488296e+41
69.351636 5.475531e+41
69.420988 5.462804e+41
69.490409 5.450110e+41
69.559899 5.437454e+41
69.629459 5.424837e+41
69.699089 5.412258e+41
69.768788 5.399715e+41
69.838557 5.387206e+41
69.908395 5.374730e+41
69.978304 5.362285e+41
70.048282 5.349865e+41
70.118330 5.337468e+41
70.188449 5.325088e+41
70.258637 5.312718e+41
70.328896 5.300354e+41
70.399224 5.287987e+41
70.469624 5.275612e+41
70.540093 5.263222e+41
70.610633 5.250813e+41
70.681244 5.238380e+41
70.751925 5.225920e+41
70.822677 5.213432e+41
70.893500 5.200917e+41
70.964393 5.188378e+41
71.035358 5.175819e+41
71.106393 5.163246e+41
71.177500 5.150668e+41
71.248677 5.138092e+41
71.319926 5.125528e+41
71.391246 5.112986e+41
71.462637 5.100474e+41
71.534100 5.088001e+41
71.605634 5.075572e+41
71.677239 5.063193e+41
71.748917 5.050867e+41
71.820665 5.038594e+41
71.892486 5.026374e+41
71.964379 5.014202e+41
72.036343 5.002081e+41
72.108379 4.989994e+41
72.180488 4.977935e+41
72.252668 4.965897e+41
72.324921 4.953877e+41
72.397246 4.941867e+41
72.469643 4.929864e+41
72.542113 4.917866e+41
72.614655 4.905869e+41
72.687269 4.893874e+41
72.759957 4.881880e+41
72.832717 4.869891e+41
72.905549 4.857905e+41
72.978455 4.845931e+41
73.051433 4.833973e+41
73.124485 4.822033e+41
73.197609 4.810112e+41
73.270807 4.798215e+41
73.344078 4.786343e+41
73.417422 4.774499e+41
73.490839 4.762684e+41
73.564330 4.750898e+41
73.637894 4.739143e+41
73.711532 4.727414e+41
73.785244 4.715707e+41
73.859029 4.704019e+41
73.932888 4.692348e+41
74.006821 4.680691e+41
74.080828 4.669045e+41
74.154909 4.657409e+41
74.229064 4.645778e+41
74.303293 4.634146e+41
74.377596 4.622514e+41
74.451973 4.610881e+41
74.526425 4.599247e+41
74.600952 4.587611e+41
74.675553 4.575972e+41
74.750228 4.564333e+41
74.824979 4.552693e+41
74.899804 4.541055e+41
74.974703 4.529420e+41
75.049678 4.517791e+41
75.124728 4.506170e+41
75.199852 4.494561e+41
75.275052 4.482966e+41
75.350327 4.471387e+41
75.425678 4.459830e+41
75.501103 4.448295e+41
75.576605 4.436784e+41
75.652181 4.425301e+41
75.727833 4.413848e+41
75.803561 4.402428e+41
75.879365 4.391043e+41
75.955244 4.379693e+41
76.031199 4.368385e+41
76.107230 4.357106e+41
76.183338 4.345862e+41
76.259521 4.334657e+41
76.335781 4.323477e+41
76.412116 4.312326e+41
76.488528 4.301203e+41
76.565017 4.290102e+41
76.641582 4.279022e+41
76.718224 4.267958e+41
76.794942 4.256907e+41
76.871737 4.245867e+41
76.948609 4.234834e+41
77.025557 4.223808e+41
77.102583 4.212787e+41
77.179685 4.201771e+41
77.256865 4.190757e+41
77.334122 4.179752e+41
77.411456 4.168758e+41
77.488867 4.157778e+41
77.566356 4.146816e+41
77.643923 4.135875e+41
77.721567 4.124958e+41
77.799288 4.114066e+41
77.877087 4.103204e+41
77.954964 4.092374e+41
78.032919 4.081581e+41
78.110952 4.070826e+41
78.189063 4.060109e+41
78.267252 4.049439e+41
78.345520 4.038804e+41
78.423865 4.028203e+41
78.502289 4.017634e+41
78.580791 4.007093e+41
78.659372 3.996575e+41
78.738031 3.986082e+41
78.816769 3.975609e+41
78.895586 3.965151e+41
78.974482 3.954704e+41
79.053456 3.944263e+41
79.132510 3.933826e+41
79.211642 3.923395e+41
79.290854 3.912964e+41
79.370145 3.902531e+41
79.449515 3.892094e+41
79.528964 3.881658e+41
79.608493 3.871212e+41
79.688102 3.860763e+41
79.767790 3.850312e+41
79.847558 3.839861e+41
79.927405 3.829412e+41
80.007333 3.818967e+41
80.087340 3.808527e+41
80.167427 3.798095e+41
80.247595 3.787673e+41
80.327842 3.777263e+41
80.408170 3.766871e+41
80.488578 3.756498e+41
80.569067 3.746146e+41
80.649636 3.735818e+41
80.730286 3.725515e+41
80.811016 3.715241e+41
80.891827 3.704996e+41
80.972719 3.694784e+41
81.053692 3.684604e+41
81.134745 3.674457e+41
81.215880 3.664348e+41
81.297096 3.654269e+41
81.378393 3.644219e+41
81.459771 3.634196e+41
81.541231 3.624197e+41
81.622772 3.614220e+41
81.704395 3.604261e+41
81.786100 3.594319e+41
81.867886 3.584389e+41
81.949754 3.574470e+41
82.031703 3.564559e+41
82.113735 3.554654e+41
82.195849 3.544752e+41
82.278045 3.534854e+41
82.360323 3.524958e+41
82.442683 3.515064e+41
82.525126 3.505172e+41
82.607651 3.495282e+41
82.690258 3.485391e+41
82.772949 3.475507e+41
82.855722 3.465630e+41
82.938577 3.455762e+41
83.021516 3.445904e+41
83.104537 3.436056e+41
83.187642 3.426221e+41
83.270830 3.416398e+41
83.354100 3.406591e+41
83.437455 3.396798e+41
83.520892 3.387024e+41
83.604413 3.377268e+41
83.688017 3.367529e+41
83.771705 3.357810e+41
83.855477 3.348112e+41
83.939333 3.338438e+41
84.023272 3.328788e+41
84.107295 3.319162e+41
84.191402 3.309562e+41
84.275594 3.299991e+41
84.359869 3.290445e+41
84.444229 3.280930e+41
84.528674 3.271447e+41
84.613202 3.261994e+41
84.697815 3.252569e+41
84.782513 3.243171e+41
84.867296 3.233800e+41
84.952163 3.224452e+41
85.037115 3.215125e+41
85.122152 3.205817e+41
85.207274 3.196525e+41
85.292482 3.187247e+41
85.377774 3.177979e+41
85.463152 3.168717e+41
85.548615 3.159460e+41
85.634164 3.150211e+41
85.719798 3.140964e+41
85.805518 3.131717e+41
85.891323 3.122476e+41
85.977215 3.113243e+41
86.063192 3.104021e+41
86.149255 3.094813e+41
86.235404 3.085625e+41
86.321640 3.076458e+41
86.407961 3.067319e+41
86.494369 3.058209e+41
86.580864 3.049130e+41
86.667444 3.040085e+41
86.754112 3.031082e+41
86.840866 3.022115e+41
86.927707 3.013182e+41
87.014635 3.004282e+41
87.101649 2.995412e+41
87.188751 2.986569e+41
87.275940 2.977746e+41
87.363216 2.968938e+41
87.450579 2.960144e+41
87.538029 2.951360e+41
87.625567 2.942581e+41
87.713193 2.933807e+41
87.800906 2.925033e+41
87.888707 2.916261e+41
87.976596 2.907489e+41
88.064572 2.898715e+41
88.152637 2.889948e+41
88.240790 2.881189e+41
88.329030 2.872442e+41
88.417359 2.863710e+41
88.505777 2.854996e+41
88.594283 2.846303e+41
88.682877 2.837634e+41
88.771560 2.828992e+41
88.860331 2.820375e+41
88.949192 2.811793e+41
89.038141 2.803242e+41
89.127179 2.794723e+41
89.216306 2.786235e+41
89.305522 2.777783e+41
89.394828 2.769358e+41
89.484223 2.760959e+41
89.573707 2.752583e+41
89.663281 2.744229e+41
89.752944 2.735895e+41
89.842697 2.727578e+41
89.932540 2.719278e+41
90.022472 2.710992e+41
90.112495 2.702719e+41
90.202607 2.694457e+41
90.292810 2.686203e+41
90.383102 2.677956e+41
90.473486 2.669716e+41
90.563959 2.661478e+41
90.654523 2.653246e+41
90.745178 2.645023e+41
90.835923 2.636807e+41
90.926759 2.628600e+41
91.017685 2.620404e+41
91.108703 2.612219e+41
91.199812 2.604047e+41
91.291012 2.595890e+41
91.382303 2.587749e+41
91.473685 2.579624e+41
91.565159 2.571518e+41
91.656724 2.563432e+41
91.748381 2.555367e+41
91.840129 2.547326e+41
91.931969 2.539310e+41
92.023901 2.531319e+41
92.115925 2.523354e+41
92.208041 2.515416e+41
92.300249 2.507504e+41
92.392549 2.499617e+41
92.484942 2.491759e+41
92.577427 2.483923e+41
92.670004 2.476108e+41
92.762674 2.468311e+41
92.855437 2.460531e+41
92.948292 2.452768e+41
93.041240 2.445018e+41
93.134282 2.437280e+41
93.227416 2.429552e+41
93.320643 2.421831e+41
93.413964 2.414114e+41
93.507378 2.406399e+41
93.600885 2.398682e+41
93.694486 2.390963e+41
93.788181 2.383240e+41
93.881969 2.375513e+41
93.975851 2.367781e+41
94.069827 2.360044e+41
94.163897 2.352305e+41
94.258060 2.344561e+41
94.352319 2.336820e+41
94.446671 2.329086e+41
94.541117 2.321361e+41
94.635659 2.313649e+41
94.730294 2.305952e+41
94.825025 2.298275e+41
94.919850 2.290620e+41
95.014769 2.282990e+41
95.109784 2.275387e+41
95.204894 2.267813e+41
95.300099 2.260273e+41
95.395399 2.252767e+41
95.490794 2.245297e+41
95.586285 2.237868e+41
95.681871 2.230472e+41
95.777553 2.223115e+41
95.873331 2.215786e+41
95.969204 2.208491e+41
96.065173 2.201221e+41
96.161239 2.193973e+41
96.257400 2.186747e+41
96.353657 2.179542e+41
96.450011 2.172357e+41
96.546461 2.165191e+41
9