4.0020E-10 2.0169E-01 5.8381E-14 1.3934E+00 2.2902E+00
1.2655E-09 2.0169E-01 1.3708E-13 1.3934E+00 2.2902E+00
4.0020E-09 2.0169E-01 4.3347E-13 1.3934E+00 2.2902E+00
1.2655E-08 2.0169E-01 1.3708E-12 1.3934E+00 2.2902E+00
4.0020E-08 2.0169E-01 4.3347E-12 1.3934E+00 2.2902E+00
1.2655E-07 2.0169E-01 1.3708E-11 1.3934E+00 2.2902E+00
4.0020E-07 2.0169E-01 4.3347E-11 1.3934E+00 2.2902E+00
1.2655E-06 2.0169E-01 1.3708E-10 1.3934E+00 2.2902E+00
4.0020E-06 2.0169E-01 4.3347E-10 1.3934E+00 2.2902E+00
1.2655E-05 2.0169E-01 1.3708E-09 1.3934E+00 2.2902E+00
4.0020E-05 2.0169E-01 4.3347E-09 1.3934E+00 2.2902E+00
1.2655E-04 2.0169E-01 1.3707E-08 1.3934E+00 2.2902E+00
4.0020E-04 2.0169E-01 4.4638E-08 1.3934E+00 2.2902E+00
1.2655E-03 2.0169E-01 1.4363E-07 1.3934E+00 2.2902E+00
4.0020E-03 2.0169E-01 4.5431E-07 1.3934E+00 2.2902E+00
