4.0020E-16 2.0063E-01 4.8444E+01 1.0005E+00 1.0022E+00
1.2655E-15 2.0121E-01 5.0958E+01 1.0003E+00 1.0019E+00
4.0020E-15 2.0250E-01 6.0420E+01 9.9932E-01 1.0007E+00
1.2655E-14 2.0351E-01 7.5305E+01 9.9636E-01 9.9752E-01
4.0020E-14 2.0393E-01 9.6254E+01 9.8752E-01 9.8845E-01
1.2655E-13 2.0313E-01 1.1774E+02 9.6351E-01 9.6419E-01
4.0020E-13 2.0019E-01 1.3243E+02 9.1062E-01 9.1114E-01
1.2655E-12 1.9774E-01 1.4329E+02 8.2602E-01 8.2646E-01
4.0020E-12 2.0842E-01 1.5512E+02 7.3508E-01 7.3548E-01
1.2655E-11 2.6123E-01 1.7704E+02 6.7066E-01 6.7103E-01
4.0020E-11 4.2511E-01 2.3357E+02 6.3786E-01 6.3821E-01
1.2655E-10 9.1058E-01 4.2387E+02 6.2258E-01 6.2291E-01
4.0020E-10 2.3857E+00 9.9212E+02 6.1060E-01 6.1088E-01
1.2655E-09 6.6784E+00 2.6249E+03 5.8802E-01 5.8823E-01
4.0020E-09 1.7776E+01 6.6059E+03 5.3662E-01 5.3676E-01
