1.2685E-14 3.6869E-01 4.0826E+01 1.3888E+00 2.2028E+00
4.0113E-14 3.7797E-01 4.2671E+01 1.3888E+00 2.2023E+00
1.2685E-13 3.8896E-01 4.7169E+01 1.3888E+00 2.2013E+00
4.0113E-13 3.9901E-01 5.2580E+01 1.3887E+00 2.2005E+00
1.2685E-12 4.0905E-01 5.6761E+01 1.3886E+00 2.1995E+00
4.0113E-12 4.2060E-01 5.4482E+01 1.3886E+00 2.1983E+00
1.2685E-11 4.3273E-01 4.8090E+01 1.3885E+00 2.1969E+00
4.0113E-11 4.4585E-01 3.9700E+01 1.3884E+00 2.1957E+00
1.2685E-10 4.6437E-01 3.1728E+01 1.3883E+00 2.1945E+00
4.0113E-10 4.8998E-01 2.7671E+01 1.3882E+00 2.1933E+00
1.2685E-09 5.4029E-01 3.0734E+01 1.3881E+00 2.1921E+00
4.0113E-09 6.4057E-01 4.3868E+01 1.3880E+00 2.1909E+00
1.2685E-08 8.5653E-01 7.2467E+01 1.3879E+00 2.1893E+00
4.0113E-08 1.3498E+00 1.1820E+02 1.3876E+00 2.1869E+00
1.2685E-07 2.5929E+00 1.7762E+02 1.3872E+00 2.1834E+00
