1.2685E-11 2.5008E-01 6.3850E-12 1.3934E+00 2.2902E+00
4.0113E-11 2.5008E-01 1.5027E-11 1.3934E+00 2.2902E+00
1.2685E-10 2.5008E-01 4.7518E-11 1.3934E+00 2.2902E+00
4.0113E-10 2.5008E-01 1.6715E-10 1.3934E+00 2.2902E+00
1.2685E-09 2.5008E-01 1.5705E-09 1.3934E+00 2.2902E+00
4.0113E-09 2.5008E-01 8.7574E-09 1.3934E+00 2.2902E+00
1.2685E-08 2.5008E-01 2.7901E-08 1.3934E+00 2.2902E+00
4.0113E-08 2.5008E-01 8.8413E-08 1.3934E+00 2.2902E+00
1.2685E-07 2.5008E-01 2.8091E-07 1.3934E+00 2.2902E+00
4.0113E-07 2.5008E-01 8.9162E-07 1.3934E+00 2.2902E+00
1.2685E-06 2.5008E-01 2.8419E-06 1.3934E+00 2.2902E+00
4.0113E-06 2.5009E-01 9.0614E-06 1.3934E+00 2.2902E+00
1.2685E-05 2.5012E-01 2.8897E-05 1.3934E+00 2.2902E+00
4.0113E-05 2.5019E-01 9.1553E-05 1.3934E+00 2.2902E+00
1.2685E-04 2.5035E-01 2.8818E-04 1.3934E+00 2.2902E+00
