2.0795E-15 2.7346E-01 2.8548E+02 1.3856E+00 2.1667E+00
6.5760E-15 2.7527E-01 2.9518E+02 1.3855E+00 2.1662E+00
2.0795E-14 2.7857E-01 3.0460E+02 1.3854E+00 2.1652E+00
6.5760E-14 2.8310E-01 3.0455E+02 1.3852E+00 2.1637E+00
2.0795E-13 2.8893E-01 2.8956E+02 1.3848E+00 2.1618E+00
6.5760E-13 2.9665E-01 2.4921E+02 1.3843E+00 2.1594E+00
2.0795E-12 3.0727E-01 1.9254E+02 1.3831E+00 2.1552E+00
6.5760E-12 3.2748E-01 1.4947E+02 1.3798E+00 2.1446E+00
2.0795E-11 3.6856E-01 1.4066E+02 1.3703E+00 2.1151E+00
6.5760E-11 4.5983E-01 1.8209E+02 1.3440E+00 2.0356E+00
2.0795E-10 6.5017E-01 3.4038E+02 1.2866E+00 1.8630E+00
6.5760E-10 1.0029E+00 7.9116E+02 1.1972E+00 1.5940E+00
2.0795E-09 1.7089E+00 1.8116E+03 1.1063E+00 1.3210E+00
6.5760E-09 3.4380E+00 3.3593E+03 1.0465E+00 1.1410E+00
2.0795E-08 8.4204E+00 4.8148E+03 1.0181E+00 1.0557E+00
