-21.4937 -20.9937 -20.4937 -19.9937 -19.4937 -18.9937 -18.4937 -17.9937 -17.4937 -16.9937 -16.4937 -15.9937 -15.4937 -14.9937 -14.4937 
3.7636 -0.9220 -0.9220 -0.9504 -1.0190 -1.1300 -1.2490 -1.4317 -1.6581 -1.7663 -1.9592 -1.9500 -1.8954 -1.7224 -1.5213 -1.3119
4.0646 -0.6976 -0.6964 -0.6936 -0.6914 -0.6905 -0.6922 -0.6986 -0.7039 -0.6811 -0.5830 -0.3715 -0.0407 0.3776 0.8247 1.2498
4.5417 -0.5631 -0.5602 -0.5551 -0.5481 -0.5392 -0.5278 -0.5125 -0.4848 -0.4335 -0.3374 -0.1870 0.0013 0.2327 0.5363 0.9253
5.0646 -0.4333 -0.4225 -0.4101 -0.3990 -0.3882 -0.3761 -0.3638 -0.3508 -0.3331 -0.3098 -0.2674 -0.1934 -0.0673 0.1303 0.4138
5.5417 -0.5878 -0.5875 -0.5871 -0.5864 -0.5857 -0.5849 -0.5837 -0.5817 -0.5777 -0.5694 -0.5518 -0.5147 -0.4382 -0.3051 -0.0877
6.0646 -0.5917 -0.5917 -0.5917 -0.5916 -0.5915 -0.5913 -0.5909 -0.5899 -0.5881 -0.5850 -0.5802 -0.5740 -0.5660 -0.5548 -0.5372
6.5417 -0.5943 -0.5943 -0.5943 -0.5944 -0.5944 -0.5944 -0.5944 -0.5943 -0.5943 -0.5943 -0.5942 -0.5940 -0.5936 -0.5927 -0.5907
7.0646 -0.6019 -0.6019 -0.6019 -0.6019 -0.6019 -0.6019 -0.6019 -0.6019 -0.6019 -0.6019 -0.6019 -0.6019 -0.6019 -0.6017 -0.6015
7.5417 -0.6257 -0.6257 -0.6257 -0.6257 -0.6257 -0.6257 -0.6257 -0.6257 -0.6257 -0.6257 -0.6257 -0.6257 -0.6257 -0.6257 -0.6257
8.0646 -0.6953 -0.6953 -0.6953 -0.6953 -0.6953 -0.6953 -0.6953 -0.6953 -0.6953 -0.6953 -0.6953 -0.6953 -0.6953 -0.6953 -0.6953
9.0646 -1.1184 -1.1184 -1.1184 -1.1184 -1.1184 -1.1184 -1.1184 -1.1184 -1.1184 -1.1184 -1.1184 -1.1184 -1.1184 -1.1184 -1.1184
