-21.4937 -20.9937 -20.4937 -19.9937 -19.4937 -18.9937 -18.4937 -17.9937 -17.4937 -16.9937 -16.4937 -15.9937 -15.4937 -14.9937 -14.4937 
3.7636 30.8716 30.3716 30.0207 29.6850 29.1925 28.6767 28.1532 27.6539 27.1801 26.7326 26.2673 25.7817 25.2118 24.7382 24.3125
4.0646 31.3092 30.8311 30.4051 30.0008 29.6073 29.1949 28.7459 28.2801 27.8146 27.3720 26.9923 26.7512 26.6205 26.5430 26.4438
4.5417 33.0337 32.5482 32.0619 31.5618 31.0399 30.4747 29.8627 29.2527 28.7263 28.3384 28.1101 27.9764 27.8362 27.6044 27.2607
5.0646 33.2338 32.7530 32.2966 31.8437 31.3770 30.8592 30.3050 29.7217 29.1243 28.5649 28.1105 27.7651 27.4830 27.1955 26.8724
5.5417 31.8421 31.4334 31.0221 30.5339 30.0129 29.5071 29.0508 28.6496 28.2934 27.9564 27.6404 27.3508 27.0815 26.8379 26.5988
6.0646 29.1048 28.9724 28.9638 28.9318 28.8480 28.6752 28.4189 28.1765 28.0090 27.8426 27.6277 27.3673 27.0690 26.7572 26.4506
6.5417 28.1097 27.7863 27.5056 27.1493 26.7427 26.3288 25.9632 25.6962 25.5466 25.4753 25.4268 25.3839 25.3369 25.3012 25.2643
7.0646 24.4281 24.2998 24.2998 24.3460 24.8189 25.0653 25.0685 25.0694 25.0715 25.0731 25.0765 25.0801 25.0838 25.0846 25.0826
7.5417 24.4056 24.2773 24.2773 24.2773 24.2773 24.2773 24.2773 24.2773 24.2773 24.2781 24.3120 24.3679 24.3782 24.3838 24.3838
8.0646 24.3902 24.2609 24.2609 24.2609 24.2609 24.2609 24.2609 24.2609 24.2609 24.2609 24.2609 24.2609 24.2736 24.2812 24.2813
9.0646 24.4051 24.2768 24.2768 24.2768 24.2768 24.2768 24.2768 24.2768 24.2768 24.2768 24.2768 24.2768 24.2768 24.2769 24.2769
