 j EnclosedM[g] Rad[cm] Vel[cm/s] Den[g/cc] X_H X_He
0 8.227e+33 1.201e+14 -2.134e+06 4.69e-13 0.5933 0.3866
1 8.227e+33 1.207e+14 -2.118e+06 4.651e-13 0.5933 0.3866
2 8.227e+33 1.212e+14 -2.101e+06 4.611e-13 0.5933 0.3866
3 8.228e+33 1.217e+14 -2.084e+06 4.572e-13 0.5933 0.3866
4 8.228e+33 1.223e+14 -2.067e+06 4.533e-13 0.5933 0.3866
5 8.228e+33 1.228e+14 -2.05e+06 4.494e-13 0.5933 0.3866
6 8.228e+33 1.233e+14 -2.033e+06 4.462e-13 0.5933 0.3866
7 8.228e+33 1.239e+14 -2.017e+06 4.433e-13 0.5933 0.3866
8 8.228e+33 1.244e+14 -2e+06 4.405e-13 0.5933 0.3866
9 8.228e+33 1.25e+14 -1.984e+06 4.376e-13 0.5933 0.3866
10 8.228e+33 1.255e+14 -1.967e+06 4.347e-13 0.5933 0.3866
11 8.228e+33 1.261e+14 -1.951e+06 4.319e-13 0.5933 0.3866
12 8.228e+33 1.267e+14 -1.934e+06 4.286e-13 0.5933 0.3866
13 8.228e+33 1.272e+14 -1.917e+06 4.252e-13 0.5933 0.3866
14 8.228e+33 1.278e+14 -1.901e+06 4.217e-13 0.5933 0.3866
15 8.228e+33 1.283e+14 -1.884e+06 4.183e-13 0.5933 0.3866
16 8.228e+33 1.289e+14 -1.867e+06 4.149e-13 0.5933 0.3866
17 8.228e+33 1.295e+14 -1.85e+06 4.115e-13 0.5933 0.3866
18 8.228e+33 1.301e+14 -1.833e+06 4.086e-13 0.5933 0.3866
19 8.228e+33 1.306e+14 -1.817e+06 4.057e-13 0.5933 0.3866
20 8.228e+33 1.312e+14 -1.8e+06 4.028e-13 0.5933 0.3866
21 8.228e+33 1.318e+14 -1.783e+06 3.999e-13 0.5933 0.3866
22 8.228e+33 1.324e+14 -1.767e+06 3.971e-13 0.5933 0.3866
23 8.228e+33 1.33e+14 -1.75e+06 3.948e-13 0.5933 0.3866
24 8.229e+33 1.336e+14 -1.734e+06 3.935e-13 0.5933 0.3866
25 8.229e+33 1.341e+14 -1.717e+06 3.922e-13 0.5933 0.3866
26 8.229e+33 1.347e+14 -1.701e+06 3.909e-13 0.5933 0.3866
27 8.229e+33 1.353e+14 -1.684e+06 3.896e-13 0.5933 0.3866
28 8.229e+33 1.359e+14 -1.667e+06 3.882e-13 0.5933 0.3866
29 8.229e+33 1.365e+14 -1.651e+06 3.864e-13 0.5933 0.3866
30 8.229e+33 1.371e+14 -1.634e+06 3.846e-13 0.5933 0.3866
31 8.229e+33 1.377e+14 -1.617e+06 3.828e-13 0.5933 0.3866
32 8.229e+33 1.384e+14 -1.6e+06 3.81e-13 0.5933 0.3866
33 8.229e+33 1.39e+14 -1.583e+06 3.792e-13 0.5933 0.3866
34 8.229e+33 1.396e+14 -1.566e+06 3.78e-13 0.5933 0.3866
35 8.229e+33 1.402e+14 -1.549e+06 3.767e-13 0.5933 0.3866
36 8.229e+33 1.408e+14 -1.532e+06 3.754e-13 0.5933 0.3866
37 8.229e+33 1.414e+14 -1.514e+06 3.742e-13 0.5933 0.3866
38 8.229e+33 1.421e+14 -1.497e+06 3.716e-13 0.5933 0.3866
39 8.229e+33 1.427e+14 -1.48e+06 3.663e-13 0.5933 0.3866
40 8.229e+33 1.433e+14 -1.463e+06 3.611e-13 0.5933 0.3866
41 8.229e+33 1.44e+14 -1.446e+06 3.559e-13 0.5933 0.3866
42 8.23e+33 1.446e+14 -1.429e+06 3.507e-13 0.5933 0.3866
43 8.23e+33 1.452e+14 -1.412e+06 3.471e-13 0.5933 0.3866
44 8.23e+33 1.459e+14 -1.396e+06 3.45e-13 0.5933 0.3866
45 8.23e+33 1.465e+14 -1.379e+06 3.428e-13 0.5933 0.3866
46 8.23e+33 1.472e+14 -1.362e+06 3.407e-13 0.5933 0.3866
47 8.23e+33 1.478e+14 -1.345e+06 3.385e-13 0.5933 0.3866
48 8.23e+33 1.485e+14 -1.328e+06 3.373e-13 0.5933 0.3866
49 8.23e+33 1.491e+14 -1.311e+06 3.362e-13 0.5933 0.3866
50 8.23e+33 1.498e+14 -1.295e+06 3.352e-13 0.5933 0.3866
51 8.23e+33 1.505e+14 -1.278e+06 3.341e-13 0.5933 0.3866
52 8.23e+33 1.511e+14 -1.261e+06 3.327e-13 0.5933 0.3866
53 8.23e+33 1.518e+14 -1.244e+06 3.308e-13 0.5933 0.3866
54 8.23e+33 1.525e+14 -1.226e+06 3.288e-13 0.5933 0.3866
55 8.23e+33 1.532e+14 -1.209e+06 3.269e-13 0.5933 0.3866
56 8.23e+33 1.538e+14 -1.192e+06 3.249e-13 0.5933 0.3866
57 8.23e+33 1.545e+14 -1.175e+06 3.228e-13 0.5933 0.3866
58 8.23e+33 1.552e+14 -1.158e+06 3.208e-13 0.5933 0.3866
59 8.231e+33 1.559e+14 -1.141e+06 3.187e-13 0.5933 0.3866
60 8.231e+33 1.566e+14 -1.123e+06 3.166e-13 0.5933 0.3866
61 8.231e+33 1.573e+14 -1.107e+06 3.131e-13 0.5933 0.3866
62 8.231e+33 1.58e+14 -1.09e+06 3.095e-13 0.5933 0.3866
63 8.231e+33 1.587e+14 -1.073e+06 3.06e-13 0.5933 0.3866
64 8.231e+33 1.594e+14 -1.056e+06 3.025e-13 0.5933 0.3866
65 8.231e+33 1.601e+14 -1.04e+06 3.007e-13 0.5933 0.3866
66 8.231e+33 1.608e+14 -1.023e+06 2.993e-13 0.5933 0.3866
67 8.231e+33 1.615e+14 -1.007e+06 2.979e-13 0.5933 0.3866
68 8.231e+33 1.622e+14 -9.9e+05 2.965e-13 0.5933 0.3866
69 8.231e+33 1.629e+14 -9.732e+05 2.949e-13 0.5933 0.3866
70 8.231e+33 1.636e+14 -9.562e+05 2.934e-13 0.5933 0.3866
71 8.231e+33 1.644e+14 -9.392e+05 2.918e-13 0.5933 0.3866
72 8.231e+33 1.651e+14 -9.221e+05 2.902e-13 0.5933 0.3866
73 8.232e+33 1.658e+14 -9.046e+05 2.896e-13 0.5933 0.3866
74 8.232e+33 1.666e+14 -8.87e+05 2.89e-13 0.5933 0.3866
75 8.232e+33 1.673e+14 -8.694e+05 2.885e-13 0.5933 0.3866
76 8.232e+33 1.68e+14 -8.519e+05 2.874e-13 0.5933 0.3866
77 8.232e+33 1.688e+14 -8.35e+05 2.847e-13 0.5933 0.3866
78 8.232e+33 1.695e+14 -8.18e+05 2.821e-13 0.5933 0.3866
79 8.232e+33 1.703e+14 -8.01e+05 2.794e-13 0.5933 0.3866
80 8.232e+33 1.71e+14 -7.834e+05 2.769e-13 0.5933 0.3866
81 8.232e+33 1.718e+14 -7.656e+05 2.743e-13 0.5933 0.3866
82 8.232e+33 1.726e+14 -7.476e+05 2.718e-13 0.5933 0.3866
83 8.232e+33 1.733e+14 -7.296e+05 2.692e-13 0.5933 0.3866
84 8.232e+33 1.741e+14 -7.126e+05 2.683e-13 0.5933 0.3866
85 8.232e+33 1.749e+14 -6.955e+05 2.674e-13 0.5933 0.3866
86 8.233e+33 1.756e+14 -6.784e+05 2.665e-13 0.5933 0.3866
87 8.233e+33 1.764e+14 -6.607e+05 2.646e-13 0.5933 0.3866
88 8.233e+33 1.772e+14 -6.426e+05 2.619e-13 0.5933 0.3866
89 8.233e+33 1.78e+14 -6.244e+05 2.593e-13 0.5933 0.3866
90 8.233e+33 1.788e+14 -6.064e+05 2.569e-13 0.5933 0.3866
91 8.233e+33 1.796e+14 -5.894e+05 2.565e-13 0.5933 0.3866
92 8.233e+33 1.803e+14 -5.723e+05 2.561e-13 0.5933 0.3866
93 8.233e+33 1.811e+14 -5.552e+05 2.557e-13 0.5933 0.3866
94 8.233e+33 1.819e+14 -5.374e+05 2.54e-13 0.5933 0.3866
95 8.233e+33 1.828e+14 -5.194e+05 2.521e-13 0.5933 0.3866
96 8.233e+33 1.836e+14 -5.013e+05 2.501e-13 0.5933 0.3866
97 8.233e+33 1.844e+14 -4.854e+05 2.487e-13 0.5933 0.3866
98 8.234e+33 1.852e+14 -4.711e+05 2.475e-13 0.5933 0.3866
99 8.234e+33 1.86e+14 -4.567e+05 2.463e-13 0.5933 0.3866
100 8.234e+33 1.868e+14 -4.404e+05 2.444e-13 0.5933 0.3866
101 8.234e+33 1.877e+14 -4.218e+05 2.416e-13 0.5933 0.3866
102 8.234e+33 1.885e+14 -4.031e+05 2.388e-13 0.5933 0.3866
103 8.234e+33 1.893e+14 -3.841e+05 2.363e-13 0.5933 0.3866
104 8.234e+33 1.902e+14 -3.645e+05 2.342e-13 0.5933 0.3866
105 8.234e+33 1.91e+14 -3.447e+05 2.322e-13 0.5933 0.3866
106 8.234e+33 1.919e+14 -3.255e+05 2.307e-13 0.5933 0.3866
107 8.234e+33 1.927e+14 -3.079e+05 2.304e-13 0.5933 0.3866
108 8.234e+33 1.936e+14 -2.903e+05 2.301e-13 0.5933 0.3866
109 8.234e+33 1.944e+14 -2.725e+05 2.298e-13 0.5933 0.3866
110 8.235e+33 1.953e+14 -2.546e+05 2.295e-13 0.5933 0.3866
111 8.235e+33 1.961e+14 -2.367e+05 2.291e-13 0.5933 0.3866
112 8.235e+33 1.97e+14 -2.189e+05 2.281e-13 0.5933 0.3866
113 8.235e+33 1.979e+14 -2.015e+05 2.261e-13 0.5933 0.3866
114 8.235e+33 1.988e+14 -1.84e+05 2.241e-13 0.5933 0.3866
115 8.235e+33 1.996e+14 -1.662e+05 2.221e-13 0.5933 0.3866
116 8.235e+33 2.005e+14 -1.481e+05 2.201e-13 0.5933 0.3866
117 8.235e+33 2.014e+14 -1.3e+05 2.181e-13 0.5933 0.3866
118 8.235e+33 2.023e+14 -1.123e+05 2.165e-13 0.5933 0.3866
119 8.235e+33 2.032e+14 -9.468e+04 2.15e-13 0.5933 0.3866
120 8.236e+33 2.041e+14 -7.692e+04 2.135e-13 0.5933 0.3866
121 8.236e+33 2.05e+14 -5.855e+04 2.12e-13 0.5933 0.3866
122 8.236e+33 2.059e+14 -4.01e+04 2.105e-13 0.5933 0.3866
123 8.236e+33 2.068e+14 -2.203e+04 2.088e-13 0.5933 0.3866
124 8.236e+33 2.077e+14 -4610 2.068e-13 0.5933 0.3866
125 8.236e+33 2.086e+14 1.289e+04 2.047e-13 0.5933 0.3866
126 8.236e+33 2.096e+14 3.092e+04 2.04e-13 0.5933 0.3866
127 8.236e+33 2.105e+14 4.919e+04 2.037e-13 0.5933 0.3866
128 8.236e+33 2.114e+14 6.748e+04 2.032e-13 0.5933 0.3866
129 8.236e+33 2.124e+14 8.541e+04 2.019e-13 0.5933 0.3866
130 8.237e+33 2.133e+14 1.034e+05 2.006e-13 0.5933 0.3866
131 8.237e+33 2.143e+14 1.217e+05 1.991e-13 0.5933 0.3866
132 8.237e+33 2.152e+14 1.401e+05 1.974e-13 0.5933 0.3866
133 8.237e+33 2.162e+14 1.585e+05 1.956e-13 0.5933 0.3866
134 8.237e+33 2.171e+14 1.762e+05 1.935e-13 0.5933 0.3866
135 8.237e+33 2.181e+14 1.94e+05 1.914e-13 0.5933 0.3866
136 8.237e+33 2.19e+14 2.122e+05 1.901e-13 0.5933 0.3866
137 8.237e+33 2.2e+14 2.308e+05 1.892e-13 0.5933 0.3866
138 8.237e+33 2.21e+14 2.493e+05 1.882e-13 0.5933 0.3866
139 8.238e+33 2.22e+14 2.669e+05 1.869e-13 0.5933 0.3866
140 8.238e+33 2.229e+14 2.846e+05 1.856e-13 0.5933 0.3866
141 8.238e+33 2.239e+14 3.034e+05 1.85e-13 0.5933 0.3866
142 8.238e+33 2.249e+14 3.225e+05 1.845e-13 0.5933 0.3866
143 8.238e+33 2.259e+14 3.412e+05 1.835e-13 0.5933 0.3866
144 8.238e+33 2.269e+14 3.593e+05 1.817e-13 0.5933 0.3866
145 8.238e+33 2.279e+14 3.777e+05 1.801e-13 0.5933 0.3866
146 8.238e+33 2.289e+14 3.969e+05 1.792e-13 0.5933 0.3866
147 8.238e+33 2.299e+14 4.163e+05 1.783e-13 0.5933 0.3866
148 8.239e+33 2.31e+14 4.346e+05 1.764e-13 0.5933 0.3866
149 8.239e+33 2.32e+14 4.527e+05 1.744e-13 0.5933 0.3866
150 8.239e+33 2.33e+14 4.718e+05 1.729e-13 0.5933 0.3866
151 8.239e+33 2.34e+14 4.914e+05 1.717e-13 0.5933 0.3866
152 8.239e+33 2.351e+14 5.105e+05 1.698e-13 0.5933 0.3866
153 8.239e+33 2.361e+14 5.286e+05 1.669e-13 0.5933 0.3866
154 8.239e+33 2.372e+14 5.469e+05 1.645e-13 0.5933 0.3866
155 8.239e+33 2.382e+14 5.655e+05 1.641e-13 0.5933 0.3866
156 8.24e+33 2.393e+14 5.842e+05 1.638e-13 0.5933 0.3866
157 8.24e+33 2.403e+14 6.026e+05 1.625e-13 0.5933 0.3866
158 8.24e+33 2.414e+14 6.21e+05 1.611e-13 0.5933 0.3866
159 8.24e+33 2.425e+14 6.394e+05 1.602e-13 0.5933 0.3866
160 8.24e+33 2.435e+14 6.578e+05 1.594e-13 0.5933 0.3866
161 8.24e+33 2.446e+14 6.764e+05 1.585e-13 0.5933 0.3866
162 8.24e+33 2.457e+14 6.951e+05 1.576e-13 0.5933 0.3866
163 8.24e+33 2.468e+14 7.139e+05 1.562e-13 0.5933 0.3866
164 8.241e+33 2.479e+14 7.329e+05 1.544e-13 0.5933 0.3866
165 8.241e+33 2.49e+14 7.518e+05 1.528e-13 0.5933 0.3866
166 8.241e+33 2.501e+14 7.705e+05 1.512e-13 0.5933 0.3866
167 8.241e+33 2.512e+14 7.893e+05 1.502e-13 0.5933 0.3866
168 8.241e+33 2.523e+14 8.084e+05 1.498e-13 0.5933 0.3866
169 8.241e+33 2.534e+14 8.28e+05 1.486e-13 0.5933 0.3866
170 8.241e+33 2.545e+14 8.482e+05 1.465e-13 0.5933 0.3866
171 8.242e+33 2.557e+14 8.678e+05 1.45e-13 0.5933 0.3866
172 8.242e+33 2.568e+14 8.868e+05 1.443e-13 0.5933 0.3866
173 8.242e+33 2.579e+14 9.059e+05 1.436e-13 0.5933 0.3866
174 8.242e+33 2.591e+14 9.252e+05 1.427e-13 0.5933 0.3866
175 8.242e+33 2.602e+14 9.451e+05 1.417e-13 0.5933 0.3866
176 8.242e+33 2.614e+14 9.654e+05 1.404e-13 0.5933 0.3866
177 8.242e+33 2.625e+14 9.857e+05 1.386e-13 0.5933 0.3866
178 8.242e+33 2.637e+14 1.006e+06 1.364e-13 0.5933 0.3866
179 8.243e+33 2.649e+14 1.026e+06 1.35e-13 0.5933 0.3866
180 8.243e+33 2.66e+14 1.046e+06 1.343e-13 0.5933 0.3866
181 8.243e+33 2.672e+14 1.065e+06 1.33e-13 0.5933 0.3866
182 8.243e+33 2.684e+14 1.083e+06 1.316e-13 0.5933 0.3866
183 8.243e+33 2.696e+14 1.104e+06 1.306e-13 0.5933 0.3866
184 8.243e+33 2.708e+14 1.124e+06 1.298e-13 0.5933 0.3866
185 8.243e+33 2.72e+14 1.144e+06 1.292e-13 0.5933 0.3866
186 8.244e+33 2.732e+14 1.163e+06 1.285e-13 0.5933 0.3866
187 8.244e+33 2.744e+14 1.184e+06 1.28e-13 0.5933 0.3866
188 8.244e+33 2.756e+14 1.204e+06 1.275e-13 0.5933 0.3866
189 8.244e+33 2.768e+14 1.218e+06 1.271e-13 0.5933 0.3866
190 8.244e+33 2.78e+14 1.236e+06 1.262e-13 0.5933 0.3866
191 8.244e+33 2.793e+14 1.257e+06 1.249e-13 0.5933 0.3866
192 8.244e+33 2.805e+14 1.281e+06 1.241e-13 0.5933 0.3866
193 8.245e+33 2.817e+14 1.305e+06 1.236e-13 0.5933 0.3866
194 8.245e+33 2.83e+14 1.326e+06 1.224e-13 0.5933 0.3866
195 8.245e+33 2.842e+14 1.346e+06 1.213e-13 0.5933 0.3866
196 8.245e+33 2.855e+14 1.365e+06 1.202e-13 0.5933 0.3866
197 8.245e+33 2.868e+14 1.385e+06 1.192e-13 0.5933 0.3866
198 8.245e+33 2.88e+14 1.406e+06 1.184e-13 0.5933 0.3866
199 8.246e+33 2.893e+14 1.426e+06 1.18e-13 0.5933 0.3866
200 8.246e+33 2.906e+14 1.446e+06 1.177e-13 0.5933 0.3866
201 8.246e+33 2.919e+14 1.467e+06 1.169e-13 0.5933 0.3866
202 8.246e+33 2.932e+14 1.488e+06 1.16e-13 0.5933 0.3866
203 8.246e+33 2.945e+14 1.508e+06 1.15e-13 0.5933 0.3866
204 8.246e+33 2.958e+14 1.529e+06 1.139e-13 0.5933 0.3866
205 8.247e+33 2.971e+14 1.55e+06 1.13e-13 0.5933 0.3866
206 8.247e+33 2.984e+14 1.57e+06 1.126e-13 0.5933 0.3866
207 8.247e+33 2.997e+14 1.591e+06 1.118e-13 0.5933 0.3866
208 8.247e+33 3.01e+14 1.613e+06 1.107e-13 0.5933 0.3866
209 8.247e+33 3.024e+14 1.633e+06 1.097e-13 0.5933 0.3866
210 8.247e+33 3.037e+14 1.653e+06 1.089e-13 0.5933 0.3866
211 8.248e+33 3.051e+14 1.675e+06 1.085e-13 0.5933 0.3866
212 8.248e+33 3.064e+14 1.695e+06 1.074e-13 0.5933 0.3866
213 8.248e+33 3.078e+14 1.716e+06 1.064e-13 0.5933 0.3866
214 8.248e+33 3.091e+14 1.738e+06 1.06e-13 0.5933 0.3866
215 8.248e+33 3.105e+14 1.759e+06 1.055e-13 0.5933 0.3866
216 8.248e+33 3.119e+14 1.78e+06 1.049e-13 0.5933 0.3866
217 8.249e+33 3.133e+14 1.801e+06 1.038e-13 0.5933 0.3866
218 8.249e+33 3.146e+14 1.823e+06 1.034e-13 0.5933 0.3866
219 8.249e+33 3.16e+14 1.844e+06 1.028e-13 0.5933 0.3866
220 8.249e+33 3.174e+14 1.866e+06 1.019e-13 0.5933 0.3866
221 8.249e+33 3.188e+14 1.887e+06 1.013e-13 0.5933 0.3866
222 8.249e+33 3.203e+14 1.909e+06 1.008e-13 0.5933 0.3866
223 8.25e+33 3.217e+14 1.931e+06 1.004e-13 0.5933 0.3866
224 8.25e+33 3.231e+14 1.953e+06 1e-13 0.5933 0.3866
225 8.25e+33 3.245e+14 1.975e+06 9.967e-14 0.5933 0.3866
226 8.25e+33 3.26e+14 1.995e+06 9.93e-14 0.5933 0.3866
227 8.25e+33 3.274e+14 2.01e+06 9.886e-14 0.5933 0.3866
228 8.251e+33 3.289e+14 2.031e+06 9.945e-14 0.5933 0.3866
229 8.251e+33 3.303e+14 2.05e+06 9.948e-14 0.5933 0.3866
230 8.251e+33 3.318e+14 2.069e+06 9.884e-14 0.5933 0.3866
231 8.251e+33 3.332e+14 2.098e+06 9.833e-14 0.5933 0.3866
232 8.251e+33 3.347e+14 2.126e+06 9.726e-14 0.5933 0.3866
233 8.252e+33 3.362e+14 2.151e+06 9.662e-14 0.5933 0.3866
234 8.252e+33 3.377e+14 2.173e+06 9.633e-14 0.5933 0.3866
235 8.252e+33 3.392e+14 2.194e+06 9.608e-14 0.5933 0.3866
236 8.252e+33 3.407e+14 2.216e+06 9.556e-14 0.5933 0.3866
237 8.252e+33 3.422e+14 2.238e+06 9.521e-14 0.5933 0.3866
238 8.253e+33 3.437e+14 2.259e+06 9.469e-14 0.5933 0.3866
239 8.253e+33 3.452e+14 2.281e+06 9.417e-14 0.5933 0.3866
240 8.253e+33 3.468e+14 2.302e+06 9.385e-14 0.5933 0.3866
241 8.253e+33 3.483e+14 2.324e+06 9.302e-14 0.5933 0.3866
242 8.254e+33 3.498e+14 2.346e+06 9.26e-14 0.5933 0.3866
243 8.254e+33 3.514e+14 2.369e+06 9.201e-14 0.5933 0.3866
244 8.254e+33 3.529e+14 2.391e+06 9.158e-14 0.5933 0.3866
245 8.254e+33 3.545e+14 2.413e+06 9.099e-14 0.5933 0.3866
246 8.254e+33 3.561e+14 2.436e+06 9.015e-14 0.5933 0.3866
247 8.255e+33 3.576e+14 2.459e+06 8.973e-14 0.5933 0.3866
248 8.255e+33 3.592e+14 2.482e+06 8.947e-14 0.5933 0.3866
249 8.255e+33 3.608e+14 2.504e+06 8.816e-14 0.5933 0.3866
250 8.255e+33 3.624e+14 2.525e+06 8.74e-14 0.5933 0.3866
251 8.256e+33 3.64e+14 2.548e+06 8.644e-14 0.5933 0.3866
252 8.256e+33 3.656e+14 2.571e+06 8.551e-14 0.5933 0.3866
253 8.256e+33 3.673e+14 2.594e+06 8.47e-14 0.5933 0.3866
254 8.256e+33 3.689e+14 2.617e+06 8.41e-14 0.5933 0.3866
255 8.256e+33 3.705e+14 2.64e+06 8.376e-14 0.5933 0.3866
256 8.257e+33 3.722e+14 2.663e+06 8.323e-14 0.5933 0.3866
257 8.257e+33 3.738e+14 2.686e+06 8.225e-14 0.5933 0.3866
258 8.257e+33 3.755e+14 2.709e+06 8.074e-14 0.5933 0.3866
259 8.257e+33 3.771e+14 2.731e+06 7.989e-14 0.5933 0.3866
260 8.258e+33 3.788e+14 2.756e+06 7.855e-14 0.5933 0.3866
261 8.258e+33 3.805e+14 2.774e+06 7.729e-14 0.5933 0.3866
262 8.258e+33 3.821e+14 2.798e+06 7.624e-14 0.5933 0.3866
263 8.258e+33 3.838e+14 2.822e+06 7.548e-14 0.5933 0.3866
264 8.259e+33 3.855e+14 2.85e+06 7.418e-14 0.5933 0.3866
265 8.259e+33 3.872e+14 2.871e+06 7.311e-14 0.5933 0.3866
266 8.259e+33 3.89e+14 2.892e+06 7.28e-14 0.5933 0.3866
267 8.259e+33 3.907e+14 2.921e+06 7.269e-14 0.5933 0.3866
268 8.26e+33 3.924e+14 2.937e+06 7.268e-14 0.5933 0.3866
269 8.26e+33 3.941e+14 2.964e+06 7.142e-14 0.5933 0.3866
270 8.26e+33 3.959e+14 2.985e+06 6.98e-14 0.5933 0.3866
271 8.26e+33 3.976e+14 3.01e+06 6.93e-14 0.5933 0.3866
272 8.26e+33 3.994e+14 3.04e+06 6.768e-14 0.5933 0.3866
273 8.261e+33 4.012e+14 3.054e+06 6.727e-14 0.5933 0.3866
274 8.261e+33 4.029e+14 3.079e+06 6.553e-14 0.5933 0.3866
275 8.261e+33 4.047e+14 3.114e+06 6.631e-14 0.5933 0.3866
276 8.261e+33 4.065e+14 3.13e+06 6.574e-14 0.5933 0.3866
277 8.262e+33 4.083e+14 3.162e+06 6.648e-14 0.5933 0.3866
278 8.262e+33 4.101e+14 3.182e+06 6.493e-14 0.5933 0.3866
279 8.262e+33 4.119e+14 3.208e+06 6.46e-14 0.5933 0.3866
280 8.262e+33 4.138e+14 3.227e+06 6.293e-14 0.5933 0.3866
281 8.263e+33 4.156e+14 3.259e+06 6.266e-14 0.5933 0.3866
282 8.263e+33 4.174e+14 3.281e+06 6.256e-14 0.5933 0.3866
283 8.263e+33 4.193e+14 3.306e+06 6.191e-14 0.5933 0.3866
284 8.263e+33 4.211e+14 3.327e+06 6.104e-14 0.5933 0.3866
285 8.264e+33 4.23e+14 3.355e+06 6.033e-14 0.5933 0.3866
286 8.264e+33 4.249e+14 3.389e+06 5.969e-14 0.5933 0.3866
287 8.264e+33 4.268e+14 3.405e+06 5.869e-14 0.5933 0.3866
288 8.264e+33 4.287e+14 3.43e+06 5.822e-14 0.5933 0.3866
289 8.265e+33 4.306e+14 3.453e+06 5.824e-14 0.5933 0.3866
290 8.265e+33 4.325e+14 3.481e+06 5.791e-14 0.5933 0.3866
291 8.265e+33 4.344e+14 3.51e+06 5.796e-14 0.5933 0.3866
292 8.265e+33 4.363e+14 3.536e+06 5.793e-14 0.5933 0.3866
293 8.266e+33 4.382e+14 3.569e+06 5.734e-14 0.5933 0.3866
294 8.266e+33 4.402e+14 3.576e+06 5.519e-14 0.5933 0.3866
295 8.266e+33 4.421e+14 3.611e+06 5.445e-14 0.5933 0.3866
296 8.267e+33 4.441e+14 3.647e+06 5.48e-14 0.5933 0.3866
297 8.267e+33 4.46e+14 3.653e+06 5.257e-14 0.5933 0.3866
298 8.267e+33 4.48e+14 3.692e+06 5.264e-14 0.5933 0.3866
299 8.267e+33 4.5e+14 3.711e+06 5.255e-14 0.5933 0.3866
300 8.268e+33 4.52e+14 3.746e+06 5.248e-14 0.5933 0.3866
301 8.268e+33 4.54e+14 3.761e+06 5.174e-14 0.5933 0.3866
302 8.268e+33 4.56e+14 3.793e+06 5.191e-14 0.5933 0.3866
303 8.268e+33 4.58e+14 3.819e+06 5.19e-14 0.5933 0.3866
304 8.269e+33 4.6e+14 3.844e+06 5.187e-14 0.5933 0.3866
305 8.269e+33 4.621e+14 3.869e+06 5.137e-14 0.5933 0.3866
306 8.269e+33 4.641e+14 3.894e+06 5.089e-14 0.5933 0.3866
307 8.27e+33 4.662e+14 3.921e+06 5.062e-14 0.5933 0.3866
308 8.27e+33 4.682e+14 3.948e+06 5.034e-14 0.5933 0.3866
309 8.27e+33 4.703e+14 3.974e+06 5.006e-14 0.5933 0.3866
310 8.27e+33 4.724e+14 4.001e+06 4.977e-14 0.5933 0.3866
311 8.271e+33 4.745e+14 4.028e+06 4.946e-14 0.5933 0.3866
312 8.271e+33 4.766e+14 4.056e+06 4.907e-14 0.5933 0.3866
313 8.271e+33 4.787e+14 4.083e+06 4.86e-14 0.5933 0.3866
314 8.272e+33 4.808e+14 4.11e+06 4.807e-14 0.5933 0.3866
315 8.272e+33 4.83e+14 4.137e+06 4.754e-14 0.5933 0.3866
316 8.272e+33 4.851e+14 4.165e+06 4.702e-14 0.5933 0.3866
317 8.272e+33 4.872e+14 4.193e+06 4.652e-14 0.5933 0.3866
318 8.273e+33 4.894e+14 4.221e+06 4.595e-14 0.5933 0.3866
319 8.273e+33 4.916e+14 4.249e+06 4.525e-14 0.5933 0.3866
320 8.273e+33 4.937e+14 4.278e+06 4.436e-14 0.5933 0.3866
321 8.274e+33 4.959e+14 4.306e+06 4.336e-14 0.5933 0.3866
322 8.274e+33 4.981e+14 4.335e+06 4.237e-14 0.5933 0.3866
323 8.274e+33 5.003e+14 4.363e+06 4.151e-14 0.5933 0.3866
324 8.274e+33 5.025e+14 4.39e+06 4.085e-14 0.5933 0.3866
325 8.275e+33 5.048e+14 4.417e+06 4.029e-14 0.5933 0.3866
326 8.275e+33 5.07e+14 4.445e+06 3.963e-14 0.5933 0.3866
327 8.275e+33 5.092e+14 4.473e+06 3.883e-14 0.5933 0.3866
328 8.276e+33 5.115e+14 4.502e+06 3.803e-14 0.5933 0.3866
329 8.276e+33 5.138e+14 4.53e+06 3.737e-14 0.5933 0.3866
330 8.276e+33 5.16e+14 4.559e+06 3.683e-14 0.5933 0.3866
331 8.276e+33 5.183e+14 4.587e+06 3.625e-14 0.5933 0.3866
332 8.277e+33 5.206e+14 4.616e+06 3.558e-14 0.5933 0.3866
333 8.277e+33 5.229e+14 4.644e+06 3.486e-14 0.5933 0.3866
334 8.277e+33 5.252e+14 4.672e+06 3.415e-14 0.5933 0.3866
335 8.278e+33 5.276e+14 4.7e+06 3.35e-14 0.5933 0.3866
336 8.278e+33 5.299e+14 4.728e+06 3.291e-14 0.5933 0.3866
337 8.278e+33 5.322e+14 4.757e+06 3.237e-14 0.5933 0.3866
338 8.278e+33 5.346e+14 4.786e+06 3.189e-14 0.5933 0.3866
339 8.279e+33 5.37e+14 4.815e+06 3.143e-14 0.5933 0.3866
340 8.279e+33 5.393e+14 4.845e+06 3.1e-14 0.5933 0.3866
341 8.279e+33 5.417e+14 4.874e+06 3.06e-14 0.5933 0.3866
342 8.279e+33 5.441e+14 4.904e+06 3.022e-14 0.5933 0.3866
343 8.28e+33 5.465e+14 4.933e+06 2.989e-14 0.5933 0.3866
344 8.28e+33 5.49e+14 4.963e+06 2.964e-14 0.5933 0.3866
345 8.28e+33 5.514e+14 4.992e+06 2.946e-14 0.5933 0.3866
346 8.281e+33 5.538e+14 5.021e+06 2.931e-14 0.5933 0.3866
347 8.281e+33 5.563e+14 5.051e+06 2.913e-14 0.5933 0.3866
348 8.281e+33 5.587e+14 5.081e+06 2.893e-14 0.5933 0.3866
349 8.281e+33 5.612e+14 5.112e+06 2.876e-14 0.5933 0.3866
350 8.282e+33 5.637e+14 5.143e+06 2.865e-14 0.5933 0.3866
351 8.282e+33 5.662e+14 5.175e+06 2.861e-14 0.5933 0.3866
352 8.282e+33 5.687e+14 5.207e+06 2.86e-14 0.5933 0.3866
353 8.283e+33 5.712e+14 5.239e+06 2.854e-14 0.5933 0.3866
354 8.283e+33 5.737e+14 5.271e+06 2.838e-14 0.5933 0.3866
355 8.283e+33 5.763e+14 5.302e+06 2.812e-14 0.5933 0.3866
356 8.283e+33 5.788e+14 5.334e+06 2.78e-14 0.5933 0.3866
357 8.284e+33 5.814e+14 5.365e+06 2.747e-14 0.5933 0.3866
358 8.284e+33 5.84e+14 5.396e+06 2.714e-14 0.5933 0.3866
359 8.284e+33 5.866e+14 5.427e+06 2.684e-14 0.5933 0.3866
360 8.285e+33 5.892e+14 5.459e+06 2.653e-14 0.5933 0.3866
361 8.285e+33 5.918e+14 5.49e+06 2.62e-14 0.5933 0.3866
362 8.285e+33 5.944e+14 5.522e+06 2.586e-14 0.5933 0.3866
363 8.286e+33 5.97e+14 5.554e+06 2.552e-14 0.5933 0.3866
364 8.286e+33 5.997e+14 5.586e+06 2.519e-14 0.5933 0.3866
365 8.286e+33 6.023e+14 5.618e+06 2.487e-14 0.5933 0.3866
366 8.286e+33 6.05e+14 5.65e+06 2.453e-14 0.5933 0.3866
367 8.287e+33 6.077e+14 5.683e+06 2.413e-14 0.5933 0.3866
368 8.287e+33 6.103e+14 5.716e+06 2.367e-14 0.5933 0.3866
369 8.287e+33 6.13e+14 5.75e+06 2.315e-14 0.5933 0.3866
370 8.288e+33 6.158e+14 5.783e+06 2.268e-14 0.5933 0.3866
371 8.288e+33 6.185e+14 5.815e+06 2.243e-14 0.5933 0.3866
372 8.288e+33 6.212e+14 5.845e+06 2.25e-14 0.5933 0.3866
373 8.288e+33 6.24e+14 5.876e+06 2.264e-14 0.5933 0.3866
374 8.289e+33 6.267e+14 5.909e+06 2.239e-14 0.5933 0.3866
375 8.289e+33 6.295e+14 5.944e+06 2.201e-14 0.5933 0.3866
376 8.289e+33 6.323e+14 5.98e+06 2.195e-14 0.5933 0.3866
377 8.29e+33 6.351e+14 6.016e+06 2.191e-14 0.5933 0.3866
378 8.29e+33 6.379e+14 6.049e+06 2.158e-14 0.5933 0.3866
379 8.29e+33 6.407e+14 6.08e+06 2.107e-14 0.5933 0.3866
380 8.291e+33 6.436e+14 6.112e+06 2.061e-14 0.5933 0.3866
381 8.291e+33 6.464e+14 6.146e+06 2.023e-14 0.5933 0.3866
382 8.291e+33 6.493e+14 6.18e+06 1.994e-14 0.5933 0.3866
383 8.292e+33 6.522e+14 6.215e+06 1.972e-14 0.5933 0.3866
384 8.292e+33 6.55e+14 6.249e+06 1.945e-14 0.5933 0.3866
385 8.292e+33 6.579e+14 6.283e+06 1.915e-14 0.5933 0.3866
386 8.292e+33 6.609e+14 6.316e+06 1.891e-14 0.5933 0.3866
387 8.293e+33 6.638e+14 6.35e+06 1.868e-14 0.5933 0.3866
388 8.293e+33 6.667e+14 6.385e+06 1.845e-14 0.5933 0.3866
389 8.293e+33 6.697e+14 6.42e+06 1.823e-14 0.5933 0.3866
390 8.294e+33 6.726e+14 6.456e+06 1.792e-14 0.5933 0.3866
391 8.294e+33 6.756e+14 6.492e+06 1.757e-14 0.5933 0.3866
392 8.294e+33 6.786e+14 6.529e+06 1.713e-14 0.5933 0.3866
393 8.295e+33 6.816e+14 6.566e+06 1.656e-14 0.5933 0.3866
394 8.295e+33 6.846e+14 6.6e+06 1.617e-14 0.5933 0.3866
395 8.295e+33 6.877e+14 6.633e+06 1.596e-14 0.5933 0.3866
396 8.295e+33 6.907e+14 6.666e+06 1.575e-14 0.5933 0.3866
397 8.296e+33 6.938e+14 6.701e+06 1.531e-14 0.5933 0.3866
398 8.296e+33 6.968e+14 6.737e+06 1.496e-14 0.5933 0.3866
399 8.296e+33 6.999e+14 6.775e+06 1.486e-14 0.5933 0.3866
400 8.297e+33 7.03e+14 6.813e+06 1.471e-14 0.5933 0.3866
401 8.297e+33 7.061e+14 6.849e+06 1.449e-14 0.5933 0.3866
402 8.297e+33 7.093e+14 6.885e+06 1.419e-14 0.5933 0.3866
403 8.297e+33 7.124e+14 6.921e+06 1.396e-14 0.5933 0.3866
404 8.298e+33 7.155e+14 6.957e+06 1.376e-14 0.5933 0.3866
405 8.298e+33 7.187e+14 6.994e+06 1.356e-14 0.5933 0.3866
406 8.298e+33 7.219e+14 7.03e+06 1.35e-14 0.5933 0.3866
407 8.298e+33 7.251e+14 7.063e+06 1.372e-14 0.5933 0.3866
408 8.299e+33 7.283e+14 7.094e+06 1.432e-14 0.5933 0.3866
409 8.299e+33 7.315e+14 7.131e+06 1.453e-14 0.5933 0.3866
410 8.299e+33 7.348e+14 7.179e+06 1.45e-14 0.5933 0.3866
411 8.3e+33 7.38e+14 7.221e+06 1.436e-14 0.5933 0.3866
412 8.3e+33 7.413e+14 7.255e+06 1.358e-14 0.5933 0.3866
413 8.3e+33 7.446e+14 7.289e+06 1.318e-14 0.5933 0.3866
414 8.301e+33 7.479e+14 7.328e+06 1.301e-14 0.5933 0.3866
415 8.301e+33 7.512e+14 7.367e+06 1.289e-14 0.5933 0.3866
416 8.301e+33 7.545e+14 7.407e+06 1.27e-14 0.5933 0.3866
417 8.302e+33 7.578e+14 7.449e+06 1.24e-14 0.5933 0.3866
418 8.302e+33 7.612e+14 7.491e+06 1.209e-14 0.5933 0.3866
419 8.302e+33 7.646e+14 7.533e+06 1.181e-14 0.5933 0.3866
420 8.302e+33 7.679e+14 7.572e+06 1.154e-14 0.5933 0.3866
421 8.303e+33 7.713e+14 7.608e+06 1.14e-14 0.5933 0.3866
422 8.303e+33 7.748e+14 7.642e+06 1.137e-14 0.5933 0.3866
423 8.303e+33 7.782e+14 7.678e+06 1.124e-14 0.5933 0.3866
424 8.304e+33 7.816e+14 7.715e+06 1.095e-14 0.5933 0.3866
425 8.304e+33 7.851e+14 7.757e+06 1.08e-14 0.5933 0.3866
426 8.304e+33 7.886e+14 7.803e+06 1.065e-14 0.5933 0.3866
427 8.304e+33 7.921e+14 7.848e+06 1.033e-14 0.5933 0.3866
428 8.305e+33 7.956e+14 7.889e+06 1.005e-14 0.5933 0.3866
429 8.305e+33 7.991e+14 7.927e+06 9.756e-15 0.5933 0.3866
430 8.305e+33 8.026e+14 7.963e+06 9.341e-15 0.5933 0.3866
431 8.306e+33 8.062e+14 7.998e+06 8.99e-15 0.5933 0.3866
432 8.306e+33 8.098e+14 8.034e+06 8.863e-15 0.5933 0.3866
433 8.306e+33 8.133e+14 8.071e+06 8.936e-15 0.5933 0.3866
434 8.306e+33 8.169e+14 8.112e+06 8.985e-15 0.5933 0.3866
435 8.307e+33 8.206e+14 8.157e+06 8.75e-15 0.5933 0.3866
436 8.307e+33 8.242e+14 8.204e+06 8.462e-15 0.5933 0.3866
437 8.307e+33 8.278e+14 8.251e+06 8.398e-15 0.5933 0.3866
438 8.307e+33 8.315e+14 8.297e+06 8.389e-15 0.5933 0.3866
439 8.308e+33 8.352e+14 8.337e+06 8.043e-15 0.5933 0.3866
440 8.308e+33 8.389e+14 8.374e+06 7.649e-15 0.5933 0.3866
441 8.308e+33 8.426e+14 8.41e+06 7.399e-15 0.5933 0.3866
442 8.308e+33 8.463e+14 8.449e+06 7.367e-15 0.5933 0.3866
443 8.309e+33 8.501e+14 8.49e+06 7.391e-15 0.5933 0.3866
444 8.309e+33 8.538e+14 8.534e+06 7.241e-15 0.5933 0.3866
445 8.309e+33 8.576e+14 8.578e+06 6.955e-15 0.5933 0.3866
446 8.309e+33 8.614e+14 8.624e+06 6.869e-15 0.5933 0.3866
447 8.31e+33 8.652e+14 8.67e+06 7.058e-15 0.5933 0.3866
448 8.31e+33 8.691e+14 8.715e+06 7.021e-15 0.5933 0.3866
449 8.31e+33 8.729e+14 8.756e+06 6.595e-15 0.5933 0.3866
450 8.31e+33 8.768e+14 8.797e+06 6.222e-15 0.5933 0.3866
451 8.311e+33 8.806e+14 8.841e+06 6.183e-15 0.5933 0.3866
452 8.311e+33 8.845e+14 8.886e+06 6.319e-15 0.5933 0.3866
453 8.311e+33 8.885e+14 8.927e+06 6.186e-15 0.5933 0.3866
454 8.311e+33 8.924e+14 8.967e+06 5.796e-15 0.5933 0.3866
455 8.311e+33 8.963e+14 9.013e+06 5.484e-15 0.5933 0.3866
456 8.312e+33 9.003e+14 9.062e+06 5.386e-15 0.5933 0.3866
457 8.312e+33 9.043e+14 9.112e+06 5.356e-15 0.5933 0.3866
458 8.312e+33 9.083e+14 9.156e+06 5.191e-15 0.5933 0.3866
459 8.312e+33 9.123e+14 9.194e+06 5.026e-15 0.5933 0.3866
460 8.313e+33 9.164e+14 9.232e+06 4.941e-15 0.5933 0.3866
461 8.313e+33 9.204e+14 9.271e+06 4.942e-15 0.5933 0.3866
462 8.313e+33 9.245e+14 9.316e+06 4.882e-15 0.5933 0.3866
463 8.313e+33 9.286e+14 9.365e+06 4.693e-15 0.5933 0.3866
464 8.313e+33 9.327e+14 9.42e+06 4.5e-15 0.5933 0.3866
465 8.314e+33 9.368e+14 9.477e+06 4.391e-15 0.5933 0.3866
466 8.314e+33 9.41e+14 9.53e+06 4.318e-15 0.5933 0.3866
467 8.314e+33 9.451e+14 9.574e+06 4.169e-15 0.5933 0.3866
468 8.314e+33 9.493e+14 9.611e+06 3.931e-15 0.5933 0.3866
469 8.314e+33 9.535e+14 9.644e+06 3.836e-15 0.5933 0.3866
470 8.315e+33 9.577e+14 9.68e+06 3.817e-15 0.5933 0.3866
471 8.315e+33 9.62e+14 9.723e+06 3.779e-15 0.5933 0.3866
472 8.315e+33 9.662e+14 9.771e+06 3.648e-15 0.5933 0.3866
473 8.315e+33 9.705e+14 9.827e+06 3.501e-15 0.5933 0.3866
474 8.315e+33 9.748e+14 9.888e+06 3.428e-15 0.5933 0.3866
475 8.315e+33 9.791e+14 9.947e+06 3.396e-15 0.5933 0.3866
476 8.316e+33 9.835e+14 9.996e+06 3.308e-15 0.5933 0.3866
477 8.316e+33 9.878e+14 1.004e+07 3.122e-15 0.5933 0.3866
478 8.316e+33 9.922e+14 1.008e+07 2.936e-15 0.5933 0.3866
479 8.316e+33 9.966e+14 1.012e+07 2.839e-15 0.5933 0.3866
480 8.316e+33 1.001e+15 1.016e+07 2.77e-15 0.5933 0.3866
481 8.316e+33 1.005e+15 1.021e+07 2.697e-15 0.5933 0.3866
482 8.317e+33 1.01e+15 1.025e+07 2.618e-15 0.5933 0.3866
483 8.317e+33 1.014e+15 1.031e+07 2.515e-15 0.5933 0.3866
484 8.317e+33 1.019e+15 1.036e+07 2.426e-15 0.5933 0.3866
485 8.317e+33 1.023e+15 1.041e+07 2.348e-15 0.5933 0.3866
486 8.317e+33 1.028e+15 1.046e+07 2.287e-15 0.5933 0.3866
487 8.317e+33 1.032e+15 1.051e+07 2.194e-15 0.5933 0.3866
488 8.317e+33 1.037e+15 1.055e+07 2.062e-15 0.5933 0.3866
489 8.317e+33 1.042e+15 1.06e+07 1.974e-15 0.5933 0.3866
490 8.318e+33 1.046e+15 1.065e+07 1.902e-15 0.5933 0.3866
491 8.318e+33 1.051e+15 1.07e+07 1.803e-15 0.5933 0.3866
492 8.318e+33 1.055e+15 1.074e+07 1.706e-15 0.5933 0.3866
493 8.318e+33 1.06e+15 1.079e+07 1.664e-15 0.5933 0.3866
494 8.318e+33 1.065e+15 1.084e+07 1.624e-15 0.5933 0.3866
495 8.318e+33 1.07e+15 1.089e+07 1.555e-15 0.5933 0.3866
496 8.318e+33 1.074e+15 1.094e+07 1.489e-15 0.5933 0.3866
497 8.318e+33 1.079e+15 1.098e+07 1.441e-15 0.5933 0.3866
498 8.318e+33 1.084e+15 1.103e+07 1.396e-15 0.5933 0.3866
499 8.319e+33 1.089e+15 1.108e+07 1.337e-15 0.5933 0.3866
500 8.319e+33 1.093e+15 1.114e+07 1.273e-15 0.5933 0.3866
501 8.319e+33 1.098e+15 1.119e+07 1.21e-15 0.5933 0.3866
502 8.319e+33 1.103e+15 1.124e+07 1.145e-15 0.5933 0.3866
503 8.319e+33 1.108e+15 1.128e+07 1.083e-15 0.5933 0.3866
504 8.319e+33 1.113e+15 1.133e+07 1.042e-15 0.5933 0.3866
505 8.319e+33 1.118e+15 1.138e+07 1.014e-15 0.5933 0.3866
506 8.319e+33 1.123e+15 1.143e+07 9.876e-16 0.5933 0.3866
507 8.319e+33 1.128e+15 1.147e+07 9.243e-16 0.5933 0.3866
508 8.319e+33 1.133e+15 1.152e+07 8.557e-16 0.5933 0.3866
509 8.319e+33 1.138e+15 1.156e+07 7.919e-16 0.5933 0.3866
510 8.319e+33 1.143e+15 1.16e+07 7.454e-16 0.5933 0.3866
511 8.319e+33 1.148e+15 1.165e+07 7.353e-16 0.5933 0.3866
512 8.319e+33 1.153e+15 1.17e+07 7.252e-16 0.5933 0.3866
513 8.319e+33 1.158e+15 1.175e+07 7.153e-16 0.5933 0.3866
514 8.32e+33 1.163e+15 1.18e+07 6.743e-16 0.5933 0.3866
515 8.32e+33 1.168e+15 1.184e+07 6.26e-16 0.5933 0.3866
516 8.32e+33 1.174e+15 1.188e+07 5.81e-16 0.5933 0.3866
517 8.32e+33 1.179e+15 1.192e+07 5.39e-16 0.5933 0.3866
518 8.32e+33 1.184e+15 1.196e+07 5.002e-16 0.5933 0.3866
519 8.32e+33 1.189e+15 1.201e+07 4.956e-16 0.5933 0.3866
520 8.32e+33 1.194e+15 1.206e+07 4.911e-16 0.5933 0.3866
521 8.32e+33 1.2e+15 1.211e+07 4.866e-16 0.5933 0.3866
522 8.32e+33 1.205e+15 1.216e+07 4.821e-16 0.5933 0.3866
523 8.32e+33 1.21e+15 1.22e+07 4.684e-16 0.5933 0.3866
524 8.32e+33 1.216e+15 1.225e+07 4.395e-16 0.5933 0.3866
525 8.32e+33 1.221e+15 1.229e+07 4.122e-16 0.5933 0.3866
526 8.32e+33 1.227e+15 1.233e+07 3.865e-16 0.5933 0.3866
527 8.32e+33 1.232e+15 1.237e+07 3.623e-16 0.5933 0.3866
528 8.32e+33 1.237e+15 1.241e+07 3.396e-16 0.5933 0.3866
529 8.32e+33 1.243e+15 1.245e+07 3.181e-16 0.5933 0.3866
530 8.32e+33 1.248e+15 1.25e+07 3.096e-16 0.5933 0.3866
531 8.32e+33 1.254e+15 1.255e+07 3.05e-16 0.5933 0.3866
532 8.32e+33 1.259e+15 1.26e+07 3.004e-16 0.5933 0.3866
533 8.32e+33 1.265e+15 1.265e+07 2.958e-16 0.5933 0.3866
534 8.32e+33 1.271e+15 1.27e+07 2.913e-16 0.5933 0.3866
535 8.32e+33 1.276e+15 1.276e+07 2.868e-16 0.5933 0.3866
536 8.32e+33 1.282e+15 1.28e+07 2.817e-16 0.5933 0.3866
537 8.32e+33 1.288e+15 1.281e+07 2.681e-16 0.5933 0.3866
538 8.32e+33 1.293e+15 1.281e+07 2.552e-16 0.5933 0.3866
539 8.32e+33 1.299e+15 1.282e+07 2.428e-16 0.5933 0.3866
540 8.32e+33 1.305e+15 1.282e+07 2.31e-16 0.5933 0.3866
541 8.32e+33 1.311e+15 1.283e+07 2.197e-16 0.5933 0.3866
542 8.32e+33 1.316e+15 1.283e+07 2.089e-16 0.5933 0.3866
543 8.32e+33 1.322e+15 1.284e+07 1.985e-16 0.5933 0.3866
544 8.32e+33 1.328e+15 1.284e+07 1.887e-16 0.5933 0.3866
545 8.32e+33 1.334e+15 1.285e+07 1.793e-16 0.5933 0.3866
546 8.32e+33 1.34e+15 1.285e+07 1.703e-16 0.5933 0.3866
547 8.32e+33 1.346e+15 1.286e+07 1.618e-16 0.5933 0.3866
548 8.32e+33 1.352e+15 1.286e+07 1.536e-16 0.5933 0.3866
549 8.32e+33 1.358e+15 1.287e+07 1.458e-16 0.5933 0.3866
550 8.32e+33 1.364e+15 1.287e+07 1.384e-16 0.5933 0.3866
551 8.32e+33 1.37e+15 1.288e+07 1.314e-16 0.5933 0.3866
552 8.32e+33 1.376e+15 1.288e+07 1.246e-16 0.5933 0.3866
553 8.32e+33 1.382e+15 1.289e+07 1.182e-16 0.5933 0.3866
554 8.32e+33 1.388e+15 1.289e+07 1.121e-16 0.5933 0.3866
555 8.32e+33 1.394e+15 1.29e+07 1.062e-16 0.5933 0.3866
556 8.32e+33 1.4e+15 1.29e+07 1.007e-16 0.5933 0.3866
557 8.32e+33 1.407e+15 1.291e+07 9.542e-17 0.5933 0.3866
558 8.32e+33 1.413e+15 1.292e+07 9.039e-17 0.5933 0.3866
559 8.32e+33 1.419e+15 1.292e+07 8.561e-17 0.5933 0.3866
560 8.32e+33 1.425e+15 1.293e+07 8.107e-17 0.5933 0.3866
561 8.32e+33 1.432e+15 1.293e+07 7.674e-17 0.5933 0.3866
562 8.32e+33 1.438e+15 1.294e+07 7.263e-17 0.5933 0.3866
563 8.321e+33 1.444e+15 1.294e+07 6.872e-17 0.5933 0.3866
564 8.321e+33 1.451e+15 1.295e+07 6.501e-17 0.5933 0.3866
565 8.321e+33 1.457e+15 1.295e+07 6.148e-17 0.5933 0.3866
566 8.321e+33 1.464e+15 1.296e+07 5.813e-17 0.5933 0.3866
567 8.321e+33 1.47e+15 1.296e+07 5.495e-17 0.5933 0.3866
568 8.321e+33 1.477e+15 1.297e+07 5.193e-17 0.5933 0.3866
569 8.321e+33 1.483e+15 1.297e+07 4.906e-17 0.5933 0.3866
570 8.321e+33 1.49e+15 1.298e+07 4.634e-17 0.5933 0.3866
571 8.321e+33 1.496e+15 1.299e+07 4.376e-17 0.5933 0.3866
572 8.321e+33 1.503e+15 1.299e+07 4.131e-17 0.5933 0.3866
573 8.321e+33 1.51e+15 1.3e+07 3.899e-17 0.5933 0.3866
574 8.321e+33 1.516e+15 1.3e+07 3.68e-17 0.5933 0.3866
575 8.321e+33 1.523e+15 1.3e+07 3.571e-17 0.5933 0.3866
576 8.321e+33 1.53e+15 1.299e+07 3.513e-17 0.5933 0.3866
577 8.321e+33 1.536e+15 1.298e+07 3.456e-17 0.5933 0.3866
578 8.321e+33 1.543e+15 1.297e+07 3.399e-17 0.5933 0.3866
579 8.321e+33 1.55e+15 1.296e+07 3.343e-17 0.5933 0.3866
580 8.321e+33 1.557e+15 1.296e+07 3.287e-17 0.5933 0.3866
581 8.321e+33 1.564e+15 1.295e+07 3.232e-17 0.5933 0.3866
582 8.321e+33 1.571e+15 1.294e+07 3.178e-17 0.5933 0.3866
583 8.321e+33 1.578e+15 1.293e+07 3.125e-17 0.5933 0.3866
584 8.321e+33 1.585e+15 1.292e+07 3.072e-17 0.5933 0.3866
585 8.321e+33 1.592e+15 1.291e+07 3.02e-17 0.5933 0.3866
586 8.321e+33 1.599e+15 1.29e+07 2.968e-17 0.5933 0.3866
587 8.321e+33 1.606e+15 1.29e+07 2.917e-17 0.5933 0.3866
588 8.321e+33 1.613e+15 1.289e+07 2.867e-17 0.5933 0.3866
589 8.321e+33 1.62e+15 1.288e+07 2.818e-17 0.5933 0.3866
590 8.321e+33 1.627e+15 1.287e+07 2.769e-17 0.5933 0.3866
591 8.321e+33 1.634e+15 1.286e+07 2.721e-17 0.5933 0.3866
592 8.321e+33 1.642e+15 1.285e+07 2.673e-17 0.5933 0.3866
593 8.321e+33 1.649e+15 1.284e+07 2.626e-17 0.5933 0.3866
594 8.321e+33 1.656e+15 1.283e+07 2.58e-17 0.5933 0.3866
595 8.321e+33 1.664e+15 1.282e+07 2.534e-17 0.5933 0.3866
596 8.321e+33 1.671e+15 1.282e+07 2.489e-17 0.5933 0.3866
597 8.321e+33 1.678e+15 1.281e+07 2.444e-17 0.5933 0.3866
598 8.321e+33 1.686e+15 1.28e+07 2.4e-17 0.5933 0.3866
599 8.321e+33 1.693e+15 1.279e+07 2.357e-17 0.5933 0.3866
600 8.321e+33 1.701e+15 1.278e+07 2.314e-17 0.5933 0.3866
601 8.321e+33 1.708e+15 1.277e+07 2.272e-17 0.5933 0.3866
602 8.321e+33 1.716e+15 1.276e+07 2.231e-17 0.5933 0.3866
603 8.321e+33 1.723e+15 1.275e+07 2.19e-17 0.5933 0.3866
604 8.321e+33 1.731e+15 1.274e+07 2.149e-17 0.5933 0.3866
605 8.321e+33 1.739e+15 1.273e+07 2.11e-17 0.5933 0.3866
606 8.321e+33 1.746e+15 1.272e+07 2.07e-17 0.5933 0.3866
607 8.321e+33 1.754e+15 1.271e+07 2.032e-17 0.5933 0.3866
608 8.321e+33 1.762e+15 1.27e+07 1.993e-17 0.5933 0.3866
609 8.321e+33 1.77e+15 1.269e+07 1.956e-17 0.5933 0.3866
610 8.321e+33 1.778e+15 1.268e+07 1.919e-17 0.5933 0.3866
611 8.321e+33 1.785e+15 1.267e+07 1.882e-17 0.5933 0.3866
612 8.321e+33 1.793e+15 1.266e+07 1.846e-17 0.5933 0.3866
613 8.321e+33 1.801e+15 1.265e+07 1.811e-17 0.5933 0.3866
614 8.321e+33 1.809e+15 1.264e+07 1.776e-17 0.5933 0.3866
615 8.321e+33 1.817e+15 1.263e+07 1.742e-17 0.5933 0.3866
616 8.321e+33 1.825e+15 1.262e+07 1.708e-17 0.5933 0.3866
617 8.321e+33 1.833e+15 1.261e+07 1.675e-17 0.5933 0.3866
618 8.321e+33 1.841e+15 1.26e+07 1.642e-17 0.5933 0.3866
619 8.321e+33 1.85e+15 1.259e+07 1.609e-17 0.5933 0.3866
620 8.321e+33 1.858e+15 1.258e+07 1.578e-17 0.5933 0.3866
621 8.321e+33 1.866e+15 1.257e+07 1.546e-17 0.5933 0.3866
622 8.321e+33 1.874e+15 1.256e+07 1.515e-17 0.5933 0.3866
623 8.321e+33 1.883e+15 1.255e+07 1.485e-17 0.5933 0.3866
624 8.321e+33 1.891e+15 1.254e+07 1.455e-17 0.5933 0.3866
625 8.321e+33 1.899e+15 1.253e+07 1.426e-17 0.5933 0.3866
626 8.321e+33 1.908e+15 1.252e+07 1.397e-17 0.5933 0.3866
627 8.321e+33 1.916e+15 1.251e+07 1.368e-17 0.5933 0.3866
628 8.321e+33 1.925e+15 1.25e+07 1.34e-17 0.5933 0.3866
629 8.321e+33 1.933e+15 1.249e+07 1.313e-17 0.5933 0.3866
630 8.321e+33 1.942e+15 1.248e+07 1.286e-17 0.5933 0.3866
631 8.321e+33 1.95e+15 1.247e+07 1.259e-17 0.5933 0.3866
632 8.321e+33 1.959e+15 1.246e+07 1.233e-17 0.5933 0.3866
633 8.321e+33 1.968e+15 1.245e+07 1.207e-17 0.5933 0.3866
634 8.321e+33 1.976e+15 1.244e+07 1.181e-17 0.5933 0.3866
635 8.321e+33 1.985e+15 1.243e+07 1.156e-17 0.5933 0.3866
636 8.321e+33 1.994e+15 1.241e+07 1.132e-17 0.5933 0.3866
637 8.321e+33 2.003e+15 1.24e+07 1.108e-17 0.5933 0.3866
638 8.321e+33 2.012e+15 1.239e+07 1.084e-17 0.5933 0.3866
639 8.321e+33 2.02e+15 1.238e+07 1.061e-17 0.5933 0.3866
640 8.321e+33 2.029e+15 1.109e+07 5.671e-19 0.5933 0.3866
641 8.321e+33 2.038e+15 1.109e+07 5.621e-19 0.5933 0.3866
642 8.321e+33 2.047e+15 1.109e+07 5.572e-19 0.5933 0.3866
643 8.321e+33 2.057e+15 1.109e+07 5.523e-19 0.5933 0.3866
644 8.321e+33 2.066e+15 1.109e+07 5.474e-19 0.5933 0.3866
645 8.321e+33 2.075e+15 1.109e+07 5.426e-19 0.5933 0.3866
646 8.321e+33 2.084e+15 1.109e+07 5.378e-19 0.5933 0.3866
647 8.321e+33 2.093e+15 1.109e+07 5.331e-19 0.5933 0.3866
648 8.321e+33 2.102e+15 1.109e+07 5.284e-19 0.5933 0.3866
649 8.321e+33 2.112e+15 1.109e+07 5.237e-19 0.5933 0.3866
650 8.321e+33 2.121e+15 1.109e+07 5.191e-19 0.5933 0.3866
651 8.321e+33 2.13e+15 1.109e+07 5.146e-19 0.5933 0.3866
652 8.321e+33 2.14e+15 1.109e+07 5.1e-19 0.5933 0.3866
653 8.321e+33 2.149e+15 1.109e+07 5.056e-19 0.5933 0.3866
654 8.321e+33 2.159e+15 1.109e+07 5.011e-19 0.5933 0.3866
655 8.321e+33 2.168e+15 1.109e+07 4.967e-19 0.5933 0.3866
656 8.321e+33 2.178e+15 1.109e+07 4.923e-19 0.5933 0.3866
657 8.321e+33 2.188e+15 1.109e+07 4.88e-19 0.5933 0.3866
658 8.321e+33 2.197e+15 1.109e+07 4.837e-19 0.5933 0.3866
659 8.321e+33 2.207e+15 1.109e+07 4.795e-19 0.5933 0.3866
660 8.321e+33 2.217e+15 1.109e+07 4.752e-19 0.5933 0.3866
661 8.321e+33 2.227e+15 1.109e+07 4.711e-19 0.5933 0.3866
662 8.321e+33 2.237e+15 1.109e+07 4.669e-19 0.5933 0.3866
663 8.321e+33 2.246e+15 1.109e+07 4.628e-19 0.5933 0.3866
664 8.321e+33 2.256e+15 1.109e+07 4.587e-19 0.5933 0.3866
665 8.321e+33 2.266e+15 1.109e+07 4.547e-19 0.5933 0.3866
666 8.321e+33 2.276e+15 1.109e+07 4.507e-19 0.5933 0.3866
667 8.321e+33 2.286e+15 1.109e+07 4.467e-19 0.5933 0.3866
668 8.321e+33 2.297e+15 1.109e+07 4.428e-19 0.5933 0.3866
669 8.321e+33 2.307e+15 1.109e+07 4.389e-19 0.5933 0.3866
670 8.321e+33 2.317e+15 1.109e+07 4.351e-19 0.5933 0.3866
671 8.321e+33 2.327e+15 1.109e+07 4.312e-19 0.5933 0.3866
672 8.321e+33 2.338e+15 1.109e+07 4.274e-19 0.5933 0.3866
673 8.321e+33 2.348e+15 1.109e+07 4.237e-19 0.5933 0.3866
674 8.321e+33 2.358e+15 1.109e+07 4.2e-19 0.5933 0.3866
675 8.321e+33 2.369e+15 1.109e+07 4.163e-19 0.5933 0.3866
676 8.321e+33 2.379e+15 1.109e+07 4.126e-19 0.5933 0.3866
677 8.321e+33 2.39e+15 1.109e+07 4.09e-19 0.5933 0.3866
678 8.321e+33 2.4e+15 1.109e+07 4.054e-19 0.5933 0.3866
679 8.321e+33 2.411e+15 1.109e+07 4.018e-19 0.5933 0.3866
680 8.321e+33 2.422e+15 1.109e+07 3.983e-19 0.5933 0.3866
681 8.321e+33 2.432e+15 1.109e+07 3.948e-19 0.5933 0.3866
682 8.321e+33 2.443e+15 1.109e+07 3.913e-19 0.5933 0.3866
683 8.321e+33 2.454e+15 1.109e+07 3.879e-19 0.5933 0.3866
684 8.321e+33 2.465e+15 1.109e+07 3.844e-19 0.5933 0.3866
685 8.321e+33 2.476e+15 1.109e+07 3.811e-19 0.5933 0.3866
686 8.321e+33 2.487e+15 1.109e+07 3.777e-19 0.5933 0.3866
687 8.321e+33 2.498e+15 1.109e+07 3.744e-19 0.5933 0.3866
688 8.321e+33 2.509e+15 1.109e+07 3.711e-19 0.5933 0.3866
689 8.321e+33 2.52e+15 1.109e+07 3.678e-19 0.5933 0.3866
690 8.321e+33 2.531e+15 1.109e+07 3.646e-19 0.5933 0.3866
691 8.321e+33 2.542e+15 1.109e+07 3.614e-19 0.5933 0.3866
692 8.321e+33 2.553e+15 1.109e+07 3.582e-19 0.5933 0.3866
693 8.321e+33 2.565e+15 1.109e+07 3.551e-19 0.5933 0.3866
694 8.321e+33 2.576e+15 1.109e+07 3.519e-19 0.5933 0.3866
695 8.321e+33 2.588e+15 1.109e+07 3.488e-19 0.5933 0.3866
696 8.321e+33 2.599e+15 1.109e+07 3.458e-19 0.5933 0.3866
697 8.321e+33 2.61e+15 1.109e+07 3.427e-19 0.5933 0.3866
698 8.321e+33 2.622e+15 1.109e+07 3.397e-19 0.5933 0.3866
699 8.321e+33 2.634e+15 1.109e+07 3.367e-19 0.5933 0.3866
700 8.321e+33 2.645e+15 1.109e+07 3.338e-19 0.5933 0.3866
701 8.321e+33 2.657e+15 1.109e+07 3.308e-19 0.5933 0.3866
702 8.321e+33 2.669e+15 1.109e+07 3.279e-19 0.5933 0.3866
703 8.321e+33 2.681e+15 1.109e+07 3.25e-19 0.5933 0.3866
704 8.321e+33 2.692e+15 1.109e+07 3.222e-19 0.5933 0.3866
705 8.321e+33 2.704e+15 1.109e+07 3.193e-19 0.5933 0.3866
706 8.321e+33 2.716e+15 1.109e+07 3.165e-19 0.5933 0.3866
707 8.321e+33 2.728e+15 1.109e+07 3.138e-19 0.5933 0.3866
708 8.321e+33 2.74e+15 1.109e+07 3.11e-19 0.5933 0.3866
709 8.321e+33 2.753e+15 1.109e+07 3.083e-19 0.5933 0.3866
710 8.321e+33 2.765e+15 1.109e+07 3.055e-19 0.5933 0.3866
711 8.321e+33 2.777e+15 1.109e+07 3.029e-19 0.5933 0.3866
712 8.321e+33 2.789e+15 1.109e+07 3.002e-19 0.5933 0.3866
713 8.321e+33 2.802e+15 1.109e+07 2.976e-19 0.5933 0.3866
714 8.321e+33 2.814e+15 1.109e+07 2.949e-19 0.5933 0.3866
715 8.321e+33 2.827e+15 1.109e+07 2.923e-19 0.5933 0.3866
716 8.321e+33 2.839e+15 1.109e+07 2.898e-19 0.5933 0.3866
717 8.321e+33 2.852e+15 1.109e+07 2.872e-19 0.5933 0.3866
718 8.321e+33 2.864e+15 1.109e+07 2.847e-19 0.5933 0.3866
719 8.321e+33 2.877e+15 1.109e+07 2.822e-19 0.5933 0.3866
720 8.321e+33 2.89e+15 1.109e+07 2.797e-19 0.5933 0.3866
721 8.321e+33 2.902e+15 1.109e+07 2.772e-19 0.5933 0.3866
722 8.321e+33 2.915e+15 1.109e+07 2.748e-19 0.5933 0.3866
723 8.321e+33 2.928e+15 1.109e+07 2.724e-19 0.5933 0.3866
724 8.321e+33 2.941e+15 1.109e+07 2.7e-19 0.5933 0.3866
725 8.321e+33 2.954e+15 1.109e+07 2.676e-19 0.5933 0.3866
726 8.321e+33 2.967e+15 1.109e+07 2.653e-19 0.5933 0.3866
727 8.321e+33 2.98e+15 1.109e+07 2.629e-19 0.5933 0.3866
728 8.321e+33 2.994e+15 1.109e+07 2.606e-19 0.5933 0.3866
729 8.321e+33 3.007e+15 1.109e+07 2.583e-19 0.5933 0.3866
730 8.321e+33 3.02e+15 1.109e+07 2.561e-19 0.5933 0.3866
731 8.321e+33 3.034e+15 1.109e+07 2.538e-19 0.5933 0.3866
732 8.321e+33 3.047e+15 1.109e+07 2.516e-19 0.5933 0.3866
733 8.321e+33 3.06e+15 1.109e+07 2.494e-19 0.5933 0.3866
734 8.321e+33 3.074e+15 1.109e+07 2.472e-19 0.5933 0.3866
735 8.321e+33 3.088e+15 1.109e+07 2.45e-19 0.5933 0.3866
736 8.321e+33 3.101e+15 1.109e+07 2.428e-19 0.5933 0.3866
737 8.321e+33 3.115e+15 1.109e+07 2.407e-19 0.5933 0.3866
738 8.321e+33 3.129e+15 1.109e+07 2.386e-19 0.5933 0.3866
739 8.321e+33 3.143e+15 1.109e+07 2.365e-19 0.5933 0.3866
740 8.321e+33 3.157e+15 1.109e+07 2.344e-19 0.5933 0.3866
741 8.321e+33 3.171e+15 1.109e+07 2.323e-19 0.5933 0.3866
742 8.321e+33 3.185e+15 1.109e+07 2.303e-19 0.5933 0.3866
743 8.321e+33 3.199e+15 1.109e+07 2.283e-19 0.5933 0.3866
744 8.321e+33 3.213e+15 1.109e+07 2.263e-19 0.5933 0.3866
745 8.321e+33 3.227e+15 1.109e+07 2.243e-19 0.5933 0.3866
746 8.321e+33 3.241e+15 1.109e+07 2.223e-19 0.5933 0.3866
747 8.321e+33 3.256e+15 1.109e+07 2.204e-19 0.5933 0.3866
748 8.321e+33 3.27e+15 1.109e+07 2.184e-19 0.5933 0.3866
749 8.321e+33 3.285e+15 1.109e+07 2.165e-19 0.5933 0.3866
750 8.321e+33 3.299e+15 1.109e+07 2.146e-19 0.5933 0.3866
751 8.321e+33 3.314e+15 1.109e+07 2.127e-19 0.5933 0.3866
752 8.321e+33 3.328e+15 1.109e+07 2.108e-19 0.5933 0.3866
753 8.321e+33 3.343e+15 1.109e+07 2.09e-19 0.5933 0.3866
754 8.321e+33 3.358e+15 1.109e+07 2.071e-19 0.5933 0.3866
755 8.321e+33 3.373e+15 1.109e+07 2.053e-19 0.5933 0.3866
756 8.321e+33 3.388e+15 1.109e+07 2.035e-19 0.5933 0.3866
757 8.321e+33 3.403e+15 1.109e+07 2.017e-19 0.5933 0.3866
758 8.321e+33 3.418e+15 1.109e+07 1.999e-19 0.5933 0.3866
759 8.321e+33 3.433e+15 1.109e+07 1.982e-19 0.5933 0.3866
760 8.321e+33 3.448e+15 1.109e+07 1.964e-19 0.5933 0.3866
761 8.321e+33 3.463e+15 1.109e+07 1.947e-19 0.5933 0.3866
762 8.321e+33 3.479e+15 1.109e+07 1.93e-19 0.5933 0.3866
763 8.321e+33 3.494e+15 1.109e+07 1.913e-19 0.5933 0.3866
764 8.321e+33 3.51e+15 1.109e+07 1.896e-19 0.5933 0.3866
765 8.321e+33 3.525e+15 1.109e+07 1.88e-19 0.5933 0.3866
766 8.321e+33 3.541e+15 1.109e+07 1.863e-19 0.5933 0.3866
767 8.321e+33 3.556e+15 1.109e+07 1.847e-19 0.5933 0.3866
768 8.321e+33 3.572e+15 1.109e+07 1.83e-19 0.5933 0.3866
769 8.321e+33 3.588e+15 1.109e+07 1.814e-19 0.5933 0.3866
770 8.321e+33 3.604e+15 1.109e+07 1.798e-19 0.5933 0.3866
771 8.321e+33 3.62e+15 1.109e+07 1.783e-19 0.5933 0.3866
772 8.321e+33 3.636e+15 1.109e+07 1.767e-19 0.5933 0.3866
773 8.321e+33 3.652e+15 1.109e+07 1.751e-19 0.5933 0.3866
774 8.321e+33 3.668e+15 1.109e+07 1.736e-19 0.5933 0.3866
775 8.321e+33 3.684e+15 1.109e+07 1.721e-19 0.5933 0.3866
776 8.321e+33 3.701e+15 1.109e+07 1.705e-19 0.5933 0.3866
777 8.321e+33 3.717e+15 1.109e+07 1.69e-19 0.5933 0.3866
778 8.321e+33 3.733e+15 1.109e+07 1.676e-19 0.5933 0.3866
779 8.321e+33 3.75e+15 1.109e+07 1.661e-19 0.5933 0.3866
780 8.321e+33 3.767e+15 1.109e+07 1.646e-19 0.5933 0.3866
781 8.321e+33 3.783e+15 1.109e+07 1.632e-19 0.5933 0.3866
782 8.321e+33 3.8e+15 1.109e+07 1.617e-19 0.5933 0.3866
783 8.321e+33 3.817e+15 1.109e+07 1.603e-19 0.5933 0.3866
784 8.321e+33 3.834e+15 1.109e+07 1.589e-19 0.5933 0.3866
785 8.321e+33 3.851e+15 1.109e+07 1.575e-19 0.5933 0.3866
786 8.321e+33 3.868e+15 1.109e+07 1.561e-19 0.5933 0.3866
787 8.321e+33 3.885e+15 1.109e+07 1.548e-19 0.5933 0.3866
788 8.321e+33 3.902e+15 1.109e+07 1.534e-19 0.5933 0.3866
789 8.321e+33 3.919e+15 1.109e+07 1.52e-19 0.5933 0.3866
790 8.321e+33 3.937e+15 1.109e+07 1.507e-19 0.5933 0.3866
791 8.321e+33 3.954e+15 1.109e+07 1.494e-19 0.5933 0.3866
792 8.321e+33 3.972e+15 1.109e+07 1.481e-19 0.5933 0.3866
793 8.321e+33 3.989e+15 1.109e+07 1.468e-19 0.5933 0.3866
794 8.321e+33 4.007e+15 1.109e+07 1.455e-19 0.5933 0.3866
795 8.321e+33 4.025e+15 1.109e+07 1.442e-19 0.5933 0.3866
796 8.321e+33 4.042e+15 1.109e+07 1.429e-19 0.5933 0.3866
797 8.321e+33 4.06e+15 1.109e+07 1.417e-19 0.5933 0.3866
798 8.321e+33 4.078e+15 1.109e+07 1.404e-19 0.5933 0.3866
799 8.321e+33 4.096e+15 1.109e+07 1.392e-19 0.5933 0.3866
800 8.321e+33 4.114e+15 1.109e+07 1.38e-19 0.5933 0.3866
801 8.321e+33 4.133e+15 1.109e+07 1.368e-19 0.5933 0.3866
802 8.321e+33 4.151e+15 1.109e+07 1.355e-19 0.5933 0.3866
803 8.321e+33 4.169e+15 1.109e+07 1.344e-19 0.5933 0.3866
804 8.321e+33 4.188e+15 1.109e+07 1.332e-19 0.5933 0.3866
805 8.321e+33 4.206e+15 1.109e+07 1.32e-19 0.5933 0.3866
806 8.321e+33 4.225e+15 1.109e+07 1.308e-19 0.5933 0.3866
807 8.321e+33 4.244e+15 1.109e+07 1.297e-19 0.5933 0.3866
808 8.321e+33 4.262e+15 1.109e+07 1.286e-19 0.5933 0.3866
809 8.321e+33 4.281e+15 1.109e+07 1.274e-19 0.5933 0.3866
810 8.321e+33 4.3e+15 1.109e+07 1.263e-19 0.5933 0.3866
811 8.321e+33 4.319e+15 1.109e+07 1.252e-19 0.5933 0.3866
812 8.321e+33 4.338e+15 1.109e+07 1.241e-19 0.5933 0.3866
813 8.321e+33 4.358e+15 1.109e+07 1.23e-19 0.5933 0.3866
814 8.321e+33 4.377e+15 1.109e+07 1.219e-19 0.5933 0.3866
815 8.321e+33 4.396e+15 1.109e+07 1.208e-19 0.5933 0.3866
816 8.321e+33 4.416e+15 1.109e+07 1.198e-19 0.5933 0.3866
817 8.321e+33 4.435e+15 1.109e+07 1.187e-19 0.5933 0.3866
818 8.321e+33 4.455e+15 1.109e+07 1.177e-19 0.5933 0.3866
819 8.321e+33 4.475e+15 1.109e+07 1.166e-19 0.5933 0.3866
820 8.321e+33 4.494e+15 1.109e+07 1.156e-19 0.5933 0.3866
821 8.321e+33 4.514e+15 1.109e+07 1.146e-19 0.5933 0.3866
822 8.321e+33 4.534e+15 1.109e+07 1.136e-19 0.5933 0.3866
823 8.321e+33 4.554e+15 1.109e+07 1.126e-19 0.5933 0.3866
824 8.321e+33 4.575e+15 1.109e+07 1.116e-19 0.5933 0.3866
825 8.321e+33 4.595e+15 1.109e+07 1.106e-19 0.5933 0.3866
826 8.321e+33 4.615e+15 1.109e+07 1.097e-19 0.5933 0.3866
827 8.321e+33 4.636e+15 1.109e+07 1.087e-19 0.5933 0.3866
828 8.321e+33 4.656e+15 1.109e+07 1.077e-19 0.5933 0.3866
829 8.321e+33 4.677e+15 1.109e+07 1.068e-19 0.5933 0.3866
830 8.321e+33 4.697e+15 1.109e+07 1.058e-19 0.5933 0.3866
831 8.321e+33 4.718e+15 1.109e+07 1.049e-19 0.5933 0.3866
832 8.321e+33 4.739e+15 1.109e+07 1.04e-19 0.5933 0.3866
833 8.321e+33 4.76e+15 1.109e+07 1.031e-19 0.5933 0.3866
834 8.321e+33 4.781e+15 1.109e+07 1.022e-19 0.5933 0.3866
835 8.321e+33 4.802e+15 1.109e+07 1.013e-19 0.5933 0.3866
836 8.321e+33 4.824e+15 1.109e+07 1.004e-19 0.5933 0.3866
837 8.321e+33 4.845e+15 1.109e+07 9.95e-20 0.5933 0.3866
838 8.321e+33 4.866e+15 1.109e+07 9.862e-20 0.5933 0.3866
839 8.321e+33 4.888e+15 1.109e+07 9.775e-20 0.5933 0.3866
840 8.321e+33 4.91e+15 1.109e+07 9.689e-20 0.5933 0.3866
841 8.321e+33 4.931e+15 1.109e+07 9.604e-20 0.5933 0.3866
842 8.321e+33 4.953e+15 1.109e+07 9.52e-20 0.5933 0.3866
843 8.321e+33 4.975e+15 1.109e+07 9.436e-20 0.5933 0.3866
844 8.321e+33 4.997e+15 1.109e+07 9.353e-20 0.5933 0.3866
845 8.321e+33 5.019e+15 1.109e+07 9.271e-20 0.5933 0.3866
846 8.321e+33 5.041e+15 1.109e+07 9.189e-20 0.5933 0.3866
847 8.321e+33 5.064e+15 1.109e+07 9.108e-20 0.5933 0.3866
848 8.321e+33 5.086e+15 1.109e+07 9.028e-20 0.5933 0.3866
849 8.321e+33 5.109e+15 1.109e+07 8.949e-20 0.5933 0.3866
850 8.321e+33 5.131e+15 1.109e+07 8.87e-20 0.5933 0.3866
851 8.321e+33 5.154e+15 1.109e+07 8.792e-20 0.5933 0.3866
852 8.321e+33 5.177e+15 1.109e+07 8.715e-20 0.5933 0.3866
853 8.321e+33 5.2e+15 1.109e+07 8.638e-20 0.5933 0.3866
854 8.321e+33 5.223e+15 1.109e+07 8.562e-20 0.5933 0.3866
855 8.321e+33 5.246e+15 1.109e+07 8.487e-20 0.5933 0.3866
856 8.321e+33 5.269e+15 1.109e+07 8.412e-20 0.5933 0.3866
857 8.321e+33 5.292e+15 1.109e+07 8.338e-20 0.5933 0.3866
858 8.321e+33 5.316e+15 1.109e+07 8.265e-20 0.5933 0.3866
859 8.321e+33 5.339e+15 1.109e+07 8.192e-20 0.5933 0.3866
860 8.321e+33 5.363e+15 1.109e+07 8.12e-20 0.5933 0.3866
861 8.321e+33 5.387e+15 1.109e+07 8.049e-20 0.5933 0.3866
862 8.321e+33 5.411e+15 1.109e+07 7.978e-20 0.5933 0.3866
863 8.321e+33 5.435e+15 1.109e+07 7.908e-20 0.5933 0.3866
864 8.321e+33 5.459e+15 1.109e+07 7.838e-20 0.5933 0.3866
865 8.321e+33 5.483e+15 1.109e+07 7.769e-20 0.5933 0.3866
866 8.321e+33 5.507e+15 1.109e+07 7.701e-20 0.5933 0.3866
867 8.321e+33 5.532e+15 1.109e+07 7.633e-20 0.5933 0.3866
868 8.321e+33 5.556e+15 1.109e+07 7.566e-20 0.5933 0.3866
869 8.321e+33 5.581e+15 1.109e+07 7.5e-20 0.5933 0.3866
870 8.321e+33 5.605e+15 1.109e+07 7.434e-20 0.5933 0.3866
871 8.321e+33 5.63e+15 1.109e+07 7.368e-20 0.5933 0.3866
872 8.321e+33 5.655e+15 1.109e+07 7.303e-20 0.5933 0.3866
873 8.321e+33 5.68e+15 1.109e+07 7.239e-20 0.5933 0.3866
874 8.321e+33 5.705e+15 1.109e+07 7.175e-20 0.5933 0.3866
875 8.321e+33 5.73e+15 1.109e+07 7.112e-20 0.5933 0.3866
876 8.321e+33 5.756e+15 1.109e+07 7.05e-20 0.5933 0.3866
877 8.321e+33 5.781e+15 1.109e+07 6.988e-20 0.5933 0.3866
878 8.321e+33 5.807e+15 1.109e+07 6.926e-20 0.5933 0.3866
879 8.321e+33 5.833e+15 1.109e+07 6.865e-20 0.5933 0.3866
880 8.321e+33 5.858e+15 1.109e+07 6.805e-20 0.5933 0.3866
881 8.321e+33 5.884e+15 1.109e+07 6.745e-20 0.5933 0.3866
882 8.321e+33 5.91e+15 1.109e+07 6.686e-20 0.5933 0.3866
883 8.321e+33 5.937e+15 1.109e+07 6.627e-20 0.5933 0.3866
884 8.321e+33 5.963e+15 1.109e+07 6.569e-20 0.5933 0.3866
885 8.321e+33 5.989e+15 1.109e+07 6.511e-20 0.5933 0.3866
886 8.321e+33 6.016e+15 1.109e+07 6.454e-20 0.5933 0.3866
887 8.321e+33 6.042e+15 1.109e+07 6.397e-20 0.5933 0.3866
888 8.321e+33 6.069e+15 1.109e+07 6.341e-20 0.5933 0.3866
889 8.321e+33 6.096e+15 1.109e+07 6.285e-20 0.5933 0.3866
890 8.321e+33 6.123e+15 1.109e+07 6.23e-20 0.5933 0.3866
891 8.321e+33 6.15e+15 1.109e+07 6.175e-20 0.5933 0.3866
892 8.321e+33 6.177e+15 1.109e+07 6.121e-20 0.5933 0.3866
893 8.321e+33 6.205e+15 1.109e+07 6.067e-20 0.5933 0.3866
894 8.321e+33 6.232e+15 1.109e+07 6.013e-20 0.5933 0.3866
895 8.321e+33 6.26e+15 1.109e+07 5.96e-20 0.5933 0.3866
896 8.321e+33 6.287e+15 1.109e+07 5.908e-20 0.5933 0.3866
897 8.321e+33 6.315e+15 1.109e+07 5.856e-20 0.5933 0.3866
898 8.321e+33 6.343e+15 1.109e+07 5.805e-20 0.5933 0.3866
899 8.321e+33 6.371e+15 1.109e+07 5.753e-20 0.5933 0.3866
900 8.321e+33 6.4e+15 1.109e+07 5.703e-20 0.5933 0.3866
901 8.321e+33 6.428e+15 1.109e+07 5.653e-20 0.5933 0.3866
902 8.321e+33 6.456e+15 1.109e+07 5.603e-20 0.5933 0.3866
903 8.321e+33 6.485e+15 1.109e+07 5.554e-20 0.5933 0.3866
904 8.321e+33 6.514e+15 1.109e+07 5.505e-20 0.5933 0.3866
905 8.321e+33 6.542e+15 1.109e+07 5.456e-20 0.5933 0.3866
906 8.321e+33 6.571e+15 1.109e+07 5.408e-20 0.5933 0.3866
907 8.321e+33 6.601e+15 1.109e+07 5.361e-20 0.5933 0.3866
908 8.321e+33 6.63e+15 1.109e+07 5.314e-20 0.5933 0.3866
909 8.321e+33 6.659e+15 1.109e+07 5.267e-20 0.5933 0.3866
910 8.321e+33 6.689e+15 1.109e+07 5.221e-20 0.5933 0.3866
911 8.321e+33 6.718e+15 1.109e+07 5.175e-20 0.5933 0.3866
912 8.321e+33 6.748e+15 1.109e+07 5.129e-20 0.5933 0.3866
913 8.321e+33 6.778e+15 1.109e+07 5.084e-20 0.5933 0.3866
914 8.321e+33 6.808e+15 1.109e+07 5.039e-20 0.5933 0.3866
915 8.321e+33 6.838e+15 1.109e+07 4.995e-20 0.5933 0.3866
916 8.321e+33 6.868e+15 1.109e+07 4.951e-20 0.5933 0.3866
917 8.321e+33 6.899e+15 1.109e+07 4.908e-20 0.5933 0.3866
918 8.321e+33 6.929e+15 1.109e+07 4.864e-20 0.5933 0.3866
919 8.321e+33 6.96e+15 1.109e+07 4.822e-20 0.5933 0.3866
920 8.321e+33 6.991e+15 1.109e+07 4.779e-20 0.5933 0.3866
921 8.321e+33 7.022e+15 1.109e+07 4.737e-20 0.5933 0.3866
922 8.321e+33 7.053e+15 1.109e+07 4.696e-20 0.5933 0.3866
923 8.321e+33 7.084e+15 1.109e+07 4.654e-20 0.5933 0.3866
924 8.321e+33 7.115e+15 1.109e+07 4.613e-20 0.5933 0.3866
925 8.321e+33 7.147e+15 1.109e+07 4.573e-20 0.5933 0.3866
926 8.321e+33 7.178e+15 1.109e+07 4.533e-20 0.5933 0.3866
927 8.321e+33 7.21e+15 1.109e+07 4.493e-20 0.5933 0.3866
928 8.321e+33 7.242e+15 1.109e+07 4.453e-20 0.5933 0.3866
929 8.321e+33 7.274e+15 1.109e+07 4.414e-20 0.5933 0.3866
930 8.321e+33 7.306e+15 1.109e+07 4.375e-20 0.5933 0.3866
931 8.321e+33 7.339e+15 1.109e+07 4.337e-20 0.5933 0.3866
932 8.321e+33 7.371e+15 1.109e+07 4.299e-20 0.5933 0.3866
933 8.321e+33 7.404e+15 1.109e+07 4.261e-20 0.5933 0.3866
934 8.321e+33 7.437e+15 1.109e+07 4.223e-20 0.5933 0.3866
935 8.321e+33 7.47e+15 1.109e+07 4.186e-20 0.5933 0.3866
936 8.321e+33 7.503e+15 1.109e+07 4.149e-20 0.5933 0.3866
937 8.321e+33 7.536e+15 1.109e+07 4.113e-20 0.5933 0.3866
938 8.321e+33 7.569e+15 1.109e+07 4.077e-20 0.5933 0.3866
939 8.321e+33 7.603e+15 1.109e+07 4.041e-20 0.5933 0.3866
940 8.321e+33 7.636e+15 1.109e+07 4.005e-20 0.5933 0.3866
941 8.321e+33 7.67e+15 1.109e+07 3.97e-20 0.5933 0.3866
942 8.321e+33 7.704e+15 1.109e+07 3.935e-20 0.5933 0.3866
943 8.321e+33 7.738e+15 1.109e+07 3.9e-20 0.5933 0.3866
944 8.321e+33 7.772e+15 1.109e+07 3.866e-20 0.5933 0.3866
945 8.321e+33 7.807e+15 1.109e+07 3.832e-20 0.5933 0.3866
946 8.321e+33 7.841e+15 1.109e+07 3.798e-20 0.5933 0.3866
947 8.321e+33 7.876e+15 1.109e+07 3.765e-20 0.5933 0.3866
948 8.321e+33 7.911e+15 1.109e+07 3.732e-20 0.5933 0.3866
949 8.321e+33 7.946e+15 1.109e+07 3.699e-20 0.5933 0.3866
950 8.321e+33 7.981e+15 1.109e+07 3.667e-20 0.5933 0.3866
951 8.321e+33 8.017e+15 1.109e+07 3.634e-20 0.5933 0.3866
952 8.321e+33 8.052e+15 1.109e+07 3.602e-20 0.5933 0.3866
953 8.321e+33 8.088e+15 1.109e+07 3.571e-20 0.5933 0.3866
954 8.321e+33 8.123e+15 1.109e+07 3.539e-20 0.5933 0.3866
955 8.321e+33 8.159e+15 1.109e+07 3.508e-20 0.5933 0.3866
956 8.321e+33 8.196e+15 1.109e+07 3.477e-20 0.5933 0.3866
957 8.321e+33 8.232e+15 1.109e+07 3.447e-20 0.5933 0.3866
958 8.321e+33 8.268e+15 1.109e+07 3.416e-20 0.5933 0.3866
959 8.321e+33 8.305e+15 1.109e+07 3.386e-20 0.5933 0.3866
960 8.321e+33 8.342e+15 1.109e+07 3.357e-20 0.5933 0.3866
961 8.321e+33 8.379e+15 1.109e+07 3.327e-20 0.5933 0.3866
962 8.321e+33 8.416e+15 1.109e+07 3.298e-20 0.5933 0.3866
963 8.321e+33 8.453e+15 1.109e+07 3.269e-20 0.5933 0.3866
964 8.321e+33 8.49e+15 1.109e+07 3.24e-20 0.5933 0.3866
965 8.321e+33 8.528e+15 1.109e+07 3.211e-20 0.5933 0.3866
966 8.321e+33 8.566e+15 1.109e+07 3.183e-20 0.5933 0.3866
967 8.321e+33 8.604e+15 1.109e+07 3.155e-20 0.5933 0.3866
968 8.321e+33 8.642e+15 1.109e+07 3.127e-20 0.5933 0.3866
969 8.321e+33 8.68e+15 1.109e+07 3.1e-20 0.5933 0.3866
970 8.321e+33 8.718e+15 1.109e+07 3.073e-20 0.5933 0.3866
971 8.321e+33 8.757e+15 1.109e+07 3.046e-20 0.5933 0.3866
972 8.321e+33 8.796e+15 1.109e+07 3.019e-20 0.5933 0.3866
973 8.321e+33 8.835e+15 1.109e+07 2.992e-20 0.5933 0.3866
974 8.321e+33 8.874e+15 1.109e+07 2.966e-20 0.5933 0.3866
975 8.321e+33 8.913e+15 1.109e+07 2.94e-20 0.5933 0.3866
976 8.321e+33 8.953e+15 1.109e+07 2.914e-20 0.5933 0.3866
977 8.321e+33 8.992e+15 1.109e+07 2.888e-20 0.5933 0.3866
978 8.321e+33 9.032e+15 1.109e+07 2.863e-20 0.5933 0.3866
979 8.321e+33 9.072e+15 1.109e+07 2.838e-20 0.5933 0.3866
980 8.321e+33 9.112e+15 1.109e+07 2.813e-20 0.5933 0.3866
981 8.321e+33 9.152e+15 1.109e+07 2.788e-20 0.5933 0.3866
982 8.321e+33 9.193e+15 1.109e+07 2.764e-20 0.5933 0.3866
983 8.321e+33 9.234e+15 1.109e+07 2.739e-20 0.5933 0.3866
984 8.321e+33 9.275e+15 1.109e+07 2.715e-20 0.5933 0.3866
985 8.321e+33 9.316e+15 1.109e+07 2.691e-20 0.5933 0.3866
986 8.321e+33 9.357e+15 1.109e+07 2.668e-20 0.5933 0.3866
987 8.321e+33 9.398e+15 1.109e+07 2.644e-20 0.5933 0.3866
988 8.321e+33 9.44e+15 1.109e+07 2.621e-20 0.5933 0.3866
989 8.321e+33 9.482e+15 1.109e+07 2.598e-20 0.5933 0.3866
990 8.321e+33 9.524e+15 1.109e+07 2.575e-20 0.5933 0.3866
991 8.321e+33 9.566e+15 1.109e+07 2.552e-20 0.5933 0.3866
992 8.321e+33 9.608e+15 1.109e+07 2.53e-20 0.5933 0.3866
993 8.321e+33 9.651e+15 1.109e+07 2.508e-20 0.5933 0.3866
994 8.321e+33 9.693e+15 1.109e+07 2.486e-20 0.5933 0.3866
995 8.321e+33 9.736e+15 1.109e+07 2.464e-20 0.5933 0.3866
996 8.321e+33 9.779e+15 1.109e+07 2.442e-20 0.5933 0.3866
997 8.321e+33 9.823e+15 1.109e+07 2.421e-20 0.5933 0.3866
998 8.321e+33 9.866e+15 1.109e+07 2.399e-20 0.5933 0.3866
999 8.321e+33 9.91e+15 1.109e+07 2.378e-20 0.5933 0.3866
