-21.4937 -20.9937 -20.4937 -19.9937 -19.4937 -18.9937 -18.4937 -17.9937 -17.4937 -16.9937 -16.4937 -15.9937 -15.4937 -14.9937 -14.4937
3.7636 -0.6083 -0.6227 -0.6726 -0.7591 -0.8883 -1.0959 -1.2230 -1.4321 -1.6502 -1.7297 -1.8175 -1.6995 -1.5602 -1.3321 -1.2607
4.0646 -0.5246 -0.5216 -0.5186 -0.5153 -0.5099 -0.4938 -0.4253 -0.2363 0.1203 0.6121 1.1429 1.6002 1.9447 2.1895 2.3796
4.5417 -0.4714 -0.4680 -0.4629 -0.4563 -0.4480 -0.4374 -0.4237 -0.3922 -0.3390 -0.2376 -0.0803 0.1282 0.3979 0.7492 1.1761
5.0646 -0.3509 -0.3391 -0.3271 -0.3171 -0.3072 -0.2963 -0.2857 -0.2748 -0.2578 -0.2347 -0.1932 -0.1200 0.0084 0.2113 0.5031
5.5417 -0.4942 -0.4939 -0.4934 -0.4928 -0.4921 -0.4913 -0.4902 -0.4882 -0.4839 -0.4749 -0.4568 -0.4195 -0.3467 -0.2217 -0.0211
6.0646 -0.4980 -0.4980 -0.4980 -0.4979 -0.4978 -0.4976 -0.4971 -0.4962 -0.4943 -0.4910 -0.4863 -0.4803 -0.4725 -0.4619 -0.4453
6.5417 -0.5007 -0.5007 -0.5007 -0.5007 -0.5007 -0.5007 -0.5007 -0.5007 -0.5007 -0.5006 -0.5005 -0.5004 -0.4999 -0.4990 -0.4971
7.0646 -0.5082 -0.5082 -0.5082 -0.5082 -0.5082 -0.5082 -0.5082 -0.5082 -0.5082 -0.5082 -0.5082 -0.5082 -0.5082 -0.5080 -0.5078
7.5417 -0.5320 -0.5320 -0.5320 -0.5320 -0.5320 -0.5320 -0.5320 -0.5320 -0.5320 -0.5320 -0.5320 -0.5320 -0.5320 -0.5320 -0.5320
8.0646 -0.6016 -0.6016 -0.6016 -0.6016 -0.6016 -0.6016 -0.6016 -0.6016 -0.6016 -0.6016 -0.6016 -0.6016 -0.6016 -0.6016 -0.6016
9.0646 -1.0247 -1.0247 -1.0247 -1.0247 -1.0247 -1.0247 -1.0247 -1.0247 -1.0247 -1.0247 -1.0247 -1.0247 -1.0247 -1.0247 -1.0247
