1.000000 1.145833e+09 nan 1.100000e+14 nan nan 1.197081e+14 nan 1.369157e+70
1.100000 1.145833e+09 nan 1.199000e+14 nan nan 1.305365e+14 nan 1.773841e+70
1.200000 1.145833e+09 nan 1.298000e+14 nan nan 1.413693e+14 nan 2.251380e+70
1.300000 1.145833e+09 nan 1.397000e+14 nan nan 1.522061e+14 nan 2.807819e+70
1.400000 1.145833e+09 nan 1.496000e+14 nan nan 1.630466e+14 nan 3.449207e+70
1.500000 1.145833e+09 nan 1.595000e+14 nan nan 1.738907e+14 nan 4.181594e+70
1.600000 1.145833e+09 nan 1.694000e+14 nan nan 1.847380e+14 nan 5.011033e+70
1.700000 1.145833e+09 nan 1.793000e+14 nan nan 1.955884e+14 nan 5.943576e+70
1.800000 1.145833e+09 nan 1.892000e+14 nan nan 2.064417e+14 nan 6.985281e+70
1.900000 1.145833e+09 nan 1.991000e+14 nan nan 2.172978e+14 nan 8.142204e+70
2.000000 1.145833e+09 nan 2.090000e+14 nan nan 2.281565e+14 nan 9.420405e+70
2.100000 1.145833e+09 nan 2.189000e+14 nan nan 2.390177e+14 nan 1.082594e+71
2.200000 1.145833e+09 nan 2.288000e+14 nan nan 2.498812e+14 nan 1.236488e+71
2.300000 1.145833e+09 nan 2.387000e+14 nan nan 2.607471e+14 nan 1.404328e+71
2.400000 1.145833e+09 nan 2.486000e+14 nan nan 2.716152e+14 nan 1.586721e+71
2.500000 1.145833e+09 nan 2.585000e+14 nan nan 2.824854e+14 nan 1.784273e+71
2.600000 1.145833e+09 nan 2.684000e+14 nan nan 2.933576e+14 nan 1.997591e+71
2.700000 1.145833e+09 nan 2.783000e+14 nan nan 3.042317e+14 nan 2.227282e+71
2.800000 1.145833e+09 nan 2.882000e+14 nan nan 3.151078e+14 nan 2.473952e+71
2.900000 1.145833e+09 nan 2.981000e+14 nan nan 3.259856e+14 nan 2.738209e+71
3.000000 1.145833e+09 nan 3.080000e+14 nan nan 3.368652e+14 nan 3.020660e+71
3.100000 1.145833e+09 nan 3.179000e+14 nan nan 3.477465e+14 nan 3.321912e+71
3.200000 1.145833e+09 nan 3.278000e+14 nan nan 3.586295e+14 nan 3.642572e+71
3.300000 1.145833e+09 nan 3.377000e+14 nan nan 3.695140e+14 nan 3.983247e+71
3.400000 1.145833e+09 nan 3.476000e+14 nan nan 3.804001e+14 nan 4.344546e+71
3.500000 1.145833e+09 nan 3.575000e+14 nan nan 3.912878e+14 nan 4.727076e+71
3.600000 1.145833e+09 nan 3.674000e+14 nan nan 4.021768e+14 nan 5.131444e+71
3.700000 1.145833e+09 nan 3.773000e+14 nan nan 4.130674e+14 nan 5.558258e+71
3.800000 1.145833e+09 nan 3.872000e+14 nan nan 4.239593e+14 nan 6.008126e+71
3.900000 1.145833e+09 nan 3.971000e+14 nan nan 4.348525e+14 nan 6.481656e+71
4.000000 1.145833e+09 nan 4.070000e+14 nan nan 4.457471e+14 nan 6.979456e+71
4.100000 1.145833e+09 nan 4.169000e+14 nan nan 4.566429e+14 nan 7.502133e+71
4.200000 1.145833e+09 nan 4.268000e+14 nan nan 4.675401e+14 nan 8.050297e+71
4.300000 1.145833e+09 nan 4.367000e+14 nan nan 4.784384e+14 nan 8.624554e+71
4.400000 1.145833e+09 nan 4.466000e+14 nan nan 4.893380e+14 nan 9.225514e+71
4.500000 1.145833e+09 nan 4.565000e+14 nan nan 5.002387e+14 nan 9.853785e+71
4.600000 1.145833e+09 nan 4.664000e+14 nan nan 5.111406e+14 nan 1.050997e+72
4.700000 1.145833e+09 nan 4.763000e+14 nan nan 5.220436e+14 nan 1.119469e+72
4.800000 1.145833e+09 nan 4.862000e+14 nan nan 5.329477e+14 nan 1.190855e+72
4.900000 1.145833e+09 nan 4.961000e+14 nan nan 5.438529e+14 nan 1.265214e+72
5.000000 1.145833e+09 nan 5.060000e+14 nan nan 5.547591e+14 nan 1.342609e+72
5.100000 1.145833e+09 nan 5.159000e+14 nan nan 5.656664e+14 nan 1.423101e+72
5.200000 1.145833e+09 nan 5.258000e+14 nan nan 5.765747e+14 nan 1.506749e+72
5.300000 1.145833e+09 nan 5.357000e+14 nan nan 5.874840e+14 nan 1.593616e+72
5.400000 1.145833e+09 nan 5.456000e+14 nan nan 5.983943e+14 nan 1.683761e+72
5.500000 1.145833e+09 nan 5.555000e+14 nan nan 6.093055e+14 nan 1.777246e+72
5.600000 1.145833e+09 nan 5.654000e+14 nan nan 6.202177e+14 nan 1.874131e+72
5.700000 1.145833e+09 nan 5.753000e+14 nan nan 6.311308e+14 nan 1.974478e+72
5.800000 1.145833e+09 nan 5.852000e+14 nan nan 6.420449e+14 nan 2.078348e+72
5.900000 1.145833e+09 nan 5.951000e+14 nan nan 6.529598e+14 nan 2.185801e+72
6.000000 1.145833e+09 nan 6.050000e+14 nan nan 6.638756e+14 nan 2.296898e+72
6.100000 1.145833e+09 nan 6.149000e+14 nan nan 6.747923e+14 nan 2.411700e+72
6.200000 1.145833e+09 nan 6.248000e+14 nan nan 6.857098e+14 nan 2.530269e+72
6.300000 1.145833e+09 nan 6.347000e+14 nan nan 6.966282e+14 nan 2.652664e+72
6.400000 1.145833e+09 nan 6.446000e+14 nan nan 7.075474e+14 nan 2.778948e+72
6.500000 1.145833e+09 nan 6.545000e+14 nan nan 7.184674e+14 nan 2.909180e+72
6.600000 1.145833e+09 nan 6.644000e+14 nan nan 7.293883e+14 nan 3.043422e+72
6.700000 1.145833e+09 nan 6.743000e+14 nan nan 7.403099e+14 nan 3.181736e+72
6.800000 1.145833e+09 nan 6.842000e+14 nan nan 7.512323e+14 nan 3.324180e+72
6.900000 1.145833e+09 nan 6.941000e+14 nan nan 7.621554e+14 nan 3.470818e+72
7.000000 1.145833e+09 nan 7.040000e+14 nan nan 7.730793e+14 nan 3.621710e+72
7.100000 1.145833e+09 nan 7.139000e+14 nan nan 7.840040e+14 nan 3.776916e+72
7.200000 1.145833e+09 nan 7.238000e+14 nan nan 7.949294e+14 nan 3.936497e+72
7.300000 1.145833e+09 nan 7.337000e+14 nan nan 8.058556e+14 nan 4.100516e+72
7.400000 1.145833e+09 nan 7.436000e+14 nan nan 8.167824e+14 nan 4.269032e+72
7.500000 1.145833e+09 nan 7.535000e+14 nan nan 8.277100e+14 nan 4.442106e+72
7.600000 1.145833e+09 nan 7.634000e+14 nan nan 8.386382e+14 nan 4.619800e+72
7.700000 1.145833e+09 nan 7.733000e+14 nan nan 8.495672e+14 nan 4.802175e+72
7.800000 1.145833e+09 nan 7.832000e+14 nan nan 8.604968e+14 nan 4.989291e+72
7.900000 1.145833e+09 nan 7.931000e+14 nan nan 8.714271e+14 nan 5.181210e+72
8.000000 1.145833e+09 nan 8.030000e+14 nan nan 8.823580e+14 nan 5.377992e+72
8.100000 1.145833e+09 nan 8.129000e+14 nan nan 8.932897e+14 nan 5.579699e+72
8.200000 1.145833e+09 nan 8.228000e+14 nan nan 9.042219e+14 nan 5.786392e+72
8.300000 1.145833e+09 nan 8.327000e+14 nan nan 9.151548e+14 nan 5.998131e+72
8.400000 1.145833e+09 nan 8.426000e+14 nan nan 9.260884e+14 nan 6.214978e+72
8.500000 1.145833e+09 nan 8.525000e+14 nan nan 9.370225e+14 nan 6.436993e+72
8.600000 1.145833e+09 nan 8.624000e+14 nan nan 9.479573e+14 nan 6.664238e+72
8.700000 1.145833e+09 nan 8.723000e+14 nan nan 9.588927e+14 nan 6.896774e+72
8.800000 1.145833e+09 nan 8.822000e+14 nan nan 9.698287e+14 nan 7.134661e+72
8.900000 1.145833e+09 nan 8.921000e+14 nan nan 9.807653e+14 nan 7.377961e+72
9.000000 1.145833e+09 nan 9.020000e+14 nan nan 9.917025e+14 nan 7.626736e+72
9.100000 1.145833e+09 nan 9.119000e+14 nan nan 1.002640e+15 nan 7.881044e+72
9.200000 1.145833e+09 nan 9.218000e+14 nan nan 1.013579e+15 nan 8.140949e+72
9.300000 1.145833e+09 nan 9.317000e+14 nan nan 1.024517e+15 nan 8.406511e+72
9.400000 1.145833e+09 nan 9.416000e+14 nan nan 1.035457e+15 nan 8.677791e+72
9.500000 1.145833e+09 nan 9.515000e+14 nan nan 1.046397e+15 nan 8.954849e+72
9.600000 1.145833e+09 nan 9.614000e+14 nan nan 1.057338e+15 nan 9.237748e+72
9.700000 1.145833e+09 nan 9.713000e+14 nan nan 1.068279e+15 nan 9.526548e+72
9.800000 1.145833e+09 nan 9.812000e+14 nan nan 1.079220e+15 nan 9.821311e+72
9.900000 1.145833e+09 nan 9.911000e+14 nan nan 1.090163e+15 nan 1.012210e+73
10.000000 1.145833e+09 nan 1.001000e+15 nan nan 1.058513e+15 nan 1.002556e+73
10.100000 1.145833e+09 nan 1.010900e+15 nan nan 1.069007e+15 nan 1.032622e+73
10.200000 1.145833e+09 nan 1.020800e+15 nan nan 1.079502e+15 nan 1.063283e+73
10.300000 1.145833e+09 nan 1.030700e+15 nan nan 1.089997e+15 nan 1.094546e+73
10.400000 1.145833e+09 nan 1.040600e+15 nan nan 1.100492e+15 nan 1.126416e+73
10.500000 1.145833e+09 nan 1.050500e+15 nan nan 1.110988e+15 nan 1.158899e+73
10.600000 1.145833e+09 nan 1.060400e+15 nan nan 1.121483e+15 nan 1.192001e+73
10.700000 1.145833e+09 nan 1.070300e+15 nan nan 1.131979e+15 nan 1.225727e+73
10.800000 1.145833e+09 nan 1.080200e+15 nan nan 1.142475e+15 nan 1.260084e+73
10.900000 1.145833e+09 nan 1.090100e+15 nan nan 1.152972e+15 nan 1.295077e+73
11.000000 1.145833e+09 nan 1.100000e+15 nan nan 1.163469e+15 nan 1.330713e+73
11.100000 1.145833e+09 nan 1.109900e+15 nan nan 1.173965e+15 nan 1.366996e+73
11.200000 1.145833e+09 nan 1.119800e+15 nan nan 1.184463e+15 nan 1.403933e+73
11.300000 1.145833e+09 nan 1.129700e+15 nan nan 1.194960e+15 nan 1.441531e+73
11.400000 1.145833e+09 nan 1.139600e+15 nan nan 1.205458e+15 nan 1.479793e+73
11.500000 1.145833e+09 nan 1.149500e+15 nan nan 1.215955e+15 nan 1.518727e+73
11.600000 1.145833e+09 nan 1.159400e+15 nan nan 1.226453e+15 nan 1.558339e+73
11.700000 1.145833e+09 nan 1.169300e+15 nan nan 1.236952e+15 nan 1.598633e+73
11.800000 1.145833e+09 nan 1.179200e+15 nan nan 1.247450e+15 nan 1.639617e+73
11.900000 1.145833e+09 nan 1.189100e+15 nan nan 1.257949e+15 nan 1.681295e+73
12.000000 1.145833e+09 nan 1.199000e+15 nan nan 1.268448e+15 nan 1.723674e+73
12.100000 1.145833e+09 nan 1.208900e+15 nan nan 1.278947e+15 nan 1.766760e+73
12.200000 1.145833e+09 nan 1.218800e+15 nan nan 1.289446e+15 nan 1.810557e+73
12.300000 1.145833e+09 nan 1.228700e+15 nan nan 1.299946e+15 nan 1.855073e+73
12.400000 1.145833e+09 nan 1.238600e+15 nan nan 1.310445e+15 nan 1.900314e+73
12.500000 1.145833e+09 nan 1.248500e+15 nan nan 1.320945e+15 nan 1.946284e+73
12.600000 1.145833e+09 nan 1.258400e+15 nan nan 1.331445e+15 nan 1.992989e+73
12.700000 1.145833e+09 nan 1.268300e+15 nan nan 1.341946e+15 nan 2.040437e+73
12.800000 1.145833e+09 nan 1.278200e+15 nan nan 1.352446e+15 nan 2.088632e+73
12.900000 1.145833e+09 nan 1.288100e+15 nan nan 1.362947e+15 nan 2.137580e+73
13.000000 1.145833e+09 nan 1.298000e+15 nan nan 1.373448e+15 nan 2.187287e+73
13.100000 1.145833e+09 nan 1.307900e+15 nan nan 1.383949e+15 nan 2.237759e+73
13.200000 1.145833e+09 nan 1.317800e+15 nan nan 1.394450e+15 nan 2.289003e+73
13.300000 1.145833e+09 nan 1.327700e+15 nan nan 1.404952e+15 nan 2.341022e+73
13.400000 1.145833e+09 nan 1.337600e+15 nan nan 1.415454e+15 nan 2.393825e+73
13.500000 1.145833e+09 nan 1.347500e+15 nan nan 1.425955e+15 nan 2.447416e+73
13.600000 1.145833e+09 nan 1.357400e+15 nan nan 1.436457e+15 nan 2.501801e+73
13.700000 1.145833e+09 nan 1.367300e+15 nan nan 1.446960e+15 nan 2.556986e+73
13.800000 1.145833e+09 nan 1.377200e+15 nan nan 1.457462e+15 nan 2.612977e+73
13.900000 1.145833e+09 nan 1.387100e+15 nan nan 1.467965e+15 nan 2.669780e+73
14.000000 1.145833e+09 nan 1.397000e+15 nan nan 1.478468e+15 nan 2.727400e+73
14.100000 1.145833e+09 nan 1.406900e+15 nan nan 1.488971e+15 nan 2.785844e+73
14.200000 1.145833e+09 nan 1.416800e+15 nan nan 1.499474e+15 nan 2.845118e+73
14.300000 1.145833e+09 nan 1.426700e+15 nan nan 1.509977e+15 nan 2.905226e+73
14.400000 1.145833e+09 nan 1.436600e+15 nan nan 1.520481e+15 nan 2.966176e+73
14.500000 1.145833e+09 nan 1.446500e+15 nan nan 1.530984e+15 nan 3.027972e+73
14.600000 1.145833e+09 nan 1.456400e+15 nan nan 1.541488e+15 nan 3.090621e+73
14.700000 1.145833e+09 nan 1.466300e+15 nan nan 1.551992e+15 nan 3.154129e+73
14.800000 1.145833e+09 nan 1.476200e+15 nan nan 1.562497e+15 nan 3.218502e+73
14.900000 1.145833e+09 nan 1.486100e+15 nan nan 1.573001e+15 nan 3.283744e+73
15.000000 1.145833e+09 nan 1.496000e+15 nan nan 1.583506e+15 nan 3.349863e+73
15.100000 1.145833e+09 nan 1.505900e+15 nan nan 1.594010e+15 nan 3.416864e+73
15.200000 1.145833e+09 nan 1.515800e+15 nan nan 1.604515e+15 nan 3.484752e+73
15.300000 1.145833e+09 nan 1.525700e+15 nan nan 1.615020e+15 nan 3.553535e+73
15.400000 1.145833e+09 nan 1.535600e+15 nan nan 1.625526e+15 nan 3.623216e+73
15.500000 1.145833e+09 nan 1.545500e+15 nan nan 1.636031e+15 nan 3.693804e+73
15.600000 1.145833e+09 nan 1.555400e+15 nan nan 1.646537e+15 nan 3.765302e+73
15.700000 1.145833e+09 nan 1.565300e+15 nan nan 1.657042e+15 nan 3.837718e+73
15.800000 1.145833e+09 nan 1.575200e+15 nan nan 1.667548e+15 nan 3.911056e+73
15.900000 1.145833e+09 nan 1.585100e+15 nan nan 1.678054e+15 nan 3.985324e+73
16.000000 1.145833e+09 nan 1.595000e+15 nan nan 1.688561e+15 nan 4.060526e+73
16.100000 1.145833e+09 nan 1.604900e+15 nan nan 1.699067e+15 nan 4.136668e+73
16.200000 1.145833e+09 nan 1.614800e+15 nan nan 1.709574e+15 nan 4.213757e+73
16.300000 1.145833e+09 nan 1.624700e+15 nan nan 1.720080e+15 nan 4.291798e+73
16.400000 1.145833e+09 nan 1.634600e+15 nan nan 1.730587e+15 nan 4.370798e+73
16.500000 1.145833e+09 nan 1.644500e+15 nan nan 1.741094e+15 nan 4.450761e+73
16.600000 1.145833e+09 nan 1.654400e+15 nan nan 1.751601e+15 nan 4.531694e+73
16.700000 1.145833e+09 nan 1.664300e+15 nan nan 1.762109e+15 nan 4.613602e+73
16.800000 1.145833e+09 nan 1.674200e+15 nan nan 1.772616e+15 nan 4.696492e+73
16.900000 1.145833e+09 nan 1.684100e+15 nan nan 1.783124e+15 nan 4.780370e+73
17.000000 1.145833e+09 nan 1.694000e+15 nan nan 1.793632e+15 nan 4.865240e+73
17.100000 1.145833e+09 nan 1.703900e+15 nan nan 1.773903e+15 nan 4.868131e+73
17.200000 1.145833e+09 nan 1.713800e+15 nan nan 1.784226e+15 nan 4.953526e+73
17.300000 1.145833e+09 nan 1.723700e+15 nan nan 1.794550e+15 nan 5.039915e+73
17.400000 1.145833e+09 nan 1.733600e+15 nan nan 1.804874e+15 nan 5.127302e+73
17.500000 1.145833e+09 nan 1.743500e+15 nan nan 1.815198e+15 nan 5.215694e+73
17.600000 1.145833e+09 nan 1.753400e+15 nan nan 1.825522e+15 nan 5.305096e+73
17.700000 1.145833e+09 nan 1.763300e+15 nan nan 1.835846e+15 nan 5.395515e+73
17.800000 1.145833e+09 nan 1.773200e+15 nan nan 1.846170e+15 nan 5.486955e+73
17.900000 1.145833e+09 nan 1.783100e+15 nan nan 1.856494e+15 nan 5.579423e+73
18.000000 1.145833e+09 nan 1.793000e+15 nan nan 1.866819e+15 nan 5.672924e+73
18.100000 1.145833e+09 nan 1.802900e+15 nan nan 1.877143e+15 nan 5.767464e+73
18.200000 1.145833e+09 nan 1.812800e+15 nan nan 1.887468e+15 nan 5.863050e+73
18.300000 1.145833e+09 nan 1.822700e+15 nan nan 1.897793e+15 nan 5.959686e+73
18.400000 1.145833e+09 nan 1.832600e+15 nan nan 1.908117e+15 nan 6.057378e+73
18.500000 1.145833e+09 nan 1.842500e+15 nan nan 1.918442e+15 nan 6.156132e+73
18.600000 1.145833e+09 nan 1.852400e+15 nan nan 1.928767e+15 nan 6.255954e+73
18.700000 1.145833e+09 nan 1.862300e+15 nan nan 1.939092e+15 nan 6.356850e+73
18.800000 1.145833e+09 nan 1.872200e+15 nan nan 1.949417e+15 nan 6.458825e+73
18.900000 1.145833e+09 nan 1.882100e+15 nan nan 1.959742e+15 nan 6.561885e+73
19.000000 1.145833e+09 nan 1.892000e+15 nan nan 1.970068e+15 nan 6.666036e+73
19.100000 1.145833e+09 nan 1.901900e+15 nan nan 1.980393e+15 nan 6.771283e+73
19.200000 1.145833e+09 nan 1.911800e+15 nan nan 1.990719e+15 nan 6.877633e+73
19.300000 1.145833e+09 nan 1.921700e+15 nan nan 2.001044e+15 nan 6.985091e+73
19.400000 1.145833e+09 nan 1.931600e+15 nan nan 2.011370e+15 nan 7.093663e+73
19.500000 1.145833e+09 nan 1.941500e+15 nan nan 2.021695e+15 nan 7.203354e+73
19.600000 1.145833e+09 nan 1.951400e+15 nan nan 2.032021e+15 nan 7.314170e+73
19.700000 1.145833e+09 nan 1.961300e+15 nan nan 2.042347e+15 nan 7.426118e+73
19.800000 1.145833e+09 nan 1.971200e+15 nan nan 2.052673e+15 nan 7.539202e+73
19.900000 1.145833e+09 nan 1.981100e+15 nan nan 2.062999e+15 nan 7.653429e+73
20.000000 1.145833e+09 nan 1.991000e+15 nan nan 2.073325e+15 nan 7.768805e+73
20.100000 1.145833e+09 nan 2.000900e+15 nan nan 2.083652e+15 nan 7.885334e+73
20.200000 1.145833e+09 nan 2.010800e+15 nan nan 2.093978e+15 nan 8.003023e+73
20.300000 1.145833e+09 nan 2.020700e+15 nan nan 2.104304e+15 nan 8.121878e+73
20.400000 1.145833e+09 nan 2.030600e+15 nan nan 2.114631e+15 nan 8.241904e+73
20.500000 1.145833e+09 nan 2.040500e+15 nan nan 2.124957e+15 nan 8.363107e+73
20.600000 1.145833e+09 nan 2.050400e+15 nan nan 2.135284e+15 nan 8.485493e+73
20.700000 1.145833e+09 nan 2.060300e+15 nan nan 2.145611e+15 nan 8.609067e+73
20.800000 1.145833e+09 nan 2.070200e+15 nan nan 2.155938e+15 nan 8.733836e+73
20.900000 1.145833e+09 nan 2.080100e+15 nan nan 2.166264e+15 nan 8.859804e+73
21.000000 1.145833e+09 nan 2.090000e+15 nan nan 2.176591e+15 nan 8.986979e+73
21.100000 1.145833e+09 nan 2.099900e+15 nan nan 2.186919e+15 nan 9.115365e+73
21.200000 1.145833e+09 nan 2.109800e+15 nan nan 2.197246e+15 nan 9.244968e+73
21.300000 1.145833e+09 nan 2.119700e+15 nan nan 2.207573e+15 nan 9.375794e+73
21.400000 1.145833e+09 nan 2.129600e+15 nan nan 2.217900e+15 nan 9.507849e+73
21.500000 1.145833e+09 nan 2.139500e+15 nan nan 2.228228e+15 nan 9.641139e+73
21.600000 1.145833e+09 nan 2.149400e+15 nan nan 2.238555e+15 nan 9.775669e+73
21.700000 1.145833e+09 nan 2.159300e+15 nan nan 2.248882e+15 nan 9.911445e+73
21.800000 1.145833e+09 nan 2.169200e+15 nan nan 2.259210e+15 nan 1.004847e+74
21.900000 1.145833e+09 nan 2.179100e+15 nan nan 2.269538e+15 nan 1.018676e+74
22.000000 1.145833e+09 nan 2.189000e+15 nan nan 2.279866e+15 nan 1.032631e+74
22.100000 1.145833e+09 nan 2.198900e+15 nan nan 2.290193e+15 nan 1.046712e+74
22.200000 1.145833e+09 nan 2.208800e+15 nan nan 2.300521e+15 nan 1.060922e+74
22.300000 1.145833e+09 nan 2.218700e+15 nan nan 2.310849e+15 nan 1.075259e+74
22.400000 1.145833e+09 nan 2.228600e+15 nan nan 2.321177e+15 nan 1.089725e+74
22.500000 1.145833e+09 nan 2.238500e+15 nan nan 2.331505e+15 nan 1.104320e+74
22.600000 1.145833e+09 nan 2.248400e+15 nan nan 2.341834e+15 nan 1.119045e+74
22.700000 1.145833e+09 nan 2.258300e+15 nan nan 2.352162e+15 nan 1.133900e+74
22.800000 1.145833e+09 nan 2.268200e+15 nan nan 2.362490e+15 nan 1.148886e+74
22.900000 1.145833e+09 nan 2.278100e+15 nan nan 2.372819e+15 nan 1.164004e+74
23.000000 1.145833e+09 nan 2.288000e+15 nan nan 2.383147e+15 nan 1.179253e+74
23.100000 1.145833e+09 nan 2.297900e+15 nan nan 2.393476e+15 nan 1.194636e+74
23.200000 1.145833e+09 nan 2.307800e+15 nan nan 2.403804e+15 nan 1.210151e+74
23.300000 1.145833e+09 nan 2.317700e+15 nan nan 2.414133e+15 nan 1.225801e+74
23.400000 1.145833e+09 nan 2.327600e+15 nan nan 2.424462e+15 nan 1.241585e+74
23.500000 1.145833e+09 nan 2.337500e+15 nan nan 2.434791e+15 nan 1.257503e+74
23.600000 1.145833e+09 nan 2.347400e+15 nan nan 2.445120e+15 nan 1.273558e+74
23.700000 1.145833e+09 nan 2.357300e+15 nan nan 2.455449e+15 nan 1.289748e+74
23.800000 1.145833e+09 nan 2.367200e+15 nan nan 2.465778e+15 nan 1.306075e+74
23.900000 1.145833e+09 nan 2.377100e+15 nan nan 2.476107e+15 nan 1.322539e+74
24.000000 1.145833e+09 nan 2.387000e+15 nan nan 2.486436e+15 nan 1.339141e+74
24.100000 1.145833e+09 nan 2.396900e+15 nan nan 2.496766e+15 nan 1.355882e+74
24.200000 1.145833e+09 nan 2.406800e+15 nan nan 2.483669e+15 nan 1.359934e+74
24.300000 1.145833e+09 nan 2.416700e+15 nan nan 2.493898e+15 nan 1.376792e+74
24.400000 1.145833e+09 nan 2.426600e+15 nan nan 2.504126e+15 nan 1.393788e+74
24.500000 1.145833e+09 nan 2.436500e+15 nan nan 2.514355e+15 nan 1.410924e+74
24.600000 1.145833e+09 nan 2.446400e+15 nan nan 2.524584e+15 nan 1.428200e+74
24.700000 1.145833e+09 nan 2.456300e+15 nan nan 2.534813e+15 nan 1.445616e+74
24.800000 1.145833e+09 nan 2.466200e+15 nan nan 2.545042e+15 nan 1.463173e+74
24.900000 1.145833e+09 nan 2.476100e+15 nan nan 2.555271e+15 nan 1.480872e+74
25.000000 1.145833e+09 nan 2.486000e+15 nan nan 2.565500e+15 nan 1.498713e+74
25.100000 1.145833e+09 nan 2.495900e+15 nan nan 2.575729e+15 nan 1.516697e+74
25.200000 1.145833e+09 nan 2.505800e+15 nan nan 2.585958e+15 nan 1.534824e+74
25.300000 1.145833e+09 nan 2.515700e+15 nan nan 2.596188e+15 nan 1.553095e+74
25.400000 1.145833e+09 nan 2.525600e+15 nan nan 2.606417e+15 nan 1.571510e+74
25.500000 1.145833e+09 nan 2.535500e+15 nan nan 2.616646e+15 nan 1.590071e+74
25.600000 1.145833e+09 nan 2.545400e+15 nan nan 2.626876e+15 nan 1.608777e+74
25.700000 1.145833e+09 nan 2.555300e+15 nan nan 2.637105e+15 nan 1.627629e+74
25.800000 1.145833e+09 nan 2.565200e+15 nan nan 2.647334e+15 nan 1.646628e+74
25.900000 1.145833e+09 nan 2.575100e+15 nan nan 2.657564e+15 nan 1.665774e+74
26.000000 1.145833e+09 nan 2.585000e+15 nan nan 2.667794e+15 nan 1.685068e+74
26.100000 1.145833e+09 nan 2.594900e+15 nan nan 2.678023e+15 nan 1.704511e+74
26.200000 1.145833e+09 nan 2.604800e+15 nan nan 2.688253e+15 nan 1.724103e+74
26.300000 1.145833e+09 nan 2.614700e+15 nan nan 2.698483e+15 nan 1.743844e+74
26.400000 1.145833e+09 nan 2.624600e+15 nan nan 2.708712e+15 nan 1.763735e+74
26.500000 1.145833e+09 nan 2.634500e+15 nan nan 2.718942e+15 nan 1.783777e+74
26.600000 1.145833e+09 nan 2.644400e+15 nan nan 2.729172e+15 nan 1.803970e+74
26.700000 1.145833e+09 nan 2.654300e+15 nan nan 2.739402e+15 nan 1.824316e+74
26.800000 1.145833e+09 nan 2.664200e+15 nan nan 2.749632e+15 nan 1.844813e+74
26.900000 1.145833e+09 nan 2.674100e+15 nan nan 2.759862e+15 nan 1.865464e+74
27.000000 1.145833e+09 nan 2.684000e+15 nan nan 2.770092e+15 nan 1.886268e+74
27.100000 1.145833e+09 nan 2.693900e+15 nan nan 2.780322e+15 nan 1.907226e+74
27.200000 1.145833e+09 nan 2.703800e+15 nan nan 2.790552e+15 nan 1.928339e+74
27.300000 1.145833e+09 nan 2.713700e+15 nan nan 2.800782e+15 nan 1.949608e+74
27.400000 1.145833e+09 nan 2.723600e+15 nan nan 2.811012e+15 nan 1.971032e+74
27.500000 1.145833e+09 nan 2.733500e+15 nan nan 2.821243e+15 nan 1.992612e+74
27.600000 1.145833e+09 nan 2.743400e+15 nan nan 2.831473e+15 nan 2.014350e+74
27.700000 1.145833e+09 nan 2.753300e+15 nan nan 2.841703e+15 nan 2.036245e+74
27.800000 1.145833e+09 nan 2.763200e+15 nan nan 2.851934e+15 nan 2.058298e+74
27.900000 1.145833e+09 nan 2.773100e+15 nan nan 2.862164e+15 nan 2.080510e+74
28.000000 1.145833e+09 nan 2.783000e+15 nan nan 2.872395e+15 nan 2.102881e+74
28.100000 1.145833e+09 nan 2.792900e+15 nan nan 2.882625e+15 nan 2.125412e+74
28.200000 1.145833e+09 nan 2.802800e+15 nan nan 2.892856e+15 nan 2.148104e+74
28.300000 1.145833e+09 nan 2.812700e+15 nan nan 2.903087e+15 nan 2.170956e+74
28.400000 1.145833e+09 nan 2.822600e+15 nan nan 2.913317e+15 nan 2.193970e+74
28.500000 1.145833e+09 nan 2.832500e+15 nan nan 2.923548e+15 nan 2.217146e+74
28.600000 1.145833e+09 nan 2.842400e+15 nan nan 2.933779e+15 nan 2.240485e+74
28.700000 1.145833e+09 nan 2.852300e+15 nan nan 2.944009e+15 nan 2.263986e+74
28.800000 1.145833e+09 nan 2.862200e+15 nan nan 2.954240e+15 nan 2.287652e+74
28.900000 1.145833e+09 nan 2.872100e+15 nan nan 2.964471e+15 nan 2.311482e+74
29.000000 1.145833e+09 nan 2.882000e+15 nan nan 2.974702e+15 nan 2.335477e+74
29.100000 1.145833e+09 nan 2.891900e+15 nan nan 2.984933e+15 nan 2.359638e+74
29.200000 1.145833e+09 nan 2.901800e+15 nan nan 2.995164e+15 nan 2.383965e+74
29.300000 1.145833e+09 nan 2.911700e+15 nan nan 3.005395e+15 nan 2.408458e+74
29.400000 1.145833e+09 nan 2.921600e+15 nan nan 3.015626e+15 nan 2.433118e+74
29.500000 1.145833e+09 nan 2.931500e+15 nan nan 3.025857e+15 nan 2.457947e+74
29.600000 1.145833e+09 nan 2.941400e+15 nan nan 3.036089e+15 nan 2.482944e+74
29.700000 1.145833e+09 nan 2.951300e+15 nan nan 3.046320e+15 nan 2.508109e+74
29.800000 1.145833e+09 nan 2.961200e+15 nan nan 3.056551e+15 nan 2.533444e+74
29.900000 1.145833e+09 nan 2.971100e+15 nan nan 3.066782e+15 nan 2.558950e+74
30.000000 1.145833e+09 nan 2.981000e+15 nan nan 3.077014e+15 nan 2.584625e+74
30.100000 1.145833e+09 nan 2.990900e+15 nan nan 3.087245e+15 nan 2.610473e+74
30.200000 1.145833e+09 nan 3.000800e+15 nan nan 3.097477e+15 nan 2.636491e+74
30.300000 1.145833e+09 nan 3.010700e+15 nan nan 3.107708e+15 nan 2.662683e+74
30.400000 1.145833e+09 nan 3.020600e+15 nan nan 3.117940e+15 nan 2.689047e+74
30.500000 1.145833e+09 nan 3.030500e+15 nan nan 3.128171e+15 nan 2.715584e+74
30.600000 1.145833e+09 nan 3.040400e+15 nan nan 3.138403e+15 nan 2.742296e+74
30.700000 1.145833e+09 nan 3.050300e+15 nan nan 3.148634e+15 nan 2.769183e+74
30.800000 1.145833e+09 nan 3.060200e+15 nan nan 3.158866e+15 nan 2.796244e+74
30.900000 1.145833e+09 nan 3.070100e+15 nan nan 3.169098e+15 nan 2.823481e+74
31.000000 1.145833e+09 nan 3.080000e+15 nan nan 3.179330e+15 nan 2.850895e+74
31.100000 1.145833e+09 nan 3.089900e+15 nan nan 3.189561e+15 nan 2.878486e+74
31.200000 1.145833e+09 nan 3.099800e+15 nan nan 3.199793e+15 nan 2.906254e+74
31.300000 1.145833e+09 nan 3.109700e+15 nan nan 3.190909e+15 nan 2.916726e+74
31.400000 1.145833e+09 nan 3.119600e+15 nan nan 3.201077e+15 nan 2.944680e+74
31.500000 1.145833e+09 nan 3.129500e+15 nan nan 3.211246e+15 nan 2.972813e+74
31.600000 1.145833e+09 nan 3.139400e+15 nan nan 3.221414e+15 nan 3.001125e+74
31.700000 1.145833e+09 nan 3.149300e+15 nan nan 3.231583e+15 nan 3.029616e+74
31.800000 1.145833e+09 nan 3.159200e+15 nan nan 3.241751e+15 nan 3.058286e+74
31.900000 1.145833e+09 nan 3.169100e+15 nan nan 3.251920e+15 nan 3.087137e+74
32.000000 1.145833e+09 nan 3.179000e+15 nan nan 3.262089e+15 nan 3.116169e+74
32.100000 1.145833e+09 nan 3.188900e+15 nan nan 3.272257e+15 nan 3.145383e+74
32.200000 1.145833e+09 nan 3.198800e+15 nan nan 3.282426e+15 nan 3.174778e+74
32.300000 1.145833e+09 nan 3.208700e+15 nan nan 3.292595e+15 nan 3.204356e+74
32.400000 1.145833e+09 nan 3.218600e+15 nan nan 3.302764e+15 nan 3.234117e+74
32.500000 1.145833e+09 nan 3.228500e+15 nan nan 3.312932e+15 nan 3.264062e+74
32.600000 1.145833e+09 nan 3.238400e+15 nan nan 3.323101e+15 nan 3.294191e+74
32.700000 1.145833e+09 nan 3.248300e+15 nan nan 3.333270e+15 nan 3.324505e+74
32.800000 1.145833e+09 nan 3.258200e+15 nan nan 3.343439e+15 nan 3.355005e+74
32.900000 1.145833e+09 nan 3.268100e+15 nan nan 3.353608e+15 nan 3.385690e+74
33.000000 1.145833e+09 nan 3.278000e+15 nan nan 3.363777e+15 nan 3.416562e+74
33.100000 1.145833e+09 nan 3.287900e+15 nan nan 3.373946e+15 nan 3.447621e+74
33.200000 1.145833e+09 nan 3.297800e+15 nan nan 3.384115e+15 nan 3.478868e+74
33.300000 1.145833e+09 nan 3.307700e+15 nan nan 3.394284e+15 nan 3.510303e+74
33.400000 1.145833e+09 nan 3.317600e+15 nan nan 3.404453e+15 nan 3.541927e+74
33.500000 1.145833e+09 nan 3.327500e+15 nan nan 3.414622e+15 nan 3.573741e+74
33.600000 1.145833e+09 nan 3.337400e+15 nan nan 3.424791e+15 nan 3.605744e+74
33.700000 1.145833e+09 nan 3.347300e+15 nan nan 3.434961e+15 nan 3.637938e+74
33.800000 1.145833e+09 nan 3.357200e+15 nan nan 3.445130e+15 nan 3.670323e+74
33.900000 1.145833e+09 nan 3.367100e+15 nan nan 3.455299e+15 nan 3.702899e+74
34.000000 1.145833e+09 nan 3.377000e+15 nan nan 3.465468e+15 nan 3.735668e+74
34.100000 1.145833e+09 nan 3.386900e+15 nan nan 3.475638e+15 nan 3.768630e+74
34.200000 1.145833e+09 nan 3.396800e+15 nan nan 3.485807e+15 nan 3.801785e+74
34.300000 1.145833e+09 nan 3.406700e+15 nan nan 3.495976e+15 nan 3.835134e+74
34.400000 1.145833e+09 nan 3.416600e+15 nan nan 3.506146e+15 nan 3.868677e+74
34.500000 1.145833e+09 nan 3.426500e+15 nan nan 3.516315e+15 nan 3.902415e+74
34.600000 1.145833e+09 nan 3.436400e+15 nan nan 3.526485e+15 nan 3.936349e+74
34.700000 1.145833e+09 nan 3.446300e+15 nan nan 3.536654e+15 nan 3.970480e+74
34.800000 1.145833e+09 nan 3.456200e+15 nan nan 3.546824e+15 nan 4.004807e+74
34.900000 1.145833e+09 nan 3.466100e+15 nan nan 3.556993e+15 nan 4.039331e+74
35.000000 1.145833e+09 nan 3.476000e+15 nan nan 3.567163e+15 nan 4.074053e+74
35.100000 1.145833e+09 nan 3.485900e+15 nan nan 3.577332e+15 nan 4.108974e+74
35.200000 1.145833e+09 nan 3.495800e+15 nan nan 3.587502e+15 nan 4.144093e+74
35.300000 1.145833e+09 nan 3.505700e+15 nan nan 3.597672e+15 nan 4.179413e+74
35.400000 1.145833e+09 nan 3.515600e+15 nan nan 3.607841e+15 nan 4.214932e+74
35.500000 1.145833e+09 nan 3.525500e+15 nan nan 3.618011e+15 nan 4.250652e+74
35.600000 1.145833e+09 nan 3.535400e+15 nan nan 3.628181e+15 nan 4.286573e+74
35.700000 1.145833e+09 nan 3.545300e+15 nan nan 3.638350e+15 nan 4.322696e+74
35.800000 1.145833e+09 nan 3.555200e+15 nan nan 3.648520e+15 nan 4.359022e+74
35.900000 1.145833e+09 nan 3.565100e+15 nan nan 3.658690e+15 nan 4.395551e+74
36.000000 1.145833e+09 nan 3.575000e+15 nan nan 3.668860e+15 nan 4.432283e+74
36.100000 1.145833e+09 nan 3.584900e+15 nan nan 3.679030e+15 nan 4.469219e+74
36.200000 1.145833e+09 nan 3.594800e+15 nan nan 3.689200e+15 nan 4.506360e+74
36.300000 1.145833e+09 nan 3.604700e+15 nan nan 3.699370e+15 nan 4.543706e+74
36.400000 1.145833e+09 nan 3.614600e+15 nan nan 3.709540e+15 nan 4.581258e+74
36.500000 1.145833e+09 nan 3.624500e+15 nan nan 3.719710e+15 nan 4.619016e+74
36.600000 1.145833e+09 nan 3.634400e+15 nan nan 3.729880e+15 nan 4.656981e+74
36.700000 1.145833e+09 nan 3.644300e+15 nan nan 3.740050e+15 nan 4.695154e+74
36.800000 1.145833e+09 nan 3.654200e+15 nan nan 3.750220e+15 nan 4.733535e+74
36.900000 1.145833e+09 nan 3.664100e+15 nan nan 3.760390e+15 nan 4.772124e+74
37.000000 1.145833e+09 nan 3.674000e+15 nan nan 3.770560e+15 nan 4.810923e+74
37.100000 1.145833e+09 nan 3.683900e+15 nan nan 3.780730e+15 nan 4.849931e+74
37.200000 1.145833e+09 nan 3.693800e+15 nan nan 3.790900e+15 nan 4.889150e+74
37.300000 1.145833e+09 nan 3.703700e+15 nan nan 3.801070e+15 nan 4.928579e+74
37.400000 1.145833e+09 nan 3.713600e+15 nan nan 3.811241e+15 nan 4.968220e+74
37.500000 1.145833e+09 nan 3.723500e+15 nan nan 3.821411e+15 nan 5.008073e+74
37.600000 1.145833e+09 nan 3.733400e+15 nan nan 3.831581e+15 nan 5.048139e+74
37.700000 1.145833e+09 nan 3.743300e+15 nan nan 3.841751e+15 nan 5.088418e+74
37.800000 1.145833e+09 nan 3.753200e+15 nan nan 3.851922e+15 nan 5.128910e+74
37.900000 1.145833e+09 nan 3.763100e+15 nan nan 3.862092e+15 nan 5.169617e+74
38.000000 1.145833e+09 nan 3.773000e+15 nan nan 3.872262e+15 nan 5.210539e+74
38.100000 1.145833e+09 nan 3.782900e+15 nan nan 3.882433e+15 nan 5.251676e+74
38.200000 1.145833e+09 nan 3.792800e+15 nan nan 3.892603e+15 nan 5.293029e+74
38.300000 1.145833e+09 nan 3.802700e+15 nan nan 3.886673e+15 nan 5.312591e+74
38.400000 1.145833e+09 nan 3.812600e+15 nan nan 3.896800e+15 nan 5.354203e+74
38.500000 1.145833e+09 nan 3.822500e+15 nan nan 3.906927e+15 nan 5.396032e+74
38.600000 1.145833e+09 nan 3.832400e+15 nan nan 3.917054e+15 nan 5.438078e+74
38.700000 1.145833e+09 nan 3.842300e+15 nan nan 3.927181e+15 nan 5.480342e+74
38.800000 1.145833e+09 nan 3.852200e+15 nan nan 3.937308e+15 nan 5.522824e+74
38.900000 1.145833e+09 nan 3.862100e+15 nan nan 3.947435e+15 nan 5.565526e+74
39.000000 1.145833e+09 nan 3.872000e+15 nan nan 3.957562e+15 nan 5.608447e+74
39.100000 1.145833e+09 nan 3.881900e+15 nan nan 3.967689e+15 nan 5.651588e+74
39.200000 1.145833e+09 nan 3.891800e+15 nan nan 3.977816e+15 nan 5.694950e+74
39.300000 1.145833e+09 nan 3.901700e+15 nan nan 3.987943e+15 nan 5.738533e+74
39.400000 1.145833e+09 nan 3.911600e+15 nan nan 3.998070e+15 nan 5.782338e+74
39.500000 1.145833e+09 nan 3.921500e+15 nan nan 4.008197e+15 nan 5.826365e+74
39.600000 1.145833e+09 nan 3.931400e+15 nan nan 4.018324e+15 nan 5.870615e+74
39.700000 1.145833e+09 nan 3.941300e+15 nan nan 4.028451e+15 nan 5.915089e+74
39.800000 1.145833e+09 nan 3.951200e+15 nan nan 4.038578e+15 nan 5.959787e+74
39.900000 1.145833e+09 nan 3.961100e+15 nan nan 4.048705e+15 nan 6.004710e+74
40.000000 1.145833e+09 nan 3.971000e+15 nan nan 4.058832e+15 nan 6.049857e+74
40.100000 1.145833e+09 nan 3.980900e+15 nan nan 4.068960e+15 nan 6.095231e+74
40.200000 1.145833e+09 nan 3.990800e+15 nan nan 4.079087e+15 nan 6.140830e+74
40.300000 1.145833e+09 nan 4.000700e+15 nan nan 4.089214e+15 nan 6.186657e+74
40.400000 1.145833e+09 nan 4.010600e+15 nan nan 4.099341e+15 nan 6.232711e+74
40.500000 1.145833e+09 nan 4.020500e+15 nan nan 4.109469e+15 nan 6.278993e+74
40.600000 1.145833e+09 nan 4.030400e+15 nan nan 4.119596e+15 nan 6.325504e+74
40.700000 1.145833e+09 nan 4.040300e+15 nan nan 4.129723e+15 nan 6.372244e+74
40.800000 1.145833e+09 nan 4.050200e+15 nan nan 4.139851e+15 nan 6.419214e+74
40.900000 1.145833e+09 nan 4.060100e+15 nan nan 4.149978e+15 nan 6.466414e+74
41.000000 1.145833e+09 nan 4.070000e+15 nan nan 4.160105e+15 nan 6.513844e+74
41.100000 1.145833e+09 nan 4.079900e+15 nan nan 4.170233e+15 nan 6.561506e+74
41.200000 1.145833e+09 nan 4.089800e+15 nan nan 4.180360e+15 nan 6.609400e+74
41.300000 1.145833e+09 nan 4.099700e+15 nan nan 4.190488e+15 nan 6.657527e+74
41.400000 1.145833e+09 nan 4.109600e+15 nan nan 4.200615e+15 nan 6.705887e+74
41.500000 1.145833e+09 nan 4.119500e+15 nan nan 4.210743e+15 nan 6.754480e+74
41.600000 1.145833e+09 nan 4.129400e+15 nan nan 4.220870e+15 nan 6.803308e+74
41.700000 1.145833e+09 nan 4.139300e+15 nan nan 4.230998e+15 nan 6.852370e+74
41.800000 1.145833e+09 nan 4.149200e+15 nan nan 4.241125e+15 nan 6.901668e+74
41.900000 1.145833e+09 nan 4.159100e+15 nan nan 4.251253e+15 nan 6.951201e+74
42.000000 1.145833e+09 nan 4.169000e+15 nan nan 4.261380e+15 nan 7.000971e+74
42.100000 1.145833e+09 nan 4.178900e+15 nan nan 4.271508e+15 nan 7.050978e+74
42.200000 1.145833e+09 nan 4.188800e+15 nan nan 4.281635e+15 nan 7.101223e+74
42.300000 1.145833e+09 nan 4.198700e+15 nan nan 4.291763e+15 nan 7.151706e+74
42.400000 1.145833e+09 nan 4.208600e+15 nan nan 4.301891e+15 nan 7.202428e+74
42.500000 1.145833e+09 nan 4.218500e+15 nan nan 4.312018e+15 nan 7.253388e+74
42.600000 1.145833e+09 nan 4.228400e+15 nan nan 4.322146e+15 nan 7.304589e+74
42.700000 1.145833e+09 nan 4.238300e+15 nan nan 4.332274e+15 nan 7.356030e+74
42.800000 1.145833e+09 nan 4.248200e+15 nan nan 4.342402e+15 nan 7.407712e+74
42.900000 1.145833e+09 nan 4.258100e+15 nan nan 4.352529e+15 nan 7.459636e+74
43.000000 1.145833e+09 nan 4.268000e+15 nan nan 4.362657e+15 nan 7.511802e+74
43.100000 1.145833e+09 nan 4.277900e+15 nan nan 4.372785e+15 nan 7.564210e+74
43.200000 1.145833e+09 nan 4.287800e+15 nan nan 4.382913e+15 nan 7.616862e+74
43.300000 1.145833e+09 nan 4.297700e+15 nan nan 4.393040e+15 nan 7.669757e+74
43.400000 1.145833e+09 nan 4.307600e+15 nan nan 4.403168e+15 nan 7.722897e+74
43.500000 1.145833e+09 nan 4.317500e+15 nan nan 4.413296e+15 nan 7.776282e+74
43.600000 1.145833e+09 nan 4.327400e+15 nan nan 4.423424e+15 nan 7.829912e+74
43.700000 1.145833e+09 nan 4.337300e+15 nan nan 4.433552e+15 nan 7.883788e+74
43.800000 1.145833e+09 nan 4.347200e+15 nan nan 4.443680e+15 nan 7.937911e+74
43.900000 1.145833e+09 nan 4.357100e+15 nan nan 4.453808e+15 nan 7.992281e+74
44.000000 1.145833e+09 nan 4.367000e+15 nan nan 4.463936e+15 nan 8.046899e+74
44.100000 1.145833e+09 nan 4.376900e+15 nan nan 4.474064e+15 nan 8.101765e+74
44.200000 1.145833e+09 nan 4.386800e+15 nan nan 4.484192e+15 nan 8.156880e+74
44.300000 1.145833e+09 nan 4.396700e+15 nan nan 4.494320e+15 nan 8.212244e+74
44.400000 1.145833e+09 nan 4.406600e+15 nan nan 4.504448e+15 nan 8.267859e+74
44.500000 1.145833e+09 nan 4.416500e+15 nan nan 4.514576e+15 nan 8.323724e+74
44.600000 1.145833e+09 nan 4.426400e+15 nan nan 4.524704e+15 nan 8.379840e+74
44.700000 1.145833e+09 nan 4.436300e+15 nan nan 4.534832e+15 nan 8.436207e+74
44.800000 1.145833e+09 nan 4.446200e+15 nan nan 4.544960e+15 nan 8.492827e+74
44.900000 1.145833e+09 nan 4.456100e+15 nan nan 4.555088e+15 nan 8.549700e+74
45.000000 1.145833e+09 nan 4.466000e+15 nan nan 4.565216e+15 nan 8.606826e+74
45.100000 1.145833e+09 nan 4.475900e+15 nan nan 4.575345e+15 nan 8.664206e+74
45.200000 1.145833e+09 nan 4.485800e+15 nan nan 4.585473e+15 nan 8.721841e+74
45.300000 1.145833e+09 nan 4.495700e+15 nan nan 4.595601e+15 nan 8.779730e+74
45.400000 1.145833e+09 nan 4.505600e+15 nan nan 4.591787e+15 nan 8.811123e+74
45.500000 1.145833e+09 nan 4.515500e+15 nan nan 4.601884e+15 nan 8.869346e+74
45.600000 1.145833e+09 nan 4.525400e+15 nan nan 4.611980e+15 nan 8.927824e+74
45.700000 1.145833e+09 nan 4.535300e+15 nan nan 4.622077e+15 nan 8.986559e+74
45.800000 1.145833e+09 nan 4.545200e+15 nan nan 4.632173e+15 nan 9.045551e+74
45.900000 1.145833e+09 nan 4.555100e+15 nan nan 4.642270e+15 nan 9.104800e+74
46.000000 1.145833e+09 nan 4.565000e+15 nan nan 4.652366e+15 nan 9.164308e+74
46.100000 1.145833e+09 nan 4.574900e+15 nan nan 4.662463e+15 nan 9.224075e+74
46.200000 1.145833e+09 nan 4.584800e+15 nan nan 4.672559e+15 nan 9.284100e+74
46.300000 1.145833e+09 nan 4.594700e+15 nan nan 4.682656e+15 nan 9.344386e+74
46.400000 1.145833e+09 nan 4.604600e+15 nan nan 4.692752e+15 nan 9.404932e+74
46.500000 1.145833e+09 nan 4.614500e+15 nan nan 4.702849e+15 nan 9.465740e+74
46.600000 1.145833e+09 nan 4.624400e+15 nan nan 4.712945e+15 nan 9.526808e+74
46.700000 1.145833e+09 nan 4.634300e+15 nan nan 4.723042e+15 nan 9.588139e+74
46.800000 1.145833e+09 nan 4.644200e+15 nan nan 4.733139e+15 nan 9.649733e+74
46.900000 1.145833e+09 nan 4.654100e+15 nan nan 4.743235e+15 nan 9.711590e+74
47.000000 1.145833e+09 nan 4.664000e+15 nan nan 4.753332e+15 nan 9.773710e+74
47.100000 1.145833e+09 nan 4.673900e+15 nan nan 4.763429e+15 nan 9.836095e+74
47.200000 1.145833e+09 nan 4.683800e+15 nan nan 4.773525e+15 nan 9.898745e+74
47.300000 1.145833e+09 nan 4.693700e+15 nan nan 4.783622e+15 nan 9.961660e+74
47.400000 1.145833e+09 nan 4.703600e+15 nan nan 4.793719e+15 nan 1.002484e+75
47.500000 1.145833e+09 nan 4.713500e+15 nan nan 4.803815e+15 nan 1.008829e+75
47.600000 1.145833e+09 nan 4.723400e+15 nan nan 4.813912e+15 nan 1.015201e+75
47.700000 1.145833e+09 nan 4.733300e+15 nan nan 4.824009e+15 nan 1.021599e+75
47.800000 1.145833e+09 nan 4.743200e+15 nan nan 4.834106e+15 nan 1.028024e+75
47.900000 1.145833e+09 nan 4.753100e+15 nan nan 4.844202e+15 nan 1.034476e+75
48.000000 1.145833e+09 nan 4.763000e+15 nan nan 4.854299e+15 nan 1.040955e+75
48.100000 1.145833e+09 nan 4.772900e+15 nan nan 4.864396e+15 nan 1.047461e+75
48.200000 1.145833e+09 nan 4.782800e+15 nan nan 4.874493e+15 nan 1.053994e+75
48.300000 1.145833e+09 nan 4.792700e+15 nan nan 4.884590e+15 nan 1.060554e+75
48.400000 1.145833e+09 nan 4.802600e+15 nan nan 4.894687e+15 nan 1.067141e+75
48.500000 1.145833e+09 nan 4.812500e+15 nan nan 4.904783e+15 nan 1.073756e+75
48.600000 1.145833e+09 nan 4.822400e+15 nan nan 4.914880e+15 nan 1.080398e+75
48.700000 1.145833e+09 nan 4.832300e+15 nan nan 4.924977e+15 nan 1.087067e+75
48.800000 1.145833e+09 nan 4.842200e+15 nan nan 4.935074e+15 nan 1.093763e+75
48.900000 1.145833e+09 nan 4.852100e+15 nan nan 4.945171e+15 nan 1.100487e+75
49.000000 1.145833e+09 nan 4.862000e+15 nan nan 4.955268e+15 nan 1.107239e+75
49.100000 1.145833e+09 nan 4.871900e+15 nan nan 4.965365e+15 nan 1.114018e+75
49.200000 1.145833e+09 nan 4.881800e+15 nan nan 4.975462e+15 nan 1.120824e+75
49.300000 1.145833e+09 nan 4.891700e+15 nan nan 4.985559e+15 nan 1.127659e+75
49.400000 1.145833e+09 nan 4.901600e+15 nan nan 4.995656e+15 nan 1.134521e+75
49.500000 1.145833e+09 nan 4.911500e+15 nan nan 5.005753e+15 nan 1.141411e+75
49.600000 1.145833e+09 nan 4.921400e+15 nan nan 5.015850e+15 nan 1.148328e+75
49.700000 1.145833e+09 nan 4.931300e+15 nan nan 5.025947e+15 nan 1.155274e+75
49.800000 1.145833e+09 nan 4.941200e+15 nan nan 5.036044e+15 nan 1.162247e+75
49.900000 1.145833e+09 nan 4.951100e+15 nan nan 5.046141e+15 nan 1.169249e+75
50.000000 1.145833e+09 nan 4.961000e+15 nan nan 5.056238e+15 nan 1.176279e+75
50.100000 1.145833e+09 nan 4.970900e+15 nan nan 5.066335e+15 nan 1.183336e+75
50.200000 1.145833e+09 nan 4.980800e+15 nan nan 5.076432e+15 nan 1.190422e+75
50.300000 1.145833e+09 nan 4.990700e+15 nan nan 5.086529e+15 nan 1.197536e+75
50.400000 1.145833e+09 nan 5.000600e+15 nan nan 5.096627e+15 nan 1.204679e+75
50.500000 1.145833e+09 nan 5.010500e+15 nan nan 5.106724e+15 nan 1.211850e+75
50.600000 1.145833e+09 nan 5.020400e+15 nan nan 5.116821e+15 nan 1.219049e+75
50.700000 1.145833e+09 nan 5.030300e+15 nan nan 5.126918e+15 nan 1.226276e+75
50.800000 1.145833e+09 nan 5.040200e+15 nan nan 5.137015e+15 nan 1.233533e+75
50.900000 1.145833e+09 nan 5.050100e+15 nan nan 5.147112e+15 nan 1.240817e+75
51.000000 1.145833e+09 nan 5.060000e+15 nan nan 5.157210e+15 nan 1.248131e+75
51.100000 1.145833e+09 nan 5.069900e+15 nan nan 5.167307e+15 nan 1.255473e+75
51.200000 1.145833e+09 nan 5.079800e+15 nan nan 5.177404e+15 nan 1.262843e+75
51.300000 1.145833e+09 nan 5.089700e+15 nan nan 5.187501e+15 nan 1.270243e+75
51.400000 1.145833e+09 nan 5.099600e+15 nan nan 5.197599e+15 nan 1.277671e+75
51.500000 1.145833e+09 nan 5.109500e+15 nan nan 5.207696e+15 nan 1.285129e+75
51.600000 1.145833e+09 nan 5.119400e+15 nan nan 5.217793e+15 nan 1.292615e+75
51.700000 1.145833e+09 nan 5.129300e+15 nan nan 5.227891e+15 nan 1.300130e+75
51.800000 1.145833e+09 nan 5.139200e+15 nan nan 5.237988e+15 nan 1.307675e+75
51.900000 1.145833e+09 nan 5.149100e+15 nan nan 5.248085e+15 nan 1.315248e+75
52.000000 1.145833e+09 nan 5.159000e+15 nan nan 5.258183e+15 nan 1.322851e+75
52.100000 1.145833e+09 nan 5.168900e+15 nan nan 5.268280e+15 nan 1.330483e+75
52.200000 1.145833e+09 nan 5.178800e+15 nan nan 5.278377e+15 nan 1.338144e+75
52.300000 1.145833e+09 nan 5.188700e+15 nan nan 5.288475e+15 nan 1.345835e+75
52.400000 1.145833e+09 nan 5.198600e+15 nan nan 5.298572e+15 nan 1.353555e+75
52.500000 1.145833e+09 nan 5.208500e+15 nan nan 5.296377e+15 nan 1.358152e+75
52.600000 1.145833e+09 nan 5.218400e+15 nan nan 5.306450e+15 nan 1.365913e+75
52.700000 1.145833e+09 nan 5.228300e+15 nan nan 5.316523e+15 nan 1.373703e+75
52.800000 1.145833e+09 nan 5.238200e+15 nan nan 5.326596e+15 nan 1.381523e+75
52.900000 1.145833e+09 nan 5.248100e+15 nan nan 5.336670e+15 nan 1.389373e+75
53.000000 1.145833e+09 nan 5.258000e+15 nan nan 5.346743e+15 nan 1.397252e+75
53.100000 1.145833e+09 nan 5.267900e+15 nan nan 5.356816e+15 nan 1.405161e+75
53.200000 1.145833e+09 nan 5.277800e+15 nan nan 5.366889e+15 nan 1.413099e+75
53.300000 1.145833e+09 nan 5.287700e+15 nan nan 5.376963e+15 nan 1.421068e+75
53.400000 1.145833e+09 nan 5.297600e+15 nan nan 5.387036e+15 nan 1.429066e+75
53.500000 1.145833e+09 nan 5.307500e+15 nan nan 5.397109e+15 nan 1.437095e+75
53.600000 1.145833e+09 nan 5.317400e+15 nan nan 5.407182e+15 nan 1.445153e+75
53.700000 1.145833e+09 nan 5.327300e+15 nan nan 5.417256e+15 nan 1.453242e+75
53.800000 1.145833e+09 nan 5.337200e+15 nan nan 5.427329e+15 nan 1.461360e+75
53.900000 1.145833e+09 nan 5.347100e+15 nan nan 5.437402e+15 nan 1.469509e+75
54.000000 1.145833e+09 nan 5.357000e+15 nan nan 5.447476e+15 nan 1.477688e+75
54.100000 1.145833e+09 nan 5.366900e+15 nan nan 5.457549e+15 nan 1.485898e+75
54.200000 1.145833e+09 nan 5.376800e+15 nan nan 5.467622e+15 nan 1.494137e+75
54.300000 1.145833e+09 nan 5.386700e+15 nan nan 5.477696e+15 nan 1.502407e+75
54.400000 1.145833e+09 nan 5.396600e+15 nan nan 5.487769e+15 nan 1.510708e+75
54.500000 1.145833e+09 nan 5.406500e+15 nan nan 5.497843e+15 nan 1.519039e+75
54.600000 1.145833e+09 nan 5.416400e+15 nan nan 5.507916e+15 nan 1.527401e+75
54.700000 1.145833e+09 nan 5.426300e+15 nan nan 5.517989e+15 nan 1.535793e+75
54.800000 1.145833e+09 nan 5.436200e+15 nan nan 5.528063e+15 nan 1.544216e+75
54.900000 1.145833e+09 nan 5.446100e+15 nan nan 5.538136e+15 nan 1.552670e+75
55.000000 1.145833e+09 nan 5.456000e+15 nan nan 5.548210e+15 nan 1.561154e+75
55.100000 1.145833e+09 nan 5.465900e+15 nan nan 5.558283e+15 nan 1.569670e+75
55.200000 1.145833e+09 nan 5.475800e+15 nan nan 5.568357e+15 nan 1.578216e+75
55.300000 1.145833e+09 nan 5.485700e+15 nan nan 5.578430e+15 nan 1.586793e+75
55.400000 1.145833e+09 nan 5.495600e+15 nan nan 5.588504e+15 nan 1.595401e+75
55.500000 1.145833e+09 nan 5.505500e+15 nan nan 5.598577e+15 nan 1.604041e+75
55.600000 1.145833e+09 nan 5.515400e+15 nan nan 5.608651e+15 nan 1.612711e+75
55.700000 1.145833e+09 nan 5.525300e+15 nan nan 5.618724e+15 nan 1.621413e+75
55.800000 1.145833e+09 nan 5.535200e+15 nan nan 5.628798e+15 nan 1.630146e+75
55.900000 1.145833e+09 nan 5.545100e+15 nan nan 5.638871e+15 nan 1.638910e+75
56.000000 1.145833e+09 nan 5.555000e+15 nan nan 5.648945e+15 nan 1.647706e+75
56.100000 1.145833e+09 nan 5.564900e+15 nan nan 5.659018e+15 nan 1.656533e+75
56.200000 1.145833e+09 nan 5.574800e+15 nan nan 5.669092e+15 nan 1.665391e+75
56.300000 1.145833e+09 nan 5.584700e+15 nan nan 5.679166e+15 nan 1.674281e+75
56.400000 1.145833e+09 nan 5.594600e+15 nan nan 5.689239e+15 nan 1.683203e+75
56.500000 1.145833e+09 nan 5.604500e+15 nan nan 5.699313e+15 nan 1.692156e+75
56.600000 1.145833e+09 nan 5.614400e+15 nan nan 5.709386e+15 nan 1.701141e+75
56.700000 1.145833e+09 nan 5.624300e+15 nan nan 5.719460e+15 nan 1.710158e+75
56.800000 1.145833e+09 nan 5.634200e+15 nan nan 5.729534e+15 nan 1.719206e+75
56.900000 1.145833e+09 nan 5.644100e+15 nan nan 5.739607e+15 nan 1.728287e+75
57.000000 1.145833e+09 nan 5.654000e+15 nan nan 5.749681e+15 nan 1.737399e+75
57.100000 1.145833e+09 nan 5.663900e+15 nan nan 5.759755e+15 nan 1.746543e+75
57.200000 1.145833e+09 nan 5.673800e+15 nan nan 5.769828e+15 nan 1.755720e+75
57.300000 1.145833e+09 nan 5.683700e+15 nan nan 5.779902e+15 nan 1.764928e+75
57.400000 1.145833e+09 nan 5.693600e+15 nan nan 5.789976e+15 nan 1.774169e+75
57.500000 1.145833e+09 nan 5.703500e+15 nan nan 5.800050e+15 nan 1.783441e+75
57.600000 1.145833e+09 nan 5.713400e+15 nan nan 5.810123e+15 nan 1.792746e+75
57.700000 1.145833e+09 nan 5.723300e+15 nan nan 5.820197e+15 nan 1.802084e+75
57.800000 1.145833e+09 nan 5.733200e+15 nan nan 5.830271e+15 nan 1.811453e+75
57.900000 1.145833e+09 nan 5.743100e+15 nan nan 5.840345e+15 nan 1.820855e+75
58.000000 1.145833e+09 nan 5.753000e+15 nan nan 5.850418e+15 nan 1.830290e+75
58.100000 1.145833e+09 nan 5.762900e+15 nan nan 5.860492e+15 nan 1.839757e+75
58.200000 1.145833e+09 nan 5.772800e+15 nan nan 5.870566e+15 nan 1.849257e+75
58.300000 1.145833e+09 nan 5.782700e+15 nan nan 5.880640e+15 nan 1.858789e+75
58.400000 1.145833e+09 nan 5.792600e+15 nan nan 5.890714e+15 nan 1.868354e+75
58.500000 1.145833e+09 nan 5.802500e+15 nan nan 5.900787e+15 nan 1.877952e+75
58.600000 1.145833e+09 nan 5.812400e+15 nan nan 5.910861e+15 nan 1.887583e+75
58.700000 1.145833e+09 nan 5.822300e+15 nan nan 5.920935e+15 nan 1.897246e+75
58.800000 1.145833e+09 nan 5.832200e+15 nan nan 5.931009e+15 nan 1.906943e+75
58.900000 1.145833e+09 nan 5.842100e+15 nan nan 5.941083e+15 nan 1.916672e+75
59.000000 1.145833e+09 nan 5.852000e+15 nan nan 5.951157e+15 nan 1.926435e+75
59.100000 1.145833e+09 nan 5.861900e+15 nan nan 5.961231e+15 nan 1.936230e+75
59.200000 1.145833e+09 nan 5.871800e+15 nan nan 5.971305e+15 nan 1.946059e+75
59.300000 1.145833e+09 nan 5.881700e+15 nan nan 5.981378e+15 nan 1.955921e+75
59.400000 1.145833e+09 nan 5.891600e+15 nan nan 5.991452e+15 nan 1.965816e+75
59.500000 1.145833e+09 nan 5.901500e+15 nan nan 5.990559e+15 nan 1.972134e+75
59.600000 1.145833e+09 nan 5.911400e+15 nan nan 6.000613e+15 nan 1.982077e+75
59.700000 1.145833e+09 nan 5.921300e+15 nan nan 6.010668e+15 nan 1.992054e+75
59.800000 1.145833e+09 nan 5.931200e+15 nan nan 6.020723e+15 nan 2.002064e+75
59.900000 1.145833e+09 nan 5.941100e+15 nan nan 6.030778e+15 nan 2.012108e+75
60.000000 1.145833e+09 nan 5.951000e+15 nan nan 6.040833e+15 nan 2.022185e+75
60.100000 1.145833e+09 nan 5.960900e+15 nan nan 6.050887e+15 nan 2.032296e+75
60.200000 1.145833e+09 nan 5.970800e+15 nan nan 6.060942e+15 nan 2.042441e+75
60.300000 1.145833e+09 nan 5.980700e+15 nan nan 6.070997e+15 nan 2.052619e+75
60.400000 1.145833e+09 nan 5.990600e+15 nan nan 6.081052e+15 nan 2.062831e+75
60.500000 1.145833e+09 nan 6.000500e+15 nan nan 6.091107e+15 nan 2.073076e+75
60.600000 1.145833e+09 nan 6.010400e+15 nan nan 6.101162e+15 nan 2.083356e+75
60.700000 1.145833e+09 nan 6.020300e+15 nan nan 6.111217e+15 nan 2.093670e+75
60.800000 1.145833e+09 nan 6.030200e+15 nan nan 6.121271e+15 nan 2.104017e+75
60.900000 1.145833e+09 nan 6.040100e+15 nan nan 6.131326e+15 nan 2.114399e+75
61.000000 1.145833e+09 nan 6.050000e+15 nan nan 6.141381e+15 nan 2.124815e+75
61.100000 1.145833e+09 nan 6.059900e+15 nan nan 6.151436e+15 nan 2.135264e+75
61.200000 1.145833e+09 nan 6.069800e+15 nan nan 6.161491e+15 nan 2.145748e+75
61.300000 1.145833e+09 nan 6.079700e+15 nan nan 6.171546e+15 nan 2.156267e+75
61.400000 1.145833e+09 nan 6.089600e+15 nan nan 6.181601e+15 nan 2.166819e+75
61.500000 1.145833e+09 nan 6.099500e+15 nan nan 6.191656e+15 nan 2.177406e+75
61.600000 1.145833e+09 nan 6.109400e+15 nan nan 6.201711e+15 nan 2.188028e+75
61.700000 1.145833e+09 nan 6.119300e+15 nan nan 6.211766e+15 nan 2.198684e+75
61.800000 1.145833e+09 nan 6.129200e+15 nan nan 6.221821e+15 nan 2.209374e+75
61.900000 1.145833e+09 nan 6.139100e+15 nan nan 6.231876e+15 nan 2.220099e+75
62.000000 1.145833e+09 nan 6.149000e+15 nan nan 6.241931e+15 nan 2.230859e+75
62.100000 1.145833e+09 nan 6.158900e+15 nan nan 6.251986e+15 nan 2.241654e+75
62.200000 1.145833e+09 nan 6.168800e+15 nan nan 6.262041e+15 nan 2.252483e+75
62.300000 1.145833e+09 nan 6.178700e+15 nan nan 6.272096e+15 nan 2.263347e+75
62.400000 1.145833e+09 nan 6.188600e+15 nan nan 6.282151e+15 nan 2.274246e+75
62.500000 1.145833e+09 nan 6.198500e+15 nan nan 6.292206e+15 nan 2.285180e+75
62.600000 1.145833e+09 nan 6.208400e+15 nan nan 6.302261e+15 nan 2.296149e+75
62.700000 1.145833e+09 nan 6.218300e+15 nan nan 6.312316e+15 nan 2.307152e+75
62.800000 1.145833e+09 nan 6.228200e+15 nan nan 6.322371e+15 nan 2.318191e+75
62.900000 1.145833e+09 nan 6.238100e+15 nan nan 6.332426e+15 nan 2.329266e+75
63.000000 1.145833e+09 nan 6.248000e+15 nan nan 6.342481e+15 nan 2.340375e+75
63.100000 1.145833e+09 nan 6.257900e+15 nan nan 6.352536e+15 nan 2.351520e+75
63.200000 1.145833e+09 nan 6.267800e+15 nan nan 6.362591e+15 nan 2.362700e+75
63.300000 1.145833e+09 nan 6.277700e+15 nan nan 6.372646e+15 nan 2.373915e+75
63.400000 1.145833e+09 nan 6.287600e+15 nan nan 6.382701e+15 nan 2.385166e+75
63.500000 1.145833e+09 nan 6.297500e+15 nan nan 6.392756e+15 nan 2.396452e+75
63.600000 1.145833e+09 nan 6.307400e+15 nan nan 6.402812e+15 nan 2.407774e+75
63.700000 1.145833e+09 nan 6.317300e+15 nan nan 6.412867e+15 nan 2.419131e+75
63.800000 1.145833e+09 nan 6.327200e+15 nan nan 6.422922e+15 nan 2.430524e+75
63.900000 1.145833e+09 nan 6.337100e+15 nan nan 6.432977e+15 nan 2.441953e+75
64.000000 1.145833e+09 nan 6.347000e+15 nan nan 6.443032e+15 nan 2.453418e+75
64.100000 1.145833e+09 nan 6.356900e+15 nan nan 6.453087e+15 nan 2.464918e+75
64.200000 1.145833e+09 nan 6.366800e+15 nan nan 6.463142e+15 nan 2.476455e+75
64.300000 1.145833e+09 nan 6.376700e+15 nan nan 6.473198e+15 nan 2.488027e+75
64.400000 1.145833e+09 nan 6.386600e+15 nan nan 6.483253e+15 nan 2.499635e+75
64.500000 1.145833e+09 nan 6.396500e+15 nan nan 6.493308e+15 nan 2.511279e+75
64.600000 1.145833e+09 nan 6.406400e+15 nan nan 6.503363e+15 nan 2.522960e+75
64.700000 1.145833e+09 nan 6.416300e+15 nan nan 6.513418e+15 nan 2.534676e+75
64.800000 1.145833e+09 nan 6.426200e+15 nan nan 6.523474e+15 nan 2.546429e+75
64.900000 1.145833e+09 nan 6.436100e+15 nan nan 6.533529e+15 nan 2.558218e+75
65.000000 1.145833e+09 nan 6.446000e+15 nan nan 6.543584e+15 nan 2.570044e+75
65.100000 1.145833e+09 nan 6.455900e+15 nan nan 6.553639e+15 nan 2.581906e+75
65.200000 1.145833e+09 nan 6.465800e+15 nan nan 6.563695e+15 nan 2.593804e+75
65.300000 1.145833e+09 nan 6.475700e+15 nan nan 6.573750e+15 nan 2.605739e+75
65.400000 1.145833e+09 nan 6.485600e+15 nan nan 6.583805e+15 nan 2.617710e+75
65.500000 1.145833e+09 nan 6.495500e+15 nan nan 6.593860e+15 nan 2.629718e+75
65.600000 1.145833e+09 nan 6.505400e+15 nan nan 6.603916e+15 nan 2.641762e+75
65.700000 1.145833e+09 nan 6.515300e+15 nan nan 6.613971e+15 nan 2.653844e+75
65.800000 1.145833e+09 nan 6.525200e+15 nan nan 6.624026e+15 nan 2.665962e+75
65.900000 1.145833e+09 nan 6.535100e+15 nan nan 6.634082e+15 nan 2.678117e+75
66.000000 1.145833e+09 nan 6.545000e+15 nan nan 6.644137e+15 nan 2.690309e+75
66.100000 1.145833e+09 nan 6.554900e+15 nan nan 6.654192e+15 nan 2.702537e+75
66.200000 1.145833e+09 nan 6.564800e+15 nan nan 6.664248e+15 nan 2.714803e+75
66.300000 1.145833e+09 nan 6.574700e+15 nan nan 6.674303e+15 nan 2.727106e+75
66.400000 1.145833e+09 nan 6.584600e+15 nan nan 6.684358e+15 nan 2.739446e+75
66.500000 1.145833e+09 nan 6.594500e+15 nan nan 6.694414e+15 nan 2.751823e+75
66.600000 1.145833e+09 nan 6.604400e+15 nan nan 6.694543e+15 nan 2.760145e+75
66.700000 1.145833e+09 nan 6.614300e+15 nan nan 6.704583e+15 nan 2.772578e+75
66.800000 1.145833e+09 nan 6.624200e+15 nan nan 6.714623e+15 nan 2.785048e+75
66.900000 1.145833e+09 nan 6.634100e+15 nan nan 6.724663e+15 nan 2.797556e+75
67.000000 1.145833e+09 nan 6.644000e+15 nan nan 6.734703e+15 nan 2.810101e+75
67.100000 1.145833e+09 nan 6.653900e+15 nan nan 6.744744e+15 nan 2.822684e+75
67.200000 1.145833e+09 nan 6.663800e+15 nan nan 6.754784e+15 nan 2.835304e+75
67.300000 1.145833e+09 nan 6.673700e+15 nan nan 6.764824e+15 nan 2.847961e+75
67.400000 1.145833e+09 nan 6.683600e+15 nan nan 6.774864e+15 nan 2.860656e+75
67.500000 1.145833e+09 nan 6.693500e+15 nan nan 6.784904e+15 nan 2.873389e+75
67.600000 1.145833e+09 nan 6.703400e+15 nan nan 6.794944e+15 nan 2.886160e+75
67.700000 1.145833e+09 nan 6.713300e+15 nan nan 6.804984e+15 nan 2.898968e+75
67.800000 1.145833e+09 nan 6.723200e+15 nan nan 6.815024e+15 nan 2.911814e+75
67.900000 1.145833e+09 nan 6.733100e+15 nan nan 6.825064e+15 nan 2.924698e+75
68.000000 1.145833e+09 nan 6.743000e+15 nan nan 6.835104e+15 nan 2.937621e+75
68.100000 1.145833e+09 nan 6.752900e+15 nan nan 6.845145e+15 nan 2.950581e+75
68.200000 1.145833e+09 nan 6.762800e+15 nan nan 6.855185e+15 nan 2.963579e+75
68.300000 1.145833e+09 nan 6.772700e+15 nan nan 6.865225e+15 nan 2.976615e+75
68.400000 1.145833e+09 nan 6.782600e+15 nan nan 6.875265e+15 nan 2.989689e+75
68.500000 1.145833e+09 nan 6.792500e+15 nan nan 6.885305e+15 nan 3.002802e+75
68.600000 1.145833e+09 nan 6.802400e+15 nan nan 6.895345e+15 nan 3.015953e+75
68.700000 1.145833e+09 nan 6.812300e+15 nan nan 6.905386e+15 nan 3.029142e+75
68.800000 1.145833e+09 nan 6.822200e+15 nan nan 6.915426e+15 nan 3.042370e+75
68.900000 1.145833e+09 nan 6.832100e+15 nan nan 6.925466e+15 nan 3.055636e+75
69.000000 1.145833e+09 nan 6.842000e+15 nan nan 6.935506e+15 nan 3.068941e+75
69.100000 1.145833e+09 nan 6.851900e+15 nan nan 6.945546e+15 nan 3.082284e+75
69.200000 1.145833e+09 nan 6.861800e+15 nan nan 6.955587e+15 nan 3.095666e+75
69.300000 1.145833e+09 nan 6.871700e+15 nan nan 6.965627e+15 nan 3.109087e+75
69.400000 1.145833e+09 nan 6.881600e+15 nan nan 6.975667e+15 nan 3.122546e+75
69.500000 1.145833e+09 nan 6.891500e+15 nan nan 6.985707e+15 nan 3.136044e+75
69.600000 1.145833e+09 nan 6.901400e+15 nan nan 6.995748e+15 nan 3.149581e+75
69.700000 1.145833e+09 nan 6.911300e+15 nan nan 7.005788e+15 nan 3.163157e+75
69.800000 1.145833e+09 nan 6.921200e+15 nan nan 7.015828e+15 nan 3.176771e+75
69.900000 1.145833e+09 nan 6.931100e+15 nan nan 7.025868e+15 nan 3.190425e+75
70.000000 1.145833e+09 nan 6.941000e+15 nan nan 7.035909e+15 nan 3.204118e+75
70.100000 1.145833e+09 nan 6.950900e+15 nan nan 7.045949e+15 nan 3.217850e+75
70.200000 1.145833e+09 nan 6.960800e+15 nan nan 7.055989e+15 nan 3.231621e+75
70.300000 1.145833e+09 nan 6.970700e+15 nan nan 7.066029e+15 nan 3.245432e+75
70.400000 1.145833e+09 nan 6.980600e+15 nan nan 7.076070e+15 nan 3.259281e+75
70.500000 1.145833e+09 nan 6.990500e+15 nan nan 7.086110e+15 nan 3.273170e+75
70.600000 1.145833e+09 nan 7.000400e+15 nan nan 7.096150e+15 nan 3.287099e+75
70.700000 1.145833e+09 nan 7.010300e+15 nan nan 7.106191e+15 nan 3.301067e+75
70.800000 1.145833e+09 nan 7.020200e+15 nan nan 7.116231e+15 nan 3.315074e+75
70.900000 1.145833e+09 nan 7.030100e+15 nan nan 7.126271e+15 nan 3.329121e+75
71.000000 1.145833e+09 nan 7.040000e+15 nan nan 7.136312e+15 nan 3.343208e+75
71.100000 1.145833e+09 nan 7.049900e+15 nan nan 7.146352e+15 nan 3.357334e+75
71.200000 1.145833e+09 nan 7.059800e+15 nan nan 7.156392e+15 nan 3.371500e+75
71.300000 1.145833e+09 nan 7.069700e+15 nan nan 7.166433e+15 nan 3.385706e+75
71.400000 1.145833e+09 nan 7.079600e+15 nan nan 7.176473e+15 nan 3.399952e+75
71.500000 1.145833e+09 nan 7.089500e+15 nan nan 7.186514e+15 nan 3.414237e+75
71.600000 1.145833e+09 nan 7.099400e+15 nan nan 7.196554e+15 nan 3.428563e+75
71.700000 1.145833e+09 nan 7.109300e+15 nan nan 7.206594e+15 nan 3.442928e+75
71.800000 1.145833e+09 nan 7.119200e+15 nan nan 7.216635e+15 nan 3.457334e+75
71.900000 1.145833e+09 nan 7.129100e+15 nan nan 7.226675e+15 nan 3.471780e+75
72.000000 1.145833e+09 nan 7.139000e+15 nan nan 7.236716e+15 nan 3.486266e+75
72.100000 1.145833e+09 nan 7.148900e+15 nan nan 7.246756e+15 nan 3.500792e+75
72.200000 1.145833e+09 nan 7.158800e+15 nan nan 7.256796e+15 nan 3.515359e+75
72.300000 1.145833e+09 nan 7.168700e+15 nan nan 7.266837e+15 nan 3.529965e+75
72.400000 1.145833e+09 nan 7.178600e+15 nan nan 7.276877e+15 nan 3.544613e+75
72.500000 1.145833e+09 nan 7.188500e+15 nan nan 7.286918e+15 nan 3.559300e+75
72.600000 1.145833e+09 nan 7.198400e+15 nan nan 7.296958e+15 nan 3.574029e+75
72.700000 1.145833e+09 nan 7.208300e+15 nan nan 7.306999e+15 nan 3.588798e+75
72.800000 1.145833e+09 nan 7.218200e+15 nan nan 7.317039e+15 nan 3.603607e+75
72.900000 1.145833e+09 nan 7.228100e+15 nan nan 7.327080e+15 nan 3.618457e+75
73.000000 1.145833e+09 nan 7.238000e+15 nan nan 7.337120e+15 nan 3.633348e+75
73.100000 1.145833e+09 nan 7.247900e+15 nan nan 7.347161e+15 nan 3.648280e+75
73.200000 1.145833e+09 nan 7.257800e+15 nan nan 7.357201e+15 nan 3.663252e+75
73.300000 1.145833e+09 nan 7.267700e+15 nan nan 7.367242e+15 nan 3.678266e+75
73.400000 1.145833e+09 nan 7.277600e+15 nan nan 7.377282e+15 nan 3.693320e+75
73.500000 1.145833e+09 nan 7.287500e+15 nan nan 7.387323e+15 nan 3.708416e+75
73.600000 1.145833e+09 nan 7.297400e+15 nan nan 7.397363e+15 nan 3.723552e+75
73.700000 1.145833e+09 nan 7.307300e+15 nan nan 7.398349e+15 nan 3.734160e+75
73.800000 1.145833e+09 nan 7.317200e+15 nan nan 7.408377e+15 nan 3.749360e+75
73.900000 1.145833e+09 nan 7.327100e+15 nan nan 7.418405e+15 nan 3.764601e+75
74.000000 1.145833e+09 nan 7.337000e+15 nan nan 7.428432e+15 nan 3.779884e+75
74.100000 1.145833e+09 nan 7.346900e+15 nan nan 7.438460e+15 nan 3.795208e+75
74.200000 1.145833e+09 nan 7.356800e+15 nan nan 7.448488e+15 nan 3.810573e+75
74.300000 1.145833e+09 nan 7.366700e+15 nan nan 7.458516e+15 nan 3.825979e+75
74.400000 1.145833e+09 nan 7.376600e+15 nan nan 7.468543e+15 nan 3.841427e+75
74.500000 1.145833e+09 nan 7.386500e+15 nan nan 7.478571e+15 nan 3.856917e+75
74.600000 1.145833e+09 nan 7.396400e+15 nan nan 7.488599e+15 nan 3.872448e+75
74.700000 1.145833e+09 nan 7.406300e+15 nan nan 7.498627e+15 nan 3.888021e+75
74.800000 1.145833e+09 nan 7.416200e+15 nan nan 7.508655e+15 nan 3.903635e+75
74.900000 1.145833e+09 nan 7.426100e+15 nan nan 7.518682e+15 nan 3.919291e+75
75.000000 1.145833e+09 nan 7.436000e+15 nan nan 7.528710e+15 nan 3.934989e+75
75.100000 1.145833e+09 nan 7.445900e+15 nan nan 7.538738e+15 nan 3.950729e+75
75.200000 1.145833e+09 nan 7.455800e+15 nan nan 7.548766e+15 nan 3.966511e+75
75.300000 1.145833e+09 nan 7.465700e+15 nan nan 7.558794e+15 nan 3.982335e+75
75.400000 1.145833e+09 nan 7.475600e+15 nan nan 7.568821e+15 nan 3.998201e+75
75.500000 1.145833e+09 nan 7.485500e+15 nan nan 7.578849e+15 nan 4.014109e+75
75.600000 1.145833e+09 nan 7.495400e+15 nan nan 7.588877e+15 nan 4.030059e+75
75.700000 1.145833e+09 nan 7.505300e+15 nan nan 7.598905e+15 nan 4.046051e+75
75.800000 1.145833e+09 nan 7.515200e+15 nan nan 7.608933e+15 nan 4.062085e+75
75.900000 1.145833e+09 nan 7.525100e+15 nan nan 7.618961e+15 nan 4.078162e+75
76.000000 1.145833e+09 nan 7.535000e+15 nan nan 7.628988e+15 nan 4.094281e+75
76.100000 1.145833e+09 nan 7.544900e+15 nan nan 7.639016e+15 nan 4.110443e+75
76.200000 1.145833e+09 nan 7.554800e+15 nan nan 7.649044e+15 nan 4.126647e+75
76.300000 1.145833e+09 nan 7.564700e+15 nan nan 7.659072e+15 nan 4.142894e+75
76.400000 1.145833e+09 nan 7.574600e+15 nan nan 7.669100e+15 nan 4.159183e+75
76.500000 1.145833e+09 nan 7.584500e+15 nan nan 7.679128e+15 nan 4.175515e+75
76.600000 1.145833e+09 nan 7.594400e+15 nan nan 7.689156e+15 nan 4.191889e+75
76.700000 1.145833e+09 nan 7.604300e+15 nan nan 7.699184e+15 nan 4.208307e+75
76.800000 1.145833e+09 nan 7.614200e+15 nan nan 7.709211e+15 nan 4.224767e+75
76.900000 1.145833e+09 nan 7.624100e+15 nan nan 7.719239e+15 nan 4.241270e+75
77.000000 1.145833e+09 nan 7.634000e+15 nan nan 7.729267e+15 nan 4.257816e+75
77.100000 1.145833e+09 nan 7.643900e+15 nan nan 7.739295e+15 nan 4.274405e+75
77.200000 1.145833e+09 nan 7.653800e+15 nan nan 7.749323e+15 nan 4.291037e+75
77.300000 1.145833e+09 nan 7.663700e+15 nan nan 7.759351e+15 nan 4.307712e+75
77.400000 1.145833e+09 nan 7.673600e+15 nan nan 7.769379e+15 nan 4.324430e+75
77.500000 1.145833e+09 nan 7.683500e+15 nan nan 7.779407e+15 nan 4.341191e+75
77.600000 1.145833e+09 nan 7.693400e+15 nan nan 7.789435e+15 nan 4.357996e+75
77.700000 1.145833e+09 nan 7.703300e+15 nan nan 7.799463e+15 nan 4.374844e+75
77.800000 1.145833e+09 nan 7.713200e+15 nan nan 7.809491e+15 nan 4.391735e+75
77.900000 1.145833e+09 nan 7.723100e+15 nan nan 7.819519e+15 nan 4.408670e+75
78.000000 1.145833e+09 nan 7.733000e+15 nan nan 7.829547e+15 nan 4.425648e+75
78.100000 1.145833e+09 nan 7.742900e+15 nan nan 7.839575e+15 nan 4.442670e+75
78.200000 1.145833e+09 nan 7.752800e+15 nan nan 7.849603e+15 nan 4.459735e+75
78.300000 1.145833e+09 nan 7.762700e+15 nan nan 7.859631e+15 nan 4.476844e+75
78.400000 1.145833e+09 nan 7.772600e+15 nan nan 7.869659e+15 nan 4.493997e+75
78.500000 1.145833e+09 nan 7.782500e+15 nan nan 7.879687e+15 nan 4.511193e+75
78.600000 1.145833e+09 nan 7.792400e+15 nan nan 7.889715e+15 nan 4.528433e+75
78.700000 1.145833e+09 nan 7.802300e+15 nan nan 7.899743e+15 nan 4.545718e+75
78.800000 1.145833e+09 nan 7.812200e+15 nan nan 7.909771e+15 nan 4.563046e+75
78.900000 1.145833e+09 nan 7.822100e+15 nan nan 7.919799e+15 nan 4.580418e+75
79.000000 1.145833e+09 nan 7.832000e+15 nan nan 7.929827e+15 nan 4.597834e+75
79.100000 1.145833e+09 nan 7.841900e+15 nan nan 7.939855e+15 nan 4.615294e+75
79.200000 1.145833e+09 nan 7.851800e+15 nan nan 7.949883e+15 nan 4.632798e+75
79.300000 1.145833e+09 nan 7.861700e+15 nan nan 7.959911e+15 nan 4.650347e+75
79.400000 1.145833e+09 nan 7.871600e+15 nan nan 7.969939e+15 nan 4.667940e+75
79.500000 1.145833e+09 nan 7.881500e+15 nan nan 7.979967e+15 nan 4.685577e+75
79.600000 1.145833e+09 nan 7.891400e+15 nan nan 7.989995e+15 nan 4.703258e+75
79.700000 1.145833e+09 nan 7.901300e+15 nan nan 8.000023e+15 nan 4.720984e+75
79.800000 1.145833e+09 nan 7.911200e+15 nan nan 8.010051e+15 nan 4.738755e+75
79.900000 1.145833e+09 nan 7.921100e+15 nan nan 8.020079e+15 nan 4.756570e+75
80.000000 1.145833e+09 nan 7.931000e+15 nan nan 8.030107e+15 nan 4.774429e+75
80.100000 1.145833e+09 nan 7.940900e+15 nan nan 8.040135e+15 nan 4.792334e+75
80.200000 1.145833e+09 nan 7.950800e+15 nan nan 8.050163e+15 nan 4.810282e+75
80.300000 1.145833e+09 nan 7.960700e+15 nan nan 8.060191e+15 nan 4.828276e+75
80.400000 1.145833e+09 nan 7.970600e+15 nan nan 8.070220e+15 nan 4.846315e+75
80.500000 1.145833e+09 nan 7.980500e+15 nan nan 8.080248e+15 nan 4.864398e+75
80.600000 1.145833e+09 nan 7.990400e+15 nan nan 8.090276e+15 nan 4.882526e+75
80.700000 1.145833e+09 nan 8.000300e+15 nan nan 8.091989e+15 nan 4.895669e+75
80.800000 1.145833e+09 nan 8.010200e+15 nan nan 8.102007e+15 nan 4.913869e+75
80.900000 1.145833e+09 nan 8.020100e+15 nan nan 8.112024e+15 nan 4.932113e+75
81.000000 1.145833e+09 nan 8.030000e+15 nan nan 8.122041e+15 nan 4.950403e+75
81.100000 1.145833e+09 nan 8.039900e+15 nan nan 8.132059e+15 nan 4.968737e+75
81.200000 1.145833e+09 nan 8.049800e+15 nan nan 8.142076e+15 nan 4.987117e+75
81.300000 1.145833e+09 nan 8.059700e+15 nan nan 8.152094e+15 nan 5.005542e+75
81.400000 1.145833e+09 nan 8.069600e+15 nan nan 8.162111e+15 nan 5.024013e+75
81.500000 1.145833e+09 nan 8.079500e+15 nan nan 8.172129e+15 nan 5.042529e+75
81.600000 1.145833e+09 nan 8.089400e+15 nan nan 8.182146e+15 nan 5.061090e+75
81.700000 1.145833e+09 nan 8.099300e+15 nan nan 8.192164e+15 nan 5.079697e+75
81.800000 1.145833e+09 nan 8.109200e+15 nan nan 8.202181e+15 nan 5.098349e+75
81.900000 1.145833e+09 nan 8.119100e+15 nan nan 8.212199e+15 nan 5.117047e+75
82.000000 1.145833e+09 nan 8.129000e+15 nan nan 8.222216e+15 nan 5.135791e+75
82.100000 1.145833e+09 nan 8.138900e+15 nan nan 8.232233e+15 nan 5.154581e+75
82.200000 1.145833e+09 nan 8.148800e+15 nan nan 8.242251e+15 nan 5.173416e+75
82.300000 1.145833e+09 nan 8.158700e+15 nan nan 8.252268e+15 nan 5.192297e+75
82.400000 1.145833e+09 nan 8.168600e+15 nan nan 8.262286e+15 nan 5.211224e+75
82.500000 1.145833e+09 nan 8.178500e+15 nan nan 8.272303e+15 nan 5.230196e+75
82.600000 1.145833e+09 nan 8.188400e+15 nan nan 8.282321e+15 nan 5.249215e+75
82.700000 1.145833e+09 nan 8.198300e+15 nan nan 8.292339e+15 nan 5.268280e+75
82.800000 1.145833e+09 nan 8.208200e+15 nan nan 8.302356e+15 nan 5.287391e+75
82.900000 1.145833e+09 nan 8.218100e+15 nan nan 8.312374e+15 nan 5.306548e+75
83.000000 1.145833e+09 nan 8.228000e+15 nan nan 8.322391e+15 nan 5.325752e+75
83.100000 1.145833e+09 nan 8.237900e+15 nan nan 8.332409e+15 nan 5.345001e+75
83.200000 1.145833e+09 nan 8.247800e+15 nan nan 8.342426e+15 nan 5.364297e+75
83.300000 1.145833e+09 nan 8.257700e+15 nan nan 8.352444e+15 nan 5.383640e+75
83.400000 1.145833e+09 nan 8.267600e+15 nan nan 8.362461e+15 nan 5.403028e+75
83.500000 1.145833e+09 nan 8.277500e+15 nan nan 8.372479e+15 nan 5.422464e+75
83.600000 1.145833e+09 nan 8.287400e+15 nan nan 8.382496e+15 nan 5.441946e+75
83.700000 1.145833e+09 nan 8.297300e+15 nan nan 8.392514e+15 nan 5.461474e+75
83.800000 1.145833e+09 nan 8.307200e+15 nan nan 8.402532e+15 nan 5.481049e+75
83.900000 1.145833e+09 nan 8.317100e+15 nan nan 8.412549e+15 nan 5.500671e+75
84.000000 1.145833e+09 nan 8.327000e+15 nan nan 8.422567e+15 nan 5.520340e+75
84.100000 1.145833e+09 nan 8.336900e+15 nan nan 8.432584e+15 nan 5.540055e+75
84.200000 1.145833e+09 nan 8.346800e+15 nan nan 8.442602e+15 nan 5.559818e+75
84.300000 1.145833e+09 nan 8.356700e+15 nan nan 8.452619e+15 nan 5.579627e+75
84.400000 1.145833e+09 nan 8.366600e+15 nan nan 8.462637e+15 nan 5.599483e+75
84.500000 1.145833e+09 nan 8.376500e+15 nan nan 8.472655e+15 nan 5.619387e+75
84.600000 1.145833e+09 nan 8.386400e+15 nan nan 8.482672e+15 nan 5.639337e+75
84.700000 1.145833e+09 nan 8.396300e+15 nan nan 8.492690e+15 nan 5.659335e+75
84.800000 1.145833e+09 nan 8.406200e+15 nan nan 8.502707e+15 nan 5.679380e+75
84.900000 1.145833e+09 nan 8.416100e+15 nan nan 8.512725e+15 nan 5.699472e+75
85.000000 1.145833e+09 nan 8.426000e+15 nan nan 8.522743e+15 nan 5.719611e+75
85.100000 1.145833e+09 nan 8.435900e+15 nan nan 8.532760e+15 nan 5.739798e+75
85.200000 1.145833e+09 nan 8.445800e+15 nan nan 8.542778e+15 nan 5.760032e+75
85.300000 1.145833e+09 nan 8.455700e+15 nan nan 8.552796e+15 nan 5.780314e+75
85.400000 1.145833e+09 nan 8.465600e+15 nan nan 8.562813e+15 nan 5.800644e+75
85.500000 1.145833e+09 nan 8.475500e+15 nan nan 8.572831e+15 nan 5.821021e+75
85.600000 1.145833e+09 nan 8.485400e+15 nan nan 8.582849e+15 nan 5.841445e+75
85.700000 1.145833e+09 nan 8.495300e+15 nan nan 8.592866e+15 nan 5.861918e+75
85.800000 1.145833e+09 nan 8.505200e+15 nan nan 8.602884e+15 nan 5.882438e+75
85.900000 1.145833e+09 nan 8.515100e+15 nan nan 8.612902e+15 nan 5.903006e+75
86.000000 1.145833e+09 nan 8.525000e+15 nan nan 8.622919e+15 nan 5.923622e+75
86.100000 1.145833e+09 nan 8.534900e+15 nan nan 8.632937e+15 nan 5.944286e+75
86.200000 1.145833e+09 nan 8.544800e+15 nan nan 8.642955e+15 nan 5.964997e+75
86.300000 1.145833e+09 nan 8.554700e+15 nan nan 8.652972e+15 nan 5.985757e+75
86.400000 1.145833e+09 nan 8.564600e+15 nan nan 8.662990e+15 nan 6.006565e+75
86.500000 1.145833e+09 nan 8.574500e+15 nan nan 8.673008e+15 nan 6.027421e+75
86.600000 1.145833e+09 nan 8.584400e+15 nan nan 8.683025e+15 nan 6.048326e+75
86.700000 1.145833e+09 nan 8.594300e+15 nan nan 8.693043e+15 nan 6.069279e+75
86.800000 1.145833e+09 nan 8.604200e+15 nan nan 8.703061e+15 nan 6.090280e+75
86.900000 1.145833e+09 nan 8.614100e+15 nan nan 8.713078e+15 nan 6.111329e+75
87.000000 1.145833e+09 nan 8.624000e+15 nan nan 8.723096e+15 nan 6.132427e+75
87.100000 1.145833e+09 nan 8.633900e+15 nan nan 8.733114e+15 nan 6.153573e+75
87.200000 1.145833e+09 nan 8.643800e+15 nan nan 8.743132e+15 nan 6.174768e+75
87.300000 1.145833e+09 nan 8.653700e+15 nan nan 8.753149e+15 nan 6.196012e+75
87.400000 1.145833e+09 nan 8.663600e+15 nan nan 8.763167e+15 nan 6.217304e+75
87.500000 1.145833e+09 nan 8.673500e+15 nan nan 8.773185e+15 nan 6.238645e+75
87.600000 1.145833e+09 nan 8.683400e+15 nan nan 8.783203e+15 nan 6.260035e+75
87.700000 1.145833e+09 nan 8.693300e+15 nan nan 8.793220e+15 nan 6.281473e+75
87.800000 1.145833e+09 nan 8.703200e+15 nan nan 8.795539e+15 nan 6.297448e+75
87.900000 1.145833e+09 nan 8.713100e+15 nan nan 8.805548e+15 nan 6.318966e+75
88.000000 1.145833e+09 nan 8.723000e+15 nan nan 8.815556e+15 nan 6.340532e+75
88.100000 1.145833e+09 nan 8.732900e+15 nan nan 8.825565e+15 nan 6.362147e+75
88.200000 1.145833e+09 nan 8.742800e+15 nan nan 8.835574e+15 nan 6.383812e+75
88.300000 1.145833e+09 nan 8.752700e+15 nan nan 8.845582e+15 nan 6.405525e+75
88.400000 1.145833e+09 nan 8.762600e+15 nan nan 8.855591e+15 nan 6.427288e+75
88.500000 1.145833e+09 nan 8.772500e+15 nan nan 8.865600e+15 nan 6.449100e+75
88.600000 1.145833e+09 nan 8.782400e+15 nan nan 8.875609e+15 nan 6.470961e+75
88.700000 1.145833e+09 nan 8.792300e+15 nan nan 8.885617e+15 nan 6.492872e+75
88.800000 1.145833e+09 nan 8.802200e+15 nan nan 8.895626e+15 nan 6.514832e+75
88.900000 1.145833e+09 nan 8.812100e+15 nan nan 8.905635e+15 nan 6.536841e+75
89.000000 1.145833e+09 nan 8.822000e+15 nan nan 8.915644e+15 nan 6.558900e+75
89.100000 1.145833e+09 nan 8.831900e+15 nan nan 8.925652e+15 nan 6.581009e+75
89.200000 1.145833e+09 nan 8.841800e+15 nan nan 8.935661e+15 nan 6.603167e+75
89.300000 1.145833e+09 nan 8.851700e+15 nan nan 8.945670e+15 nan 6.625375e+75
89.400000 1.145833e+09 nan 8.861600e+15 nan nan 8.955679e+15 nan 6.647633e+75
89.500000 1.145833e+09 nan 8.871500e+15 nan nan 8.965687e+15 nan 6.669940e+75
89.600000 1.145833e+09 nan 8.881400e+15 nan nan 8.975696e+15 nan 6.692297e+75
89.700000 1.145833e+09 nan 8.891300e+15 nan nan 8.985705e+15 nan 6.714705e+75
89.800000 1.145833e+09 nan 8.901200e+15 nan nan 8.995714e+15 nan 6.737162e+75
89.900000 1.145833e+09 nan 8.911100e+15 nan nan 9.005723e+15 nan 6.759669e+75
90.000000 1.145833e+09 nan 8.921000e+15 nan nan 9.015731e+15 nan 6.782226e+75
90.100000 1.145833e+09 nan 8.930900e+15 nan nan 9.025740e+15 nan 6.804833e+75
90.200000 1.145833e+09 nan 8.940800e+15 nan nan 9.035749e+15 nan 6.827491e+75
90.300000 1.145833e+09 nan 8.950700e+15 nan nan 9.045758e+15 nan 6.850199e+75
90.400000 1.145833e+09 nan 8.960600e+15 nan nan 9.055767e+15 nan 6.872957e+75
90.500000 1.145833e+09 nan 8.970500e+15 nan nan 9.065775e+15 nan 6.895765e+75
90.600000 1.145833e+09 nan 8.980400e+15 nan nan 9.075784e+15 nan 6.918624e+75
90.700000 1.145833e+09 nan 8.990300e+15 nan nan 9.085793e+15 nan 6.941534e+75
90.800000 1.145833e+09 nan 9.000200e+15 nan nan 9.095802e+15 nan 6.964493e+75
90.900000 1.145833e+09 nan 9.010100e+15 nan nan 9.105811e+15 nan 6.987504e+75
91.000000 1.145833e+09 nan 9.020000e+15 nan nan 9.115819e+15 nan 7.010565e+75
91.100000 1.145833e+09 nan 9.029900e+15 nan nan 9.125828e+15 nan 7.033677e+75
91.200000 1.145833e+09 nan 9.039800e+15 nan nan 9.135837e+15 nan 7.056839e+75
91.300000 1.145833e+09 nan 9.049700e+15 nan nan 9.145846e+15 nan 7.080052e+75
91.400000 1.145833e+09 nan 9.059600e+15 nan nan 9.155855e+15 nan 7.103317e+75
91.500000 1.145833e+09 nan 9.069500e+15 nan nan 9.165864e+15 nan 7.126632e+75
91.600000 1.145833e+09 nan 9.079400e+15 nan nan 9.175873e+15 nan 7.149998e+75
91.700000 1.145833e+09 nan 9.089300e+15 nan nan 9.185881e+15 nan 7.173415e+75
91.800000 1.145833e+09 nan 9.099200e+15 nan nan 9.195890e+15 nan 7.196883e+75
91.900000 1.145833e+09 nan 9.109100e+15 nan nan 9.205899e+15 nan 7.220402e+75
92.000000 1.145833e+09 nan 9.119000e+15 nan nan 9.215908e+15 nan 7.243972e+75
92.100000 1.145833e+09 nan 9.128900e+15 nan nan 9.225917e+15 nan 7.267594e+75
92.200000 1.145833e+09 nan 9.138800e+15 nan nan 9.235926e+15 nan 7.291267e+75
92.300000 1.145833e+09 nan 9.148700e+15 nan nan 9.245935e+15 nan 7.314991e+75
92.400000 1.145833e+09 nan 9.158600e+15 nan nan 9.255944e+15 nan 7.338767e+75
92.500000 1.145833e+09 nan 9.168500e+15 nan nan 9.265953e+15 nan 7.362594e+75
92.600000 1.145833e+09 nan 9.178400e+15 nan nan 9.275961e+15 nan 7.386473e+75
92.700000 1.145833e+09 nan 9.188300e+15 nan nan 9.285970e+15 nan 7.410403e+75
92.800000 1.145833e+09 nan 9.198200e+15 nan nan 9.295979e+15 nan 7.434385e+75
92.900000 1.145833e+09 nan 9.208100e+15 nan nan 9.305988e+15 nan 7.458419e+75
93.000000 1.145833e+09 nan 9.218000e+15 nan nan 9.315997e+15 nan 7.482504e+75
93.100000 1.145833e+09 nan 9.227900e+15 nan nan 9.326006e+15 nan 7.506641e+75
93.200000 1.145833e+09 nan 9.237800e+15 nan nan 9.336015e+15 nan 7.530830e+75
93.300000 1.145833e+09 nan 9.247700e+15 nan nan 9.346024e+15 nan 7.555071e+75
93.400000 1.145833e+09 nan 9.257600e+15 nan nan 9.356033e+15 nan 7.579364e+75
93.500000 1.145833e+09 nan 9.267500e+15 nan nan 9.366042e+15 nan 7.603709e+75
93.600000 1.145833e+09 nan 9.277400e+15 nan nan 9.376051e+15 nan 7.628106e+75
93.700000 1.145833e+09 nan 9.287300e+15 nan nan 9.386060e+15 nan 7.652555e+75
93.800000 1.145833e+09 nan 9.297200e+15 nan nan 9.396068e+15 nan 7.677057e+75
93.900000 1.145833e+09 nan 9.307100e+15 nan nan 9.406077e+15 nan 7.701610e+75
94.000000 1.145833e+09 nan 9.317000e+15 nan nan 9.416086e+15 nan 7.726216e+75
94.100000 1.145833e+09 nan 9.326900e+15 nan nan 9.426095e+15 nan 7.750874e+75
94.200000 1.145833e+09 nan 9.336800e+15 nan nan 9.436104e+15 nan 7.775585e+75
94.300000 1.145833e+09 nan 9.346700e+15 nan nan 9.446113e+15 nan 7.800348e+75
94.400000 1.145833e+09 nan 9.356600e+15 nan nan 9.456122e+15 nan 7.825164e+75
94.500000 1.145833e+09 nan 9.366500e+15 nan nan 9.466131e+15 nan 7.850032e+75
94.600000 1.145833e+09 nan 9.376400e+15 nan nan 9.476140e+15 nan 7.874953e+75
94.700000 1.145833e+09 nan 9.386300e+15 nan nan 9.486149e+15 nan 7.899926e+75
94.800000 1.145833e+09 nan 9.396200e+15 nan nan 9.496158e+15 nan 7.924953e+75
94.900000 1.145833e+09 nan 9.406100e+15 nan nan nan nan nan
95.000000 1.145833e+09 nan 9.416000e+15 nan nan nan nan nan
95.100000 1.145833e+09 nan 9.425900e+15 nan nan nan nan nan
95.200000 1.145833e+09 nan 9.435800e+15 nan nan nan nan nan
95.300000 1.145833e+09 nan 9.445700e+15 nan nan nan nan nan
95.400000 1.145833e+09 nan 9.455600e+15 nan nan nan nan nan
95.500000 1.145833e+09 nan 9.465500e+15 nan nan nan nan nan
95.600000 1.145833e+09 nan 9.475400e+15 nan nan nan nan nan
95.700000 1.145833e+09 nan 9.485300e+15 nan nan nan nan nan
95.800000 1.145833e+09 nan 9.495200e+15 nan nan nan nan nan
95.900000 1.145833e+09 nan 9.505100e+15 nan nan nan nan nan
96.000000 1.145833e+09 nan 9.515000e+15 nan nan nan nan nan
96.100000 1.145833e+09 nan 9.524900e+15 nan nan nan nan nan
96.200000 1.145833e+09 nan 9.534800e+15 nan nan nan nan nan
96.300000 1.145833e+09 nan 9.544700e+15 nan nan nan nan nan
96.400000 1.145833e+09 nan 9.554600e+15 nan nan nan nan nan
96.500000 1.145833e+09 nan 9.564500e+15 nan nan nan nan nan
96.600000 1.145833e+09 nan 9.574400e+15 nan nan nan nan nan
96.700000 1.145833e+09 nan 9.584300e+15 nan nan nan nan nan
96.800000 1.145833e+09 nan 9.594200e+15 nan nan nan nan nan
96.900000 1.145833e+09 nan 9.604100e+15 nan nan nan nan nan
97.000000 1.145833e+09 nan 9.614000e+15 nan nan nan nan nan
97.100000 1.145833e+09 nan 9.623900e+15 nan nan nan nan nan
97.200000 1.145833e+09 nan 9.633800e+15 nan nan nan nan nan
97.300000 1.145833e+09 nan 9.643700e+15 nan nan nan nan nan
97.400000 1.145833e+09 nan 9.653600e+15 nan nan nan nan nan
97.500000 1.145833e+09 nan 9.663500e+15 nan nan nan nan nan
97.600000 1.145833e+09 nan 9.673400e+15 nan nan nan nan nan
97.700000 1.145833e+09 nan 9.683300e+15 nan nan nan nan nan
97.800000 1.145833e+09 nan 9.693200e+15 nan nan nan nan nan
97.900000 1.145833e+09 nan 9.703100e+15 nan nan nan nan nan
98.000000 1.145833e+09 nan 9.713000e+15 nan nan nan nan nan
98.100000 1.145833e+09 nan 9.722900e+15 nan nan nan nan nan
98.200000 1.145833e+09 nan 9.732800e+15 nan nan nan nan nan
98.300000 1.145833e+09 nan 9.742700e+15 nan nan nan nan nan
98.400000 1.145833e+09 nan 9.752600e+15 nan nan nan nan nan
98.500000 1.145833e+09 nan 9.762500e+15 nan nan nan nan nan
98.600000 1.145833e+09 nan 9.772400e+15 nan nan nan nan nan
98.700000 1.145833e+09 nan 9.782300e+15 nan nan nan nan nan
98.800000 1.145833e+09 nan 9.792200e+15 nan nan nan nan nan
98.900000 1.145833e+09 nan 9.802100e+15 nan nan nan nan nan
99.000000 1.145833e+09 nan 9.812000e+15 nan nan nan nan nan
99.100000 1.145833e+09 nan 9.821900e+15 nan nan nan nan nan
99.200000 1.145833e+09 nan 9.831800e+15 nan nan nan nan nan
99.300000 1.145833e+09 nan 9.841700e+15 nan nan nan nan nan
99.400000 1.145833e+09 nan 9.851600e+15 nan nan nan nan nan
99.500000 1.145833e+09 nan 9.861500e+15 nan nan nan nan nan
99.600000 1.145833e+09 nan 9.871400e+15 nan nan nan nan nan
99.700000 1.145833e+09 nan 9.881300e+15 nan nan nan nan nan
99.800000 1.145833e+09 nan 9.891200e+15 nan nan nan nan nan
99.900000 1.145833e+09 nan 9.901100e+15 nan nan nan nan nan
100.000000 1.145833e+09 nan 9.911000e+15 nan nan nan nan nan
100.100000 1.145833e+09 nan 9.920900e+15 nan nan nan nan nan
100.200000 1.145833e+09 nan 9.930800e+15 nan nan nan nan nan
100.300000 1.145833e+09 nan 9.940700e+15 nan nan nan nan nan
100.400000 1.145833e+09 nan 9.950600e+15 nan nan nan nan nan
100.500000 1.145833e+09 nan 9.960500e+15 nan nan nan nan nan
100.600000 1.145833e+09 nan 9.970400e+15 nan nan nan nan nan
100.700000 1.145833e+09 nan 9.980300e+15 nan nan nan nan nan
100.800000 1.145833e+09 nan 9.990200e+15 nan nan nan nan nan
100.900000 1.145833e+09 nan 1.000010e+16 nan nan nan nan nan
101.000000 1.145833e+09 nan 1.001000e+16 nan nan nan nan nan
