1.2685E-08 9.3706E-02 5.9889E-16 1.1551E+00 1.5393E+00
4.0113E-08 9.3706E-02 1.7347E-15 1.1551E+00 1.5393E+00
1.2685E-07 9.3706E-02 5.4857E-15 1.1551E+00 1.5393E+00
4.0113E-07 9.3706E-02 1.7347E-14 1.1551E+00 1.5393E+00
1.2685E-06 9.3706E-02 5.4857E-14 1.1551E+00 1.5393E+00
4.0113E-06 9.3706E-02 1.7347E-13 1.1551E+00 1.5393E+00
1.2685E-05 9.3706E-02 5.4857E-13 1.1551E+00 1.5393E+00
4.0113E-05 9.3706E-02 1.7347E-12 1.1551E+00 1.5393E+00
1.2685E-04 9.3706E-02 5.4857E-12 1.1551E+00 1.5393E+00
4.0113E-04 9.3706E-02 1.7347E-11 1.1551E+00 1.5393E+00
1.2685E-03 9.3706E-02 5.4857E-11 1.1551E+00 1.5393E+00
4.0113E-03 9.3706E-02 1.7347E-10 1.1551E+00 1.5393E+00
1.2685E-02 9.3706E-02 5.4857E-10 1.1551E+00 1.5393E+00
4.0113E-02 9.3706E-02 1.7351E-09 1.1551E+00 1.5393E+00
1.2685E-01 9.3706E-02 5.4868E-09 1.1551E+00 1.5393E+00
