1.2685E-14 4.4258E-01 4.0826E+01 1.1520E+00 1.4805E+00
4.0113E-14 4.5471E-01 4.3327E+01 1.1520E+00 1.4800E+00
1.2685E-13 4.6756E-01 4.7839E+01 1.1519E+00 1.4794E+00
4.0113E-13 4.7844E-01 5.3339E+01 1.1519E+00 1.4788E+00
1.2685E-12 4.8956E-01 5.6610E+01 1.1519E+00 1.4781E+00
4.0113E-12 5.0205E-01 5.3455E+01 1.1518E+00 1.4772E+00
1.2685E-11 5.1457E-01 4.6466E+01 1.1517E+00 1.4763E+00
4.0113E-11 5.2765E-01 3.7511E+01 1.1517E+00 1.4754E+00
1.2685E-10 5.4860E-01 3.0641E+01 1.1516E+00 1.4747E+00
4.0113E-10 5.7876E-01 2.7924E+01 1.1516E+00 1.4739E+00
1.2685E-09 6.3691E-01 3.2222E+01 1.1515E+00 1.4732E+00
4.0113E-09 7.5408E-01 4.7699E+01 1.1514E+00 1.4723E+00
1.2685E-08 1.0134E+00 7.9748E+01 1.1513E+00 1.4711E+00
4.0113E-08 1.6165E+00 1.2873E+02 1.1511E+00 1.4694E+00
1.2685E-07 3.1613E+00 1.8789E+02 1.1509E+00 1.4668E+00
