4.0020E-13 3.1514E-01 3.0263E-05 1.1550E+00 1.5345E+00
1.2655E-12 3.1515E-01 8.6608E-05 1.1550E+00 1.5344E+00
4.0020E-12 3.1516E-01 2.6548E-04 1.1550E+00 1.5342E+00
1.2655E-11 3.1519E-01 7.6777E-04 1.1550E+00 1.5340E+00
4.0020E-11 3.1526E-01 1.9485E-03 1.1550E+00 1.5336E+00
1.2655E-10 3.1541E-01 3.9975E-03 1.1549E+00 1.5333E+00
4.0020E-10 3.1576E-01 6.9011E-03 1.1549E+00 1.5328E+00
1.2655E-09 3.1643E-01 1.2879E-02 1.1549E+00 1.5321E+00
4.0020E-09 3.1784E-01 2.7810E-02 1.1549E+00 1.5311E+00
1.2655E-08 3.2024E-01 5.8268E-02 1.1548E+00 1.5299E+00
4.0020E-08 3.2375E-01 1.1117E-01 1.1548E+00 1.5285E+00
1.2655E-07 3.2826E-01 1.9107E-01 1.1548E+00 1.5270E+00
4.0020E-07 3.3417E-01 3.0289E-01 1.1547E+00 1.5255E+00
1.2655E-06 3.4246E-01 4.6991E-01 1.1547E+00 1.5238E+00
4.0020E-06 3.5579E-01 7.3539E-01 1.1546E+00 1.5221E+00
