1.2685E-11 3.0780E-01 6.2341E-12 1.1551E+00 1.5393E+00
4.0113E-11 3.0780E-01 1.8058E-11 1.1551E+00 1.5393E+00
1.2685E-10 3.0780E-01 5.7103E-11 1.1551E+00 1.5393E+00
4.0113E-10 3.0780E-01 2.2405E-10 1.1551E+00 1.5393E+00
1.2685E-09 3.0780E-01 2.4689E-09 1.1551E+00 1.5393E+00
4.0113E-09 3.0780E-01 1.0749E-08 1.1551E+00 1.5393E+00
1.2685E-08 3.0780E-01 3.4236E-08 1.1551E+00 1.5393E+00
4.0113E-08 3.0780E-01 1.0839E-07 1.1551E+00 1.5393E+00
1.2685E-07 3.0780E-01 3.4462E-07 1.1551E+00 1.5393E+00
4.0113E-07 3.0780E-01 1.0949E-06 1.1551E+00 1.5393E+00
1.2685E-06 3.0780E-01 3.4907E-06 1.1551E+00 1.5393E+00
4.0113E-06 3.0781E-01 1.1122E-05 1.1551E+00 1.5393E+00
1.2685E-05 3.0785E-01 3.5483E-05 1.1551E+00 1.5393E+00
4.0113E-05 3.0793E-01 1.1222E-04 1.1551E+00 1.5393E+00
1.2685E-04 3.0812E-01 3.5295E-04 1.1551E+00 1.5393E+00
