2.0795E-12 3.1321E-01 3.4005E-07 1.1551E+00 1.5378E+00
6.5760E-12 3.1321E-01 5.6805E-07 1.1551E+00 1.5373E+00
2.0795E-11 3.1321E-01 8.8759E-07 1.1550E+00 1.5367E+00
6.5760E-11 3.1321E-01 1.2184E-06 1.1550E+00 1.5362E+00
2.0795E-10 3.1320E-01 1.5044E-06 1.1550E+00 1.5359E+00
6.5760E-10 3.1320E-01 1.8623E-06 1.1550E+00 1.5357E+00
2.0795E-09 3.1321E-01 2.6226E-06 1.1550E+00 1.5357E+00
6.5760E-09 3.1321E-01 4.7145E-06 1.1550E+00 1.5356E+00
2.0795E-08 3.1322E-01 1.0982E-05 1.1550E+00 1.5356E+00
6.5760E-08 3.1324E-01 2.9852E-05 1.1550E+00 1.5356E+00
2.0795E-07 3.1330E-01 8.5145E-05 1.1550E+00 1.5356E+00
6.5760E-07 3.1343E-01 2.4340E-04 1.1550E+00 1.5356E+00
2.0795E-06 3.1374E-01 6.9290E-04 1.1550E+00 1.5355E+00
6.5760E-06 3.1440E-01 2.0138E-03 1.1550E+00 1.5354E+00
2.0795E-05 3.1579E-01 5.8221E-03 1.1550E+00 1.5353E+00
