6.5913E-14 3.1788E-01 1.8404E-01 1.1542E+00 1.5134E+00
2.0844E-13 3.1815E-01 2.4035E-01 1.1541E+00 1.5115E+00
6.5913E-13 3.1851E-01 2.7982E-01 1.1540E+00 1.5094E+00
2.0844E-12 3.1895E-01 2.8429E-01 1.1539E+00 1.5079E+00
6.5913E-12 3.1947E-01 2.7093E-01 1.1538E+00 1.5068E+00
2.0844E-11 3.2005E-01 2.7173E-01 1.1537E+00 1.5055E+00
6.5913E-11 3.2087E-01 3.0794E-01 1.1535E+00 1.5035E+00
2.0844E-10 3.2234E-01 3.9746E-01 1.1534E+00 1.5010E+00
6.5913E-10 3.2557E-01 5.5380E-01 1.1532E+00 1.4993E+00
2.0844E-09 3.3236E-01 8.0525E-01 1.1532E+00 1.4983E+00
6.5913E-09 3.4645E-01 1.2507E+00 1.1531E+00 1.4973E+00
2.0844E-08 3.7760E-01 2.0559E+00 1.1530E+00 1.4959E+00
6.5913E-08 4.4653E-01 3.5497E+00 1.1529E+00 1.4939E+00
2.0844E-07 5.9607E-01 6.5055E+00 1.1527E+00 1.4915E+00
6.5913E-07 9.4739E-01 1.1782E+01 1.1526E+00 1.4893E+00
