1.4182E-16 2.4138E-01 7.1862E+01 8.1629E-01 8.1635E-01
4.4847E-16 2.3386E-01 8.8799E+01 7.8542E-01 7.8547E-01
1.4182E-15 2.0897E-01 1.4802E+02 6.9401E-01 6.9404E-01
4.4847E-15 1.7154E-01 1.8544E+02 5.6138E-01 5.6140E-01
1.4182E-14 1.2732E-01 1.7927E+02 4.0792E-01 4.0793E-01
4.4847E-14 7.8771E-02 1.5467E+02 2.4249E-01 2.4249E-01
1.4182E-13 5.9323E-02 1.5438E+02 1.7689E-01 1.7689E-01
4.4847E-13 3.6389E-02 1.6189E+02 1.0081E-01 1.0081E-01
1.4182E-12 2.2406E-02 1.9808E+02 5.4155E-02 5.4158E-02
4.4847E-12 1.8419E-02 2.2181E+02 3.6610E-02 3.6613E-02
1.4182E-11 1.5059E-02 2.5812E+02 1.6780E-02 1.6782E-02
4.4847E-11 1.9847E-02 2.2379E+02 1.2100E-02 1.2102E-02
1.4182E-10 2.7385E-02 1.9454E+02 6.0779E-03 6.0787E-03
4.4847E-10 4.6225E-02 2.5116E+02 3.5396E-03 3.5401E-03
1.4182E-09 5.4872E-02 2.7893E+02 2.1551E-03 2.1555E-03
