1.2685E-14 4.1810E-01 4.0826E+01 1.2117E+00 1.6624E+00
4.0113E-14 4.2904E-01 4.3167E+01 1.2116E+00 1.6619E+00
1.2685E-13 4.4155E-01 4.7615E+01 1.2116E+00 1.6613E+00
4.0113E-13 4.5217E-01 5.3086E+01 1.2116E+00 1.6606E+00
1.2685E-12 4.6296E-01 5.6661E+01 1.2115E+00 1.6598E+00
4.0113E-12 4.7518E-01 5.3797E+01 1.2115E+00 1.6589E+00
1.2685E-11 4.8766E-01 4.7008E+01 1.2114E+00 1.6578E+00
4.0113E-11 5.0093E-01 3.8240E+01 1.2113E+00 1.6569E+00
1.2685E-10 5.2040E-01 3.0777E+01 1.2113E+00 1.6560E+00
4.0113E-10 5.4958E-01 2.7840E+01 1.2112E+00 1.6552E+00
1.2685E-09 6.0547E-01 3.1728E+01 1.2111E+00 1.6543E+00
4.0113E-09 7.1763E-01 4.6427E+01 1.2110E+00 1.6533E+00
1.2685E-08 9.6351E-01 7.7339E+01 1.2109E+00 1.6521E+00
4.0113E-08 1.5316E+00 1.2528E+02 1.2107E+00 1.6501E+00
1.2685E-07 2.9750E+00 1.8555E+02 1.2104E+00 1.6473E+00
