1.2685E-11 2.8856E-01 6.2844E-12 1.2151E+00 1.7285E+00
4.0113E-11 2.8856E-01 1.7065E-11 1.2151E+00 1.7285E+00
1.2685E-10 2.8856E-01 5.3966E-11 1.2151E+00 1.7285E+00
4.0113E-10 2.8856E-01 2.0527E-10 1.2151E+00 1.7285E+00
1.2685E-09 2.8856E-01 2.1700E-09 1.2151E+00 1.7285E+00
4.0113E-09 2.8856E-01 1.0087E-08 1.2151E+00 1.7285E+00
1.2685E-08 2.8856E-01 3.2130E-08 1.2151E+00 1.7285E+00
4.0113E-08 2.8856E-01 1.0175E-07 1.2151E+00 1.7285E+00
1.2685E-07 2.8856E-01 3.2343E-07 1.2151E+00 1.7285E+00
4.0113E-07 2.8856E-01 1.0273E-06 1.2151E+00 1.7285E+00
1.2685E-06 2.8856E-01 3.2750E-06 1.2151E+00 1.7285E+00
4.0113E-06 2.8857E-01 1.0437E-05 1.2151E+00 1.7285E+00
1.2685E-05 2.8860E-01 3.3294E-05 1.2151E+00 1.7285E+00
4.0113E-05 2.8869E-01 1.0535E-04 1.2151E+00 1.7285E+00
1.2685E-04 2.8887E-01 3.3151E-04 1.2151E+00 1.7284E+00
