2.0795E-12 2.9364E-01 3.4005E-07 1.2151E+00 1.7268E+00
6.5760E-12 2.9363E-01 5.5633E-07 1.2151E+00 1.7262E+00
2.0795E-11 2.9363E-01 8.7377E-07 1.2151E+00 1.7255E+00
6.5760E-11 2.9363E-01 1.2049E-06 1.2151E+00 1.7250E+00
2.0795E-10 2.9363E-01 1.4898E-06 1.2151E+00 1.7246E+00
6.5760E-10 2.9363E-01 1.8352E-06 1.2151E+00 1.7245E+00
2.0795E-09 2.9363E-01 2.5573E-06 1.2151E+00 1.7244E+00
6.5760E-09 2.9363E-01 4.5266E-06 1.2151E+00 1.7244E+00
2.0795E-08 2.9364E-01 1.0429E-05 1.2151E+00 1.7244E+00
6.5760E-08 2.9366E-01 2.8222E-05 1.2151E+00 1.7243E+00
2.0795E-07 2.9371E-01 8.0294E-05 1.2151E+00 1.7243E+00
6.5760E-07 2.9384E-01 2.2969E-04 1.2151E+00 1.7243E+00
2.0795E-06 2.9413E-01 6.5324E-04 1.2151E+00 1.7242E+00
6.5760E-06 2.9475E-01 1.9011E-03 1.2150E+00 1.7241E+00
2.0795E-05 2.9606E-01 5.5098E-03 1.2150E+00 1.7240E+00
