6.5913E-14 2.9804E-01 1.8404E-01 1.2142E+00 1.6994E+00
2.0844E-13 2.9827E-01 2.3869E-01 1.2140E+00 1.6974E+00
6.5913E-13 2.9861E-01 2.7942E-01 1.2139E+00 1.6950E+00
2.0844E-12 2.9902E-01 2.8495E-01 1.2137E+00 1.6932E+00
6.5913E-12 2.9952E-01 2.7154E-01 1.2137E+00 1.6920E+00
2.0844E-11 3.0007E-01 2.7086E-01 1.2136E+00 1.6906E+00
6.5913E-11 3.0085E-01 3.0450E-01 1.2134E+00 1.6884E+00
2.0844E-10 3.0225E-01 3.8954E-01 1.2132E+00 1.6858E+00
6.5913E-10 3.0513E-01 5.4532E-01 1.2131E+00 1.6837E+00
2.0844E-09 3.1143E-01 7.8928E-01 1.2130E+00 1.6825E+00
6.5913E-09 3.2455E-01 1.2194E+00 1.2129E+00 1.6814E+00
2.0844E-08 3.5375E-01 1.9966E+00 1.2128E+00 1.6799E+00
6.5913E-08 4.1947E-01 3.4314E+00 1.2127E+00 1.6777E+00
2.0844E-07 5.6332E-01 6.2591E+00 1.2125E+00 1.6751E+00
6.5913E-07 9.0584E-01 1.1429E+01 1.2123E+00 1.6725E+00
