2.0795E-15 3.1456E-01 2.8548E+02 1.2092E+00 1.6351E+00
6.5760E-15 3.1687E-01 2.9781E+02 1.2091E+00 1.6347E+00
2.0795E-14 3.2064E-01 3.0469E+02 1.2090E+00 1.6339E+00
6.5760E-14 3.2567E-01 3.0352E+02 1.2089E+00 1.6328E+00
2.0795E-13 3.3213E-01 2.8591E+02 1.2086E+00 1.6313E+00
6.5760E-13 3.4057E-01 2.4215E+02 1.2083E+00 1.6297E+00
2.0795E-12 3.5191E-01 1.8446E+02 1.2075E+00 1.6269E+00
6.5760E-12 3.7710E-01 1.4418E+02 1.2054E+00 1.6201E+00
2.0795E-11 4.2566E-01 1.4111E+02 1.1995E+00 1.6016E+00
6.5760E-11 5.3567E-01 1.8987E+02 1.1837E+00 1.5538E+00
2.0795E-10 7.6522E-01 3.5257E+02 1.1499E+00 1.4520E+00
6.5760E-10 1.2176E+00 7.8216E+02 1.0994E+00 1.3001E+00
2.0795E-09 2.2022E+00 1.6677E+03 1.0511E+00 1.1547E+00
6.5760E-09 4.7852E+00 2.8784E+03 1.0213E+00 1.0649E+00
2.0795E-08 1.2479E+01 3.9301E+03 1.0079E+00 1.0249E+00
