6.5913E-11 2.7319E-01 6.6558E-13 1.2151E+00 1.7285E+00
2.0844E-10 2.7319E-01 1.8074E-12 1.2151E+00 1.7285E+00
6.5913E-10 2.7319E-01 5.7154E-12 1.2151E+00 1.7285E+00
2.0844E-09 2.7319E-01 1.8074E-11 1.2151E+00 1.7285E+00
6.5913E-09 2.7319E-01 5.7154E-11 1.2151E+00 1.7285E+00
2.0844E-08 2.7319E-01 1.8074E-10 1.2151E+00 1.7285E+00
6.5913E-08 2.7319E-01 5.7154E-10 1.2151E+00 1.7285E+00
2.0844E-07 2.7319E-01 1.8074E-09 1.2151E+00 1.7285E+00
6.5913E-07 2.7319E-01 5.7154E-09 1.2151E+00 1.7285E+00
2.0844E-06 2.7319E-01 1.8172E-08 1.2151E+00 1.7285E+00
6.5913E-06 2.7319E-01 6.4040E-08 1.2151E+00 1.7285E+00
2.0844E-05 2.7319E-01 2.2333E-07 1.2151E+00 1.7285E+00
6.5913E-05 2.7319E-01 7.2586E-07 1.2151E+00 1.7285E+00
2.0844E-04 2.7319E-01 2.3160E-06 1.2151E+00 1.7285E+00
6.5913E-04 2.7319E-01 7.3234E-06 1.2151E+00 1.7285E+00
