4.0020E-10 2.6375E-01 5.7455E-14 1.1068E+00 1.3873E+00
1.2655E-09 2.6375E-01 1.7641E-13 1.1068E+00 1.3873E+00
4.0020E-09 2.6375E-01 5.5787E-13 1.1068E+00 1.3873E+00
1.2655E-08 2.6375E-01 1.7641E-12 1.1068E+00 1.3873E+00
4.0020E-08 2.6375E-01 5.5787E-12 1.1068E+00 1.3873E+00
1.2655E-07 2.6375E-01 1.7641E-11 1.1068E+00 1.3873E+00
4.0020E-07 2.6375E-01 5.5787E-11 1.1068E+00 1.3873E+00
1.2655E-06 2.6375E-01 1.7641E-10 1.1068E+00 1.3873E+00
4.0020E-06 2.6375E-01 5.5787E-10 1.1068E+00 1.3873E+00
1.2655E-05 2.6375E-01 1.7641E-09 1.1068E+00 1.3873E+00
4.0020E-05 2.6375E-01 5.5787E-09 1.1068E+00 1.3873E+00
1.2655E-04 2.6375E-01 1.7641E-08 1.1068E+00 1.3873E+00
4.0020E-04 2.6375E-01 5.8061E-08 1.1068E+00 1.3873E+00
1.2655E-03 2.6375E-01 1.8504E-07 1.1068E+00 1.3873E+00
4.0020E-03 2.6375E-01 5.8510E-07 1.1068E+00 1.3873E+00
