4.0020E-16 3.2606E-01 4.8449E+01 1.0004E+00 1.0014E+00
1.2655E-15 3.2803E-01 5.4900E+01 1.0002E+00 1.0011E+00
4.0020E-15 3.2982E-01 6.6498E+01 9.9980E-01 1.0006E+00
1.2655E-14 3.3171E-01 8.3127E+01 9.9853E-01 9.9918E-01
4.0020E-14 3.3438E-01 1.0458E+02 9.9486E-01 9.9537E-01
1.2655E-13 3.3921E-01 1.2467E+02 9.8532E-01 9.8569E-01
4.0020E-13 3.5091E-01 1.4032E+02 9.6577E-01 9.6606E-01
1.2655E-12 3.8537E-01 1.5883E+02 9.3889E-01 9.3914E-01
4.0020E-12 4.8617E-01 2.0121E+02 9.1626E-01 9.1649E-01
1.2655E-11 7.6536E-01 2.8972E+02 9.0571E-01 9.0593E-01
4.0020E-11 1.5553E+00 6.3682E+02 8.9916E-01 8.9936E-01
1.2655E-10 3.9126E+00 1.6664E+03 8.8951E-01 8.8969E-01
4.0020E-10 1.0791E+01 4.6654E+03 8.6529E-01 8.6543E-01
1.2655E-09 2.9048E+01 1.2247E+04 8.0583E-01 8.0593E-01
4.0020E-09 6.4814E+01 2.6726E+04 6.9440E-01 6.9446E-01
