1.2685E-14 4.6695E-01 4.0826E+01 1.1041E+00 1.3342E+00
4.0113E-14 4.8028E-01 4.3481E+01 1.1040E+00 1.3337E+00
1.2685E-13 4.9341E-01 4.8062E+01 1.1040E+00 1.3332E+00
4.0113E-13 5.0452E-01 5.3592E+01 1.1040E+00 1.3327E+00
1.2685E-12 5.1596E-01 5.6560E+01 1.1039E+00 1.3320E+00
4.0113E-12 5.2866E-01 5.3112E+01 1.1039E+00 1.3312E+00
1.2685E-11 5.4111E-01 4.5925E+01 1.1038E+00 1.3304E+00
4.0113E-11 5.5458E-01 3.7028E+01 1.1038E+00 1.3296E+00
1.2685E-10 5.7646E-01 3.0503E+01 1.1037E+00 1.3290E+00
4.0113E-10 6.0754E-01 2.8007E+01 1.1037E+00 1.3283E+00
1.2685E-09 6.6754E-01 3.2715E+01 1.1036E+00 1.3276E+00
4.0113E-09 7.8879E-01 4.8965E+01 1.1035E+00 1.3268E+00
1.2685E-08 1.0597E+00 8.2139E+01 1.1034E+00 1.3257E+00
4.0113E-08 1.6945E+00 1.3213E+02 1.1033E+00 1.3241E+00
1.2685E-07 3.3411E+00 1.8817E+02 1.1030E+00 1.3219E+00
