2.0795E-15 3.5557E-01 2.8548E+02 1.1021E+00 1.3123E+00
6.5760E-15 3.5847E-01 2.9845E+02 1.1020E+00 1.3118E+00
2.0795E-14 3.6261E-01 3.0476E+02 1.1019E+00 1.3112E+00
6.5760E-14 3.6813E-01 3.0250E+02 1.1018E+00 1.3103E+00
2.0795E-13 3.7518E-01 2.8226E+02 1.1016E+00 1.3092E+00
6.5760E-13 3.8427E-01 2.3510E+02 1.1014E+00 1.3080E+00
2.0795E-12 3.9615E-01 1.7637E+02 1.1009E+00 1.3062E+00
6.5760E-12 4.2717E-01 1.3988E+02 1.0998E+00 1.3022E+00
2.0795E-11 4.8321E-01 1.4327E+02 1.0965E+00 1.2921E+00
6.5760E-11 6.1188E-01 1.9506E+02 1.0880E+00 1.2662E+00
2.0795E-10 8.8185E-01 3.4989E+02 1.0702E+00 1.2125E+00
6.5760E-10 1.4413E+00 7.1410E+02 1.0447E+00 1.1356E+00
2.0795E-09 2.7360E+00 1.3834E+03 1.0218E+00 1.0665E+00
6.5760E-09 6.2820E+00 2.2126E+03 1.0086E+00 1.0268E+00
2.0795E-08 1.7058E+01 2.9062E+03 1.0031E+00 1.0103E+00
