6.5913E-14 3.3773E-01 1.8404E-01 1.1060E+00 1.3639E+00
2.0844E-13 3.3804E-01 2.4189E-01 1.1059E+00 1.3622E+00
6.5913E-13 3.3841E-01 2.8023E-01 1.1058E+00 1.3603E+00
2.0844E-12 3.3887E-01 2.8362E-01 1.1057E+00 1.3589E+00
6.5913E-12 3.3941E-01 2.7033E-01 1.1057E+00 1.3579E+00
2.0844E-11 3.4002E-01 2.7261E-01 1.1056E+00 1.3567E+00
6.5913E-11 3.4088E-01 3.1137E-01 1.1054E+00 1.3548E+00
2.0844E-10 3.4248E-01 4.0382E-01 1.1053E+00 1.3527E+00
6.5913E-10 3.4601E-01 5.6227E-01 1.1052E+00 1.3512E+00
2.0844E-09 3.5328E-01 8.2122E-01 1.1051E+00 1.3502E+00
6.5913E-09 3.6835E-01 1.2820E+00 1.1050E+00 1.3493E+00
2.0844E-08 4.0134E-01 2.1150E+00 1.1050E+00 1.3480E+00
6.5913E-08 4.7334E-01 3.6677E+00 1.1048E+00 1.3462E+00
2.0844E-07 6.2797E-01 6.7511E+00 1.1047E+00 1.3440E+00
6.5913E-07 9.8773E-01 1.2005E+01 1.1046E+00 1.3421E+00
