6.5913E-11 3.0962E-01 6.5742E-13 1.1068E+00 1.3873E+00
2.0844E-10 3.0962E-01 2.0233E-12 1.1068E+00 1.3873E+00
6.5913E-10 3.0962E-01 6.3981E-12 1.1068E+00 1.3873E+00
2.0844E-09 3.0962E-01 2.0233E-11 1.1068E+00 1.3873E+00
6.5913E-09 3.0962E-01 6.3981E-11 1.1068E+00 1.3873E+00
2.0844E-08 3.0962E-01 2.0233E-10 1.1068E+00 1.3873E+00
6.5913E-08 3.0962E-01 6.3981E-10 1.1068E+00 1.3873E+00
2.0844E-07 3.0962E-01 2.0233E-09 1.1068E+00 1.3873E+00
6.5913E-07 3.0962E-01 6.3981E-09 1.1068E+00 1.3873E+00
2.0844E-06 3.0962E-01 2.0400E-08 1.1068E+00 1.3873E+00
6.5913E-06 3.0962E-01 7.3580E-08 1.1068E+00 1.3873E+00
2.0844E-05 3.0962E-01 2.5073E-07 1.1068E+00 1.3873E+00
6.5913E-05 3.0962E-01 8.1731E-07 1.1068E+00 1.3873E+00
2.0844E-04 3.0962E-01 2.6000E-06 1.1068E+00 1.3873E+00
6.5913E-04 3.0962E-01 8.2200E-06 1.1068E+00 1.3873E+00
