1.4182E-16 2.8170E-01 7.2178E+01 8.6167E-01 8.6173E-01
4.4847E-16 2.6976E-01 9.5682E+01 8.1824E-01 8.1827E-01
1.4182E-15 2.3714E-01 1.7194E+02 7.1108E-01 7.1110E-01
4.4847E-15 1.9182E-01 1.9799E+02 5.6660E-01 5.6661E-01
1.4182E-14 1.4324E-01 1.8745E+02 4.1439E-01 4.1440E-01
4.4847E-14 9.0001E-02 1.6099E+02 2.5048E-01 2.5049E-01
1.4182E-13 6.3322E-02 1.6049E+02 1.6946E-01 1.6947E-01
4.4847E-13 4.0954E-02 1.7260E+02 1.0250E-01 1.0251E-01
1.4182E-12 2.2159E-02 2.2049E+02 4.6962E-02 4.6965E-02
4.4847E-12 2.0061E-02 2.4436E+02 3.6366E-02 3.6368E-02
1.4182E-11 1.6331E-02 2.7875E+02 1.7281E-02 1.7283E-02
4.4847E-11 2.0813E-02 2.3204E+02 1.1545E-02 1.1546E-02
1.4182E-10 2.8511E-02 2.1216E+02 6.1750E-03 6.1757E-03
4.4847E-10 4.8718E-02 2.8850E+02 3.0919E-03 3.0923E-03
1.4182E-09 5.4802E-02 3.0758E+02 2.1408E-03 2.1411E-03
