-21.4937 -20.9937 -20.4937 -19.9937 -19.4937 -18.9937 -18.4937 -17.9937 -17.4937 -16.9937 -16.4937 -15.9937 -15.4937 -14.9937 -14.4937 
3.7636 30.8797 30.5081 30.2693 29.8227 29.2970 28.7310 28.2295 27.7636 27.3705 26.9170 26.4720 25.8884 25.3549 24.9915 24.5167
4.0646 31.3092 30.8644 30.4480 30.0453 29.6451 29.2209 28.7726 28.3279 27.9334 27.5990 27.4463 27.3671 27.3149 27.2336 27.0704
4.5417 33.0338 32.5531 32.0621 31.5587 31.0282 30.4481 29.8226 29.2239 28.7349 28.3690 28.1202 27.9245 27.7057 27.4056 27.0214
5.0646 33.2339 32.7615 32.3051 31.8524 31.3753 30.8475 30.2840 29.6909 29.1068 28.5705 28.1389 27.8150 27.5400 27.2461 26.8975
5.5417 31.8425 31.4613 31.0248 30.5297 30.0088 29.5130 29.0714 28.6843 28.3284 27.9933 27.6871 27.4048 27.1443 26.9096 26.6581
6.0646 29.1072 29.0919 29.0774 29.0366 28.9373 28.7444 28.4792 28.2530 28.0867 27.9067 27.6857 27.4193 27.1188 26.8105 26.4985
6.5417 28.1106 27.8426 27.5344 27.1696 26.7605 26.3557 26.0096 25.7713 25.6443 25.5806 25.5369 25.4927 25.4476 25.4099 25.3688
7.0646 24.4161 24.4067 24.4067 24.5143 25.0738 25.1851 25.1882 25.1886 25.1910 25.1931 25.1967 25.1999 25.2038 25.2035 25.2008
7.5417 24.3971 24.3876 24.3876 24.3876 24.3876 24.3876 24.3876 24.3876 24.3876 24.3913 24.4493 24.4809 24.4942 24.4967 24.4965
8.0646 24.3853 24.3751 24.3750 24.3751 24.3750 24.3751 24.3750 24.3751 24.3750 24.3751 24.3750 24.3751 24.3926 24.3958 24.3957
9.0646 24.4009 24.3914 24.3914 24.3914 24.3914 24.3914 24.3914 24.3914 24.3914 24.3914 24.3914 24.3914 24.3914 24.3915 24.3915
