-21.4937 -20.9937 -20.4937 -19.9937 -19.4937 -18.9937 -18.4937 -17.9937 -17.4937 -16.9937 -16.4937 -15.9937 -15.4937 -14.9937 -14.4937 
3.7636 -0.5386 -0.5585 -0.6159 -0.7094 -0.8356 -1.0361 -1.1953 -1.3793 -1.6450 -1.6926 -1.7830 -1.6816 -1.5455 -1.3135 -1.2639
4.0646 -0.4788 -0.4761 -0.4737 -0.4712 -0.4677 -0.4610 -0.4454 -0.4030 -0.2995 -0.0996 0.2108 0.6130 1.0539 1.4831 1.8300
4.5417 -0.4442 -0.4406 -0.4357 -0.4291 -0.4210 -0.4106 -0.3974 -0.3645 -0.3108 -0.2081 -0.0492 0.1653 0.4455 0.8084 1.2446
5.0646 -0.3262 -0.3140 -0.3024 -0.2928 -0.2831 -0.2726 -0.2626 -0.2518 -0.2352 -0.2124 -0.1717 -0.0995 0.0285 0.2323 0.5277
5.5417 -0.4664 -0.4660 -0.4656 -0.4650 -0.4643 -0.4635 -0.4624 -0.4604 -0.4559 -0.4469 -0.4287 -0.3915 -0.3201 -0.1979 -0.0023
6.0646 -0.4702 -0.4701 -0.4701 -0.4701 -0.4700 -0.4698 -0.4693 -0.4684 -0.4664 -0.4631 -0.4584 -0.4525 -0.4449 -0.4344 -0.4181
6.5417 -0.4728 -0.4728 -0.4728 -0.4728 -0.4728 -0.4728 -0.4728 -0.4728 -0.4728 -0.4728 -0.4727 -0.4725 -0.4721 -0.4712 -0.4693
7.0646 -0.4804 -0.4804 -0.4804 -0.4804 -0.4804 -0.4804 -0.4804 -0.4804 -0.4804 -0.4804 -0.4804 -0.4804 -0.4803 -0.4802 -0.4799
7.5417 -0.5042 -0.5042 -0.5042 -0.5042 -0.5042 -0.5042 -0.5042 -0.5042 -0.5042 -0.5042 -0.5042 -0.5042 -0.5042 -0.5042 -0.5042
8.0646 -0.5738 -0.5738 -0.5738 -0.5738 -0.5738 -0.5738 -0.5738 -0.5738 -0.5738 -0.5738 -0.5738 -0.5738 -0.5738 -0.5738 -0.5738
9.0646 -0.9969 -0.9969 -0.9969 -0.9969 -0.9969 -0.9969 -0.9969 -0.9969 -0.9969 -0.9969 -0.9969 -0.9969 -0.9969 -0.9969 -0.9969
