4.0017E-10 3.1030E-01 6.4834E-14 1.0060E+00 1.0695E+00
1.2654E-09 3.1030E-01 2.0502E-13 1.0060E+00 1.0695E+00
4.0017E-09 3.1030E-01 6.4834E-13 1.0060E+00 1.0695E+00
1.2654E-08 3.1030E-01 2.0502E-12 1.0060E+00 1.0695E+00
4.0017E-08 3.1030E-01 6.4834E-12 1.0060E+00 1.0695E+00
1.2654E-07 3.1030E-01 2.0502E-11 1.0060E+00 1.0695E+00
4.0017E-07 3.1030E-01 6.4834E-11 1.0060E+00 1.0695E+00
1.2654E-06 3.1030E-01 2.0502E-10 1.0060E+00 1.0695E+00
4.0017E-06 3.1030E-01 6.4834E-10 1.0060E+00 1.0695E+00
1.2654E-05 3.1030E-01 2.0502E-09 1.0060E+00 1.0695E+00
4.0017E-05 3.1030E-01 6.4834E-09 1.0060E+00 1.0695E+00
1.2654E-04 3.1030E-01 2.0502E-08 1.0060E+00 1.0695E+00
4.0017E-04 3.1030E-01 6.7845E-08 1.0060E+00 1.0695E+00
1.2654E-03 3.1030E-01 2.1518E-07 1.0060E+00 1.0695E+00
4.0017E-03 3.1030E-01 6.8035E-07 1.0060E+00 1.0695E+00
