1.2685E-14 5.4128E-01 4.1021E+01 1.0038E+00 1.0285E+00
4.0113E-14 5.5621E-01 4.3943E+01 1.0038E+00 1.0281E+00
1.2685E-13 5.7006E-01 4.8732E+01 1.0038E+00 1.0277E+00
4.0113E-13 5.8172E-01 5.4351E+01 1.0038E+00 1.0273E+00
1.2685E-12 5.9391E-01 5.6409E+01 1.0037E+00 1.0267E+00
4.0113E-12 6.0688E-01 5.2086E+01 1.0037E+00 1.0261E+00
1.2685E-11 6.1932E-01 4.4548E+01 1.0036E+00 1.0255E+00
4.0113E-11 6.3614E-01 3.6365E+01 1.0036E+00 1.0249E+00
1.2685E-10 6.5790E-01 3.0091E+01 1.0036E+00 1.0244E+00
4.0113E-10 6.9101E-01 2.8253E+01 1.0035E+00 1.0239E+00
1.2685E-09 7.5304E-01 3.4182E+01 1.0035E+00 1.0233E+00
4.0113E-09 8.7573E-01 5.2729E+01 1.0034E+00 1.0227E+00
1.2685E-08 1.1473E+00 8.9206E+01 1.0033E+00 1.0218E+00
4.0113E-08 1.7880E+00 1.3766E+02 1.0032E+00 1.0205E+00
1.2685E-07 3.4008E+00 1.8766E+02 1.0030E+00 1.0189E+00
