2.0795E-15 4.1730E-01 2.8648E+02 1.0023E+00 1.0115E+00
6.5760E-15 4.2075E-01 2.9922E+02 1.0023E+00 1.0112E+00
2.0795E-14 4.2542E-01 3.0488E+02 1.0022E+00 1.0107E+00
6.5760E-14 4.3161E-01 3.0096E+02 1.0021E+00 1.0100E+00
2.0795E-13 4.3941E-01 2.7679E+02 1.0020E+00 1.0092E+00
6.5760E-13 4.4923E-01 2.2451E+02 1.0019E+00 1.0085E+00
2.0795E-12 4.6207E-01 1.6650E+02 1.0018E+00 1.0079E+00
6.5760E-12 5.0101E-01 1.3968E+02 1.0017E+00 1.0074E+00
2.0795E-11 5.6935E-01 1.4572E+02 1.0016E+00 1.0067E+00
6.5760E-11 7.2336E-01 1.9748E+02 1.0015E+00 1.0061E+00
2.0795E-10 1.0416E+00 3.1461E+02 1.0014E+00 1.0055E+00
6.5760E-10 1.7469E+00 4.8877E+02 1.0012E+00 1.0048E+00
2.0795E-09 3.5190E+00 6.7424E+02 1.0011E+00 1.0040E+00
6.5760E-09 8.6355E+00 8.4352E+02 1.0009E+00 1.0034E+00
2.0795E-08 2.4969E+01 1.0851E+03 1.0007E+00 1.0028E+00
