2.0795E-12 3.9152E-01 3.5805E-07 1.0060E+00 1.0684E+00
6.5760E-12 3.9152E-01 6.1256E-07 1.0060E+00 1.0680E+00
2.0795E-11 3.9152E-01 9.4286E-07 1.0059E+00 1.0676E+00
6.5760E-11 3.9152E-01 1.2722E-06 1.0059E+00 1.0673E+00
2.0795E-10 3.9151E-01 1.5625E-06 1.0059E+00 1.0671E+00
6.5760E-10 3.9151E-01 1.9704E-06 1.0059E+00 1.0670E+00
2.0795E-09 3.9152E-01 2.8781E-06 1.0059E+00 1.0670E+00
6.5760E-09 3.9152E-01 5.4372E-06 1.0059E+00 1.0670E+00
2.0795E-08 3.9153E-01 1.3189E-05 1.0059E+00 1.0669E+00
6.5760E-08 3.9156E-01 3.6350E-05 1.0059E+00 1.0669E+00
2.0795E-07 3.9163E-01 1.0448E-04 1.0059E+00 1.0669E+00
6.5760E-07 3.9180E-01 2.9801E-04 1.0059E+00 1.0669E+00
2.0795E-06 3.9218E-01 8.5080E-04 1.0059E+00 1.0669E+00
6.5760E-06 3.9299E-01 2.4325E-03 1.0059E+00 1.0668E+00
2.0795E-05 3.9468E-01 6.9844E-03 1.0059E+00 1.0667E+00
