-21.4937 -20.9937 -20.4937 -19.9937 -19.4937 -18.9937 -18.4937 -17.9937 -17.4937 -16.9937 -16.4937 -15.9937 -15.4937 -14.9937 -14.4937
3.7636 -0.6571 -0.6684 -0.7138 -0.7965 -0.9272 -1.1278 -1.2488 -1.4711 -1.6535 -1.7606 -1.8479 -1.7221 -1.5795 -1.3555 -1.2650
4.0646 -0.5549 -0.5523 -0.5495 -0.5467 -0.5427 -0.5326 -0.4917 -0.3754 -0.1428 0.2053 0.6244 1.0464 1.4291 1.7576 2.0279
4.5417 -0.4886 -0.4853 -0.4802 -0.4735 -0.4651 -0.4543 -0.4403 -0.4096 -0.3568 -0.2562 -0.1002 0.1045 0.3673 0.7107 1.1319
5.0646 -0.3663 -0.3549 -0.3426 -0.3325 -0.3224 -0.3112 -0.3003 -0.2889 -0.2722 -0.2487 -0.2069 -0.1333 -0.0052 0.1968 0.4867
5.5417 -0.5117 -0.5114 -0.5109 -0.5103 -0.5096 -0.5088 -0.5077 -0.5056 -0.5014 -0.4925 -0.4746 -0.4371 -0.3637 -0.2369 -0.0332
6.0646 -0.5155 -0.5155 -0.5155 -0.5154 -0.5153 -0.5151 -0.5147 -0.5138 -0.5119 -0.5085 -0.5039 -0.4978 -0.4900 -0.4793 -0.4626
6.5417 -0.5182 -0.5182 -0.5182 -0.5182 -0.5182 -0.5182 -0.5182 -0.5182 -0.5182 -0.5181 -0.5181 -0.5179 -0.5174 -0.5165 -0.5146
7.0646 -0.5257 -0.5257 -0.5257 -0.5257 -0.5257 -0.5257 -0.5257 -0.5257 -0.5257 -0.5257 -0.5257 -0.5257 -0.5257 -0.5256 -0.5253
7.5417 -0.5495 -0.5495 -0.5495 -0.5495 -0.5495 -0.5495 -0.5495 -0.5495 -0.5495 -0.5495 -0.5495 -0.5495 -0.5495 -0.5495 -0.5495
8.0646 -0.6191 -0.6191 -0.6191 -0.6191 -0.6191 -0.6191 -0.6191 -0.6191 -0.6191 -0.6191 -0.6191 -0.6191 -0.6191 -0.6191 -0.6191
9.0646 -1.0423 -1.0423 -1.0423 -1.0423 -1.0423 -1.0423 -1.0423 -1.0423 -1.0423 -1.0423 -1.0423 -1.0423 -1.0423 -1.0423 -1.0423
