1.2655E-08 1.1713E-01 6.7383E-16 1.0060E+00 1.0695E+00
4.0019E-08 1.1713E-01 2.1308E-15 1.0060E+00 1.0695E+00
1.2655E-07 1.1713E-01 6.7383E-15 1.0060E+00 1.0695E+00
4.0019E-07 1.1713E-01 2.1308E-14 1.0060E+00 1.0695E+00
1.2655E-06 1.1713E-01 6.7383E-14 1.0060E+00 1.0695E+00
4.0019E-06 1.1713E-01 2.1308E-13 1.0060E+00 1.0695E+00
1.2655E-05 1.1713E-01 6.7383E-13 1.0060E+00 1.0695E+00
4.0019E-05 1.1713E-01 2.1308E-12 1.0060E+00 1.0695E+00
1.2655E-04 1.1713E-01 6.7383E-12 1.0060E+00 1.0695E+00
4.0019E-04 1.1713E-01 2.1308E-11 1.0060E+00 1.0695E+00
1.2655E-03 1.1713E-01 6.7383E-11 1.0060E+00 1.0695E+00
4.0019E-03 1.1713E-01 2.1308E-10 1.0060E+00 1.0695E+00
1.2655E-02 1.1713E-01 6.7383E-10 1.0060E+00 1.0695E+00
4.0019E-02 1.1713E-01 2.1313E-09 1.0060E+00 1.0695E+00
1.2655E-01 1.1713E-01 6.7397E-09 1.0060E+00 1.0695E+00
