4.0020E-16 4.1975E-01 4.8955E+01 1.0004E+00 1.0011E+00
1.2655E-15 4.2235E-01 5.6708E+01 1.0003E+00 1.0010E+00
4.0020E-15 4.2473E-01 6.9418E+01 1.0003E+00 1.0009E+00
1.2655E-14 4.2764E-01 8.7658E+01 1.0002E+00 1.0007E+00
4.0020E-14 4.3292E-01 1.1074E+02 1.0002E+00 1.0005E+00
1.2655E-13 4.4462E-01 1.2993E+02 1.0001E+00 1.0004E+00
4.0020E-13 4.7377E-01 1.4811E+02 1.0000E+00 1.0002E+00
1.2655E-12 5.4990E-01 1.7662E+02 9.9989E-01 1.0001E+00
4.0020E-12 7.4893E-01 2.4752E+02 9.9945E-01 9.9962E-01
1.2655E-11 1.2816E+00 4.5143E+02 9.9807E-01 9.9823E-01
4.0020E-11 2.8057E+00 1.1493E+03 9.9379E-01 9.9394E-01
1.2655E-10 7.3694E+00 3.2481E+03 9.8084E-01 9.8097E-01
4.0020E-10 2.0553E+01 9.2599E+03 9.4411E-01 9.4420E-01
1.2655E-09 5.3839E+01 2.3892E+04 8.5594E-01 8.5600E-01
4.0020E-09 1.1479E+02 4.9245E+04 7.0616E-01 7.0619E-01
