4.0020E-13 3.9393E-01 3.4513E-05 1.0059E+00 1.0662E+00
1.2655E-12 3.9394E-01 1.0767E-04 1.0059E+00 1.0661E+00
4.0020E-12 3.9397E-01 3.2781E-04 1.0059E+00 1.0659E+00
1.2655E-11 3.9401E-01 9.3477E-04 1.0059E+00 1.0657E+00
4.0020E-11 3.9409E-01 2.3129E-03 1.0059E+00 1.0655E+00
1.2655E-10 3.9429E-01 4.5833E-03 1.0059E+00 1.0652E+00
4.0020E-10 3.9473E-01 7.7431E-03 1.0059E+00 1.0649E+00
1.2655E-09 3.9566E-01 1.4728E-02 1.0058E+00 1.0644E+00
4.0020E-09 3.9747E-01 3.1873E-02 1.0058E+00 1.0637E+00
1.2655E-08 4.0046E-01 6.6196E-02 1.0058E+00 1.0628E+00
4.0020E-08 4.0476E-01 1.2489E-01 1.0058E+00 1.0618E+00
1.2655E-07 4.1027E-01 2.1229E-01 1.0057E+00 1.0607E+00
4.0020E-07 4.1734E-01 3.3501E-01 1.0057E+00 1.0596E+00
1.2655E-06 4.2717E-01 5.1169E-01 1.0057E+00 1.0585E+00
4.0020E-06 4.4260E-01 7.8097E-01 1.0056E+00 1.0573E+00
