1.2655E-11 3.8475E-01 6.8913E-12 1.0060E+00 1.0695E+00
4.0019E-11 3.8475E-01 2.1792E-11 1.0060E+00 1.0695E+00
1.2655E-10 3.8475E-01 6.8913E-11 1.0060E+00 1.0695E+00
4.0019E-10 3.8475E-01 2.9643E-10 1.0060E+00 1.0695E+00
1.2655E-09 3.8475E-01 3.6444E-09 1.0060E+00 1.0695E+00
4.0019E-09 3.8475E-01 1.3347E-08 1.0060E+00 1.0695E+00
1.2655E-08 3.8475E-01 4.2497E-08 1.0060E+00 1.0695E+00
4.0019E-08 3.8475E-01 1.3462E-07 1.0060E+00 1.0695E+00
1.2655E-07 3.8475E-01 4.2781E-07 1.0060E+00 1.0695E+00
4.0019E-07 3.8475E-01 1.3601E-06 1.0060E+00 1.0695E+00
1.2655E-06 3.8476E-01 4.3373E-06 1.0060E+00 1.0695E+00
4.0019E-06 3.8477E-01 1.3810E-05 1.0060E+00 1.0695E+00
1.2655E-05 3.8481E-01 4.4078E-05 1.0060E+00 1.0695E+00
4.0019E-05 3.8492E-01 1.3910E-04 1.0060E+00 1.0695E+00
1.2655E-04 3.8516E-01 4.3652E-04 1.0060E+00 1.0695E+00
