6.5913E-14 3.9731E-01 1.8865E-01 1.0054E+00 1.0513E+00
2.0844E-13 3.9767E-01 2.4651E-01 1.0053E+00 1.0499E+00
6.5913E-13 3.9810E-01 2.8144E-01 1.0052E+00 1.0485E+00
2.0844E-12 3.9863E-01 2.8162E-01 1.0051E+00 1.0475E+00
6.5913E-12 3.9922E-01 2.6852E-01 1.0051E+00 1.0467E+00
2.0844E-11 3.9990E-01 2.7523E-01 1.0050E+00 1.0457E+00
6.5913E-11 4.0090E-01 3.2092E-01 1.0049E+00 1.0442E+00
2.0844E-10 4.0301E-01 4.1834E-01 1.0048E+00 1.0426E+00
6.5913E-10 4.0727E-01 5.8769E-01 1.0047E+00 1.0416E+00
2.0844E-09 4.1596E-01 8.6912E-01 1.0046E+00 1.0408E+00
6.5913E-09 4.3397E-01 1.3760E+00 1.0046E+00 1.0401E+00
2.0844E-08 4.7184E-01 2.2915E+00 1.0045E+00 1.0390E+00
6.5913E-08 5.5222E-01 4.0203E+00 1.0044E+00 1.0375E+00
2.0844E-07 7.2325E-01 7.2877E+00 1.0043E+00 1.0359E+00
6.5913E-07 1.0842E+00 1.2660E+01 1.0042E+00 1.0345E+00
