6.5913E-11 3.6426E-01 7.3871E-13 1.0060E+00 1.0695E+00
2.0844E-10 3.6426E-01 2.3360E-12 1.0060E+00 1.0695E+00
6.5913E-10 3.6426E-01 7.3871E-12 1.0060E+00 1.0695E+00
2.0844E-09 3.6426E-01 2.3360E-11 1.0060E+00 1.0695E+00
6.5913E-09 3.6426E-01 7.3871E-11 1.0060E+00 1.0695E+00
2.0844E-08 3.6426E-01 2.3360E-10 1.0060E+00 1.0695E+00
6.5913E-08 3.6426E-01 7.3871E-10 1.0060E+00 1.0695E+00
2.0844E-07 3.6426E-01 2.3360E-09 1.0060E+00 1.0695E+00
6.5913E-07 3.6426E-01 7.3871E-09 1.0060E+00 1.0695E+00
2.0844E-06 3.6426E-01 2.3631E-08 1.0060E+00 1.0695E+00
6.5913E-06 3.6426E-01 8.7541E-08 1.0060E+00 1.0695E+00
2.0844E-05 3.6426E-01 2.9074E-07 1.0060E+00 1.0695E+00
6.5913E-05 3.6426E-01 9.5097E-07 1.0060E+00 1.0695E+00
2.0844E-04 3.6426E-01 3.0146E-06 1.0060E+00 1.0695E+00
6.5913E-04 3.6426E-01 9.5296E-06 1.0060E+00 1.0695E+00
