1.4182E-16 4.0124E-01 7.4796E+01 9.5346E-01 9.5351E-01
4.4847E-16 3.7355E-01 1.1963E+02 8.7890E-01 8.7892E-01
1.4182E-15 3.1732E-01 2.3832E+02 7.3711E-01 7.3713E-01
4.4847E-15 2.3797E-01 2.3378E+02 5.4237E-01 5.4238E-01
1.4182E-14 1.8167E-01 2.0677E+02 4.0607E-01 4.0607E-01
4.4847E-14 1.2039E-01 1.7982E+02 2.5984E-01 2.5984E-01
1.4182E-13 6.5005E-02 1.7839E+02 1.3069E-01 1.3070E-01
4.4847E-13 5.2090E-02 2.1046E+02 1.0085E-01 1.0085E-01
1.4182E-12 2.9279E-02 2.7175E+02 4.9668E-02 4.9671E-02
4.4847E-12 2.2161E-02 3.2070E+02 3.2869E-02 3.2871E-02
1.4182E-11 1.6116E-02 3.3537E+02 1.7831E-02 1.7832E-02
4.4847E-11 1.4522E-02 2.4004E+02 8.8135E-03 8.8142E-03
1.4182E-10 1.6936E-02 2.7317E+02 6.1253E-03 6.1258E-03
4.4847E-10 2.3995E-02 3.7908E+02 2.7987E-03 2.7989E-03
1.4182E-09 3.6739E-02 3.9630E+02 1.9840E-03 1.9841E-03
