-21.4937 -20.9937 -20.4937 -19.9937 -19.4937 -18.9937 -18.4937 -17.9937 -17.4937 -16.9937 -16.4937 -15.9937 -15.4937 -14.9937 -14.4937 
3.7636 -0.3966 -0.4277 -0.4985 -0.6235 -0.7407 -0.9194 -1.1871 -1.2832 -1.5334 -1.6544 -1.7927 -1.8380 -1.7712 -1.6199 -1.4349
4.0646 -0.3770 -0.3743 -0.3719 -0.3689 -0.3636 -0.3520 -0.3244 -0.2597 -0.1256 0.1078 0.4480 0.8674 1.3129 1.7311 2.0599
4.5417 -0.3796 -0.3760 -0.3712 -0.3649 -0.3571 -0.3475 -0.3353 -0.3002 -0.2446 -0.1406 0.0177 0.2423 0.5464 0.9363 1.3974
5.0646 -0.2666 -0.2548 -0.2441 -0.2353 -0.2263 -0.2169 -0.2081 -0.1964 -0.1818 -0.1605 -0.1232 -0.0576 0.0597 0.2524 0.5316
5.5417 -0.4009 -0.4005 -0.4000 -0.3994 -0.3988 -0.3980 -0.3970 -0.3947 -0.3901 -0.3809 -0.3625 -0.3262 -0.2579 -0.1407 0.0351
6.0646 -0.4046 -0.4046 -0.4045 -0.4045 -0.4044 -0.4042 -0.4037 -0.4027 -0.4007 -0.3974 -0.3928 -0.3869 -0.3795 -0.3694 -0.3540
6.5417 -0.4072 -0.4072 -0.4072 -0.4072 -0.4073 -0.4073 -0.4072 -0.4072 -0.4072 -0.4072 -0.4071 -0.4069 -0.4065 -0.4056 -0.4038
7.0646 -0.4148 -0.4148 -0.4148 -0.4148 -0.4148 -0.4148 -0.4148 -0.4148 -0.4148 -0.4148 -0.4148 -0.4148 -0.4148 -0.4146 -0.4144
7.5417 -0.4386 -0.4386 -0.4386 -0.4386 -0.4386 -0.4386 -0.4386 -0.4386 -0.4386 -0.4386 -0.4386 -0.4386 -0.4386 -0.4386 -0.4386
8.0646 -0.5082 -0.5082 -0.5082 -0.5082 -0.5082 -0.5082 -0.5082 -0.5082 -0.5082 -0.5082 -0.5082 -0.5082 -0.5082 -0.5082 -0.5082
9.0646 -0.9313 -0.9313 -0.9313 -0.9313 -0.9313 -0.9313 -0.9313 -0.9313 -0.9313 -0.9313 -0.9313 -0.9313 -0.9313 -0.9313 -0.9313
