-21.4937 -20.9937 -20.4937 -19.9937 -19.4937 -18.9937 -18.4937 -17.9937 -17.4937 -16.9937 -16.4937 -15.9937 -15.4937 -14.9937 -14.4937 
3.7636 30.8947 30.5987 30.3980 29.8897 29.3363 28.7757 28.2722 27.8440 27.4550 27.0270 26.5464 25.9011 25.4573 25.0996 24.6189
4.0646 31.3137 30.8776 30.4654 30.0667 29.6682 29.2376 28.7945 28.3710 28.0175 27.7785 27.6843 27.6356 27.5905 27.5022 27.3163
4.5417 33.0353 32.5541 32.0623 31.5567 31.0203 30.4294 29.7996 29.2233 28.7417 28.3737 28.0759 27.7673 27.4070 27.0043 26.6136
5.0646 33.2359 32.7658 32.3107 31.8581 31.3743 30.8396 30.2717 29.6836 29.1013 28.5740 28.1567 27.8450 27.5733 27.2617 26.8963
5.5417 31.8528 31.4690 31.0265 30.5268 30.0061 29.5168 29.0835 28.6987 28.3463 28.0162 27.7158 27.4373 27.1814 26.9397 26.6796
6.0646 29.1619 29.1560 29.1395 29.0946 28.9881 28.7851 28.5128 28.2921 28.1273 27.9448 27.7204 27.4509 27.1490 26.8329 26.5165
6.5417 28.1321 27.8653 27.5526 27.1827 26.7720 26.3727 26.0373 25.8135 25.6984 25.6387 25.5972 25.5524 25.5080 25.4642 25.4223
7.0646 24.4622 24.4622 24.4622 24.5958 25.1856 25.2493 25.2523 25.2530 25.2552 25.2575 25.2611 25.2641 25.2682 25.2673 25.2639
7.5417 24.4456 24.4456 24.4456 24.4456 24.4456 24.4456 24.4456 24.4456 24.4456 24.4506 24.5194 24.5406 24.5553 24.5564 24.5562
8.0646 24.4358 24.4358 24.4358 24.4358 24.4358 24.4358 24.4358 24.4358 24.4358 24.4358 24.4358 24.4358 24.4555 24.4568 24.4567
9.0646 24.4525 24.4525 24.4525 24.4525 24.4525 24.4525 24.4525 24.4525 24.4525 24.4525 24.4525 24.4525 24.4525 24.4526 24.4526
