-8.0 -7.5 -7.0 -6.5 -6.0 -5.5 -5.0 -4.5 -4.0 -3.5 -3.0 -2.5 -2.0 -1.5 -1.0 -0.5 0.0 0.5 1.0
3.7636 2.2683 2.3738 2.4629 2.5084 2.5279 2.5353 2.5382 2.5403 2.5429 2.5455 2.5486 2.5529 2.5568 2.5642 2.5786 2.5999 2.6447 2.7311 2.8580
3.8428 2.5283 2.5566 2.6255 2.7496 2.8937 3.0064 3.0783 3.1169 3.1326 3.1346 3.1270 3.1134 3.0972 3.0797 3.0743 3.0707 3.0763 3.0867 3.1040
3.9677 0.7259 0.7779 0.8774 1.0787 1.4026 1.8197 2.2808 2.7313 3.1348 3.4446 3.6321 3.7308 3.7846 3.8139 3.8298 3.8350 3.8307 3.8217 3.8291
4.0646 2.7511 3.1633 3.5102 3.7528 3.8924 3.9571 3.9799 3.9868 3.9894 3.9906 3.9921 3.9954 4.0016 4.0121 4.0297 4.0620 4.1135 4.1815 4.2567
4.1615 4.3259 4.3447 4.3718 4.3958 4.4059 4.3960 4.3609 4.3025 4.2403 4.1979 4.1790 4.1758 4.1812 4.2009 4.2479 4.3316 4.4364 4.5321 4.5980
4.2407 4.8459 4.8468 4.8467 4.8455 4.8417 4.8335 4.8190 4.7936 4.7393 4.6262 4.4306 4.1691 3.9223 3.8039 3.8858 4.1388 4.4328 4.6353 4.7496
4.3657 5.4807 5.4750 5.4587 5.4159 5.3195 5.1516 4.9418 4.7698 4.6878 4.6590 4.6455 4.6305 4.6059 4.5888 4.6395 4.7831 4.9128 4.9595 4.9973
4.4626 3.9641 3.9629 3.9550 3.9324 3.8897 3.8334 3.7896 3.7743 3.7888 3.8397 3.9543 4.1542 4.3969 4.6110 4.7948 4.9679 5.0672 5.0982 5.1303
4.5417 3.9297 3.9552 3.9738 3.9982 4.0490 4.1547 4.3344 4.5354 4.6958 4.7909 4.8424 4.8742 4.8843 4.8760 4.8868 4.9723 5.0887 5.1626 5.2042
4.6087 4.2432 4.2611 4.3070 4.3653 4.4102 4.4339 4.4427 4.4446 4.4394 4.4442 4.5215 4.7039 4.9139 5.0665 5.1368 5.1399 5.1500 5.1940 5.2416
4.6667 3.6859 3.7798 3.8859 4.0646 4.3032 4.5243 4.6741 4.7612 4.8196 4.8691 4.9170 4.9637 5.0013 5.0216 5.0294 5.0657 5.1325 5.1953 5.2525
4.7636 2.8490 3.0284 3.3190 3.5955 3.7892 3.9115 4.0206 4.1717 4.3463 4.4920 4.6040 4.7117 4.8299 4.9342 4.9983 5.0459 5.1058 5.1726 5.2399
4.8428 3.4879 3.8074 4.0192 4.1250 4.1508 4.1067 3.9946 3.8435 3.7627 3.8621 4.0929 4.3435 4.5580 4.7175 4.8569 4.9891 5.0794 5.1532 5.2215
4.9097 2.8310 3.2535 3.6541 3.9956 4.2513 4.3970 4.4443 4.4098 4.2931 4.1189 4.0167 4.1283 4.3482 4.5784 4.7834 4.9327 5.0357 5.1192 5.1880
4.9677 2.4370 2.5246 2.5576 2.5825 2.6453 2.7886 2.9993 3.2510 3.5471 3.8430 4.0965 4.3161 4.5272 4.7045 4.8184 4.9030 4.9967 5.0864 5.1600
5.0189 1.9758 2.0564 2.1223 2.1906 2.3120 2.5544 2.8842 3.1940 3.4475 3.6789 3.9132 4.1241 4.3005 4.4861 4.6875 4.8454 4.9631 5.0594 5.1368
5.0646 1.9356 1.8895 1.8509 1.9483 2.2392 2.6386 3.0643 3.4649 3.7936 4.0236 4.1684 4.2735 4.3762 4.4961 4.6534 4.8042 4.9258 5.0257 5.1043
5.1615 1.8814 1.8768 1.7850 1.6691 1.7575 2.0887 2.4780 2.8382 3.1866 3.5463 3.8695 4.0918 4.2398 4.3828 4.5409 4.6892 4.8236 4.9346 5.0135
5.2407 1.5650 1.5983 1.6085 1.6274 1.6774 1.7667 1.8968 2.1053 2.4308 2.8314 3.2519 3.6519 3.9935 4.2509 4.4427 4.6065 4.7480 4.8636 4.9387
5.3657 0.6696 0.9177 1.1231 1.2734 1.3622 1.4361 1.5623 1.7397 1.9619 2.2414 2.5931 3.0341 3.5265 3.9411 4.2214 4.4225 4.5799 4.6987 4.7878
5.4626 0.1775 0.3815 0.5558 0.7430 0.9659 1.2288 1.5174 1.7867 1.9940 2.1546 2.3605 2.7260 3.2068 3.6480 3.9866 4.2412 4.4293 4.5596 4.6646
5.5417 0.0576 0.1825 0.3210 0.5432 0.8656 1.2511 1.6632 2.0813 2.4627 2.7536 2.9110 2.9792 3.1486 3.4732 3.8118 4.0927 4.2974 4.4375 4.5548
5.6667 0.3395 0.7187 1.0939 1.4186 1.5771 1.6019 1.6478 1.8618 2.1876 2.5150 2.7787 2.9562 3.1370 3.3692 3.6205 3.8710 4.0805 4.2421 4.3788
5.7636 -0.2351 0.1239 0.5614 0.9646 1.3050 1.6119 1.9172 2.1910 2.3972 2.5649 2.7405 2.9243 3.1386 3.3737 3.6119 3.8169 3.9954 4.1409 4.2599
5.8428 -0.4953 -0.2634 0.1094 0.5506 1.0057 1.4330 1.7959 2.1242 2.4298 2.6727 2.8353 2.9875 3.1898 3.4042 3.6114 3.7886 3.9248 4.0574 4.1546
5.9097 -0.6597 -0.5095 -0.2037 0.2264 0.6909 1.1578 1.6041 2.0037 2.3472 2.6346 2.8506 3.0316 3.2403 3.4347 3.6128 3.7687 3.8950 4.0015 4.0805
5.9677 -0.8249 -0.5555 -0.2819 0.0496 0.4617 0.9150 1.3789 1.8298 2.2390 2.5762 2.8164 3.0325 3.2613 3.4595 3.6281 3.7673 3.8785 3.9590 4.0265
6.0189 -0.8263 -0.6700 -0.4357 -0.1117 0.2817 0.7157 1.1714 1.6359 2.0812 2.4626 2.7691 3.0328 3.2669 3.4744 3.6432 3.7658 3.8676 3.9240 3.9837
6.0646 -1.3658 -1.0139 -0.6688 -0.3007 0.1059 0.5444 1.0000 1.4621 1.9172 2.3366 2.6914 2.9939 3.2561 3.4782 3.6534 3.7730 3.8427 3.8908 3.9536
6.1615 -1.9821 -1.5040 -1.0535 -0.6260 -0.2067 0.2184 0.6623 1.1213 1.5844 2.0396 2.4721 2.8764 3.1842 3.4254 3.6114 3.7334 3.7877 3.8341 3.9003
6.2407 -2.4268 -1.9367 -1.4487 -0.9653 -0.4932 -0.0349 0.4182 0.8767 1.3425 1.8072 2.2568 2.6865 3.0451 3.3258 3.5396 3.6683 3.7283 3.7902 3.8340
6.3077 -2.7098 -2.2055 -1.7206 -1.2333 -0.7474 -0.2647 0.2111 0.6804 1.1459 1.6089 2.0721 2.5172 2.9104 3.2273 3.4613 3.5987 3.6694 3.7377 3.7663
6.3657 -2.9234 -2.4089 -1.9176 -1.4255 -0.9341 -0.4451 0.0383 0.5111 0.9786 1.4452 1.9186 2.3736 2.7896 3.1359 3.3713 3.5187 3.6067 3.6852 3.6947
6.4168 -3.1101 -2.5993 -2.0891 -1.5989 -1.1084 -0.6177 -0.1299 0.3553 0.8370 1.3132 1.7920 2.2519 2.6776 3.0244 3.2750 3.4380 3.5503 3.6340 3.6159
6.4626 -3.2262 -2.7112 -2.2067 -1.7133 -1.2211 -0.7320 -0.2446 0.2415 0.7257 1.2050 1.6878 2.1464 2.5667 2.9242 3.1875 3.3654 3.4995 3.5852 3.5375
6.5040 -3.4391 -2.8087 -2.3100 -1.8168 -1.3246 -0.8340 -0.3451 0.1419 0.6242 1.1019 1.5858 2.0442 2.4704 2.8367 3.1099 3.3035 3.4556 3.5257 3.4590
6.5417 -3.5196 -2.9193 -2.4215 -1.9281 -1.4362 -0.9449 -0.4544 0.0365 0.5281 1.0157 1.4989 1.9584 2.3902 2.7611 3.0417 3.2516 3.4159 3.4660 3.3822
6.6087 -3.6194 -3.0712 -2.5788 -2.0848 -1.5905 -1.0968 -0.6045 -0.1120 0.3814 0.8725 1.3555 1.8164 2.2449 2.6303 2.9294 3.1578 3.3110 3.3530 3.2377
6.6667 -3.8320 -3.1654 -2.6988 -2.2118 -1.7189 -1.2232 -0.7262 -0.2327 0.2551 0.7432 1.2284 1.6995 2.1360 2.5205 2.8185 3.0622 3.2174 3.2488 3.1089
6.7636 -3.4158 -3.0172 -2.6616 -2.2727 -1.8297 -1.3542 -0.8682 -0.3793 0.1098 0.5972 1.0697 1.5261 1.9463 2.3234 2.6538 2.9133 3.0622 3.0470 2.9044
6.8050 -3.4816 -3.0247 -2.6340 -2.2576 -1.8593 -1.4152 -0.9426 -0.4585 0.0284 0.5177 0.9910 1.4429 1.8691 2.2523 2.5934 2.8542 2.9835 2.9600 2.8901
6.8428 -3.6118 -3.1164 -2.6910 -2.3058 -1.9135 -1.4872 -1.0239 -0.5414 -0.0551 0.4355 0.9158 1.3768 1.8032 2.1932 2.5420 2.8021 2.9071 2.8779 2.8000
6.8775 -3.7504 -3.2358 -2.7770 -2.3526 -1.9455 -1.5245 -1.0729 -0.5999 -0.1172 0.3744 0.8581 1.3196 1.7463 2.1431 2.4968 2.7354 2.8373 2.8022 2.7168
6.9097 -3.8424 -3.3178 -2.8347 -2.3729 -1.9351 -1.5063 -1.0659 -0.6027 -0.1245 0.3536 0.8190 1.2704 1.6966 2.0994 2.4481 2.6726 2.7741 2.7358 2.6399
6.9677 -4.1672 -3.5126 -3.0167 -2.5270 -2.0492 -1.5882 -1.1406 -0.6912 -0.2237 0.2556 0.7288 1.1834 1.6142 2.0148 2.3441 2.5632 2.6661 2.6332 2.5031
7.0189 -4.2495 -3.6245 -3.1254 -2.6280 -2.1349 -1.6544 -1.1901 -0.7309 -0.2668 0.2011 0.6621 1.1124 1.5394 1.9357 2.2574 2.4719 2.5594 2.5379 2.3677
7.0646 -4.2980 -3.7058 -3.2066 -2.7087 -2.2147 -1.7280 -1.2495 -0.7796 -0.3156 0.1435 0.6029 1.0460 1.4758 1.8696 2.1840 2.3949 2.4698 2.4516 2.2430
7.1158 -4.3561 -3.8041 -3.3063 -2.8107 -2.3169 -1.8252 -1.3376 -0.8568 -0.3840 0.0796 0.5332 0.9778 1.4098 1.7994 2.1059 2.2999 2.3815 2.3483 2.0993
7.1615 -4.4358 -3.9126 -3.4136 -2.9147 -2.4160 -1.9181 -1.4239 -0.9355 -0.4538 0.0163 0.4745 0.9222 1.3541 1.7390 2.0391 2.2149 2.2989 2.2425 1.9806
7.2029 -4.4781 -3.9737 -3.4735 -2.9728 -2.4727 -1.9744 -1.4788 -0.9878 -0.5044 -0.0327 0.4260 0.8754 1.3059 1.6863 1.9604 2.1444 2.2256 2.1452 1.8803
7.2407 -4.5138 -4.0144 -3.5153 -3.0165 -2.5178 -2.0195 -1.5237 -1.0337 -0.5492 -0.0764 0.3839 0.8348 1.2632 1.6285 1.8935 2.0866 2.1762 2.0551 1.7861
7.2755 -4.5450 -4.0453 -3.5457 -3.0460 -2.5470 -2.0507 -1.5575 -1.0671 -0.5844 -0.1138 0.3469 0.7988 1.2219 1.5694 1.8368 2.0395 2.1024 1.9720 1.6950
7.3077 -4.5790 -4.0794 -3.5799 -3.0814 -2.5849 -2.0896 -1.5955 -1.1053 -0.6223 -0.1500 0.3136 0.7666 1.1752 1.5175 1.7888 1.9857 2.0339 1.8937 1.6070
7.3376 -4.6089 -4.1094 -3.6101 -3.1111 -2.6138 -2.1189 -1.6254 -1.1356 -0.6541 -0.1821 0.2836 0.7309 1.1331 1.4714 1.7476 1.9368 1.9701 1.8177 1.5234
7.3657 -4.6554 -4.1562 -3.6579 -3.1600 -2.6618 -2.1636 -1.6688 -1.1779 -0.6914 -0.2132 0.2547 0.6969 1.0948 1.4307 1.7117 1.8929 1.9106 1.7460 1.4465
7.3920 -4.6728 -4.1739 -3.6749 -3.1762 -2.6789 -2.1827 -1.6878 -1.1975 -0.7145 -0.2393 0.2257 0.6659 1.0598 1.3947 1.6809 1.8531 1.8550 1.6775 1.3794
7.4168 -4.7161 -4.2162 -3.7162 -3.2158 -2.7160 -2.2181 -1.7238 -1.2313 -0.7440 -0.2661 0.1992 0.6370 1.0281 1.3627 1.6455 1.8164 1.8027 1.6120 1.3165
7.4403 -4.7279 -4.2288 -3.7305 -3.2331 -2.7357 -2.2387 -1.7432 -1.2507 -0.7650 -0.2901 0.1746 0.6103 0.9986 1.3341 1.6115 1.7824 1.7532 1.5494 1.2571
7.4626 -4.7507 -4.2513 -3.7523 -3.2541 -2.7566 -2.2597 -1.7643 -1.2720 -0.7882 -0.3128 0.1517 0.5851 0.9714 1.3088 1.5801 1.7419 1.7027 1.4892 1.2017
7.4838 -4.7694 -4.2697 -3.7716 -3.2738 -2.7763 -2.2795 -1.7850 -1.2933 -0.8102 -0.3337 0.1305 0.5614 0.9465 1.2857 1.5514 1.7039 1.6547 1.4370 1.1500
7.5040 -4.7917 -4.2914 -3.7912 -3.2918 -2.7940 -2.2973 -1.8023 -1.3122 -0.8297 -0.3529 0.1104 0.5395 0.9233 1.2583 1.5250 1.6671 1.6086 1.3894 1.1009
7.5417 -4.8273 -4.3281 -3.8287 -3.3292 -2.8302 -2.3336 -1.8396 -1.3503 -0.8665 -0.3884 0.0733 0.4990 0.8823 1.2094 1.4777 1.5999 1.5227 1.3002 1.0066
7.6087 -4.8833 -4.3845 -3.8862 -3.3877 -2.8890 -2.3930 -1.8997 -1.4107 -0.9264 -0.4482 0.0097 0.4271 0.7987 1.1327 1.3958 1.4694 1.3693 1.1365 0.8260
7.6667 -4.9336 -4.4344 -3.9356 -3.4367 -2.9387 -2.4428 -1.9494 -1.4600 -0.9747 -0.4976 -0.0491 0.3562 0.7358 1.0731 1.3020 1.3480 1.2312 0.9818 0.6709
7.7636 -5.0246 -4.5256 -4.0269 -3.5279 -3.0294 -2.5331 -2.0397 -1.5497 -1.0645 -0.5944 -0.1554 0.2595 0.6455 0.9643 1.1530 1.1485 0.9930 0.7431 0.4174
7.8428 -5.0830 -4.5833 -4.0839 -3.5851 -3.0870 -2.5906 -2.0980 -1.6088 -1.1268 -0.6642 -0.2283 0.1952 0.5703 0.8601 1.0115 0.9768 0.8041 0.5555 0.2239
7.9677 -5.1715 -4.6719 -4.1724 -3.6735 -3.1756 -2.6812 -2.1877 -1.6989 -1.2220 -0.7660 -0.3331 0.0773 0.4356 0.6943 0.7738 0.7052 0.5063 0.2319 -0.0669
8.0646 -5.2778 -4.7779 -4.2780 -3.7783 -3.2802 -2.7826 -2.2878 -1.7969 -1.3173 -0.8544 -0.4131 -0.0095 0.3398 0.5435 0.5813 0.4795 0.2673 -0.0191 -0.2891
8.2407 -5.3782 -4.8783 -4.3784 -3.8786 -3.3807 -2.8845 -2.3908 -1.9048 -1.4302 -0.9739 -0.5481 -0.1841 0.1135 0.2496 0.2210 0.0822 -0.1472 -0.4400 -0.6753
8.4626 -5.5030 -5.0030 -4.5031 -4.0035 -3.5067 -3.0108 -2.5214 -2.0414 -1.5801 -1.1404 -0.7480 -0.4384 -0.2142 -0.1766 -0.2630 -0.4336 -0.7036 -0.9346 -1.1294
8.6667 -5.6162 -5.1163 -4.6164 -4.1183 -3.6220 -3.1284 -2.6400 -2.1659 -1.7189 -1.3118 -0.9649 -0.6816 -0.5715 -0.5874 -0.7230 -0.9269 -1.1662 -1.3673 -1.5218
8.8428 -5.7129 -5.2130 -4.7131 -4.2151 -3.7198 -3.2291 -2.7466 -2.2813 -1.8429 -1.4648 -1.1514 -0.9432 -0.8990 -0.9611 -1.1022 -1.3440 -1.5479 -1.7217 -1.8111
9.0646 -5.8339 -5.3341 -4.8361 -4.3384 -3.8445 -3.3569 -2.8823 -2.4306 -2.0294 -1.6831 -1.4283 -1.3263 -1.3387 -1.4476 -1.6329 -1.8275 -2.0038 -2.1495 -2.1544
