-8.0 -7.5 -7.0 -6.5 -6.0 -5.5 -5.0 -4.5 -4.0 -3.5 -3.0 -2.5 -2.0 -1.5 -1.0 -0.5 0.0 0.5 1.0
3.7636 2.2732 2.3733 2.4641 2.5113 2.5319 2.5397 2.5428 2.5449 2.5472 2.5497 2.5527 2.5568 2.5604 2.5677 2.5812 2.6023 2.6469 2.7318 2.8601
3.8428 2.4934 2.5241 2.5982 2.7293 2.8791 2.9954 3.0701 3.1109 3.1281 3.1313 3.1252 3.1130 3.0977 3.0813 3.0770 3.0735 3.0792 3.0893 3.1072
3.9677 0.6925 0.7476 0.8537 1.0645 1.3968 1.8185 2.2813 2.7322 3.1355 3.4443 3.6310 3.7305 3.7855 3.8148 3.8291 3.8320 3.8229 3.8092 3.8101
4.0646 2.7068 3.1186 3.4676 3.7131 3.8548 3.9205 3.9438 3.9508 3.9533 3.9546 3.9562 3.9598 3.9667 3.9780 3.9964 4.0294 4.0822 4.1522 4.2222
4.1615 4.2914 4.3125 4.3427 4.3697 4.3819 4.3738 4.3408 4.2848 4.2249 4.1841 4.1660 4.1628 4.1679 4.1866 4.2313 4.3113 4.4128 4.5071 4.5713
4.2407 4.8152 4.8161 4.8160 4.8146 4.8105 4.8017 4.7865 4.7609 4.7072 4.5956 4.4020 4.1440 3.9030 3.7889 3.8684 4.1159 4.4056 4.6064 4.7215
4.3657 5.4478 5.4421 5.4260 5.3840 5.2893 5.1241 4.9179 4.7500 4.6692 4.6418 4.6293 4.6157 4.5928 4.5765 4.6246 4.7630 4.8898 4.9358 4.9736
4.4626 3.9808 3.9794 3.9715 3.9490 3.9064 3.8499 3.8055 3.7894 3.8026 3.8522 3.9655 4.1639 4.4043 4.6143 4.7899 4.9524 5.0479 5.0767 5.1091
4.5417 3.9463 3.9718 3.9900 4.0138 4.0635 4.1682 4.3472 4.5479 4.7080 4.8040 4.8533 4.8824 4.8897 4.8774 4.8805 4.9576 5.0713 5.1448 5.1863
4.6087 4.2600 4.2777 4.3233 4.3813 4.4262 4.4498 4.4583 4.4590 4.4510 4.4487 4.5121 4.6808 4.8847 5.0368 5.1102 5.1200 5.1353 5.1798 5.2270
4.6667 3.7008 3.7949 3.9009 4.0792 4.3176 4.5387 4.6883 4.7741 4.8300 4.8772 4.9237 4.9699 5.0068 5.0249 5.0283 5.0585 5.1229 5.1852 5.2417
4.7636 2.8580 3.0406 3.3332 3.6104 3.8046 3.9271 4.0358 4.1859 4.3607 4.5054 4.6157 4.7217 4.8391 4.9428 5.0036 5.0452 5.1010 5.1664 5.2330
4.8428 3.5048 3.8242 4.0358 4.1415 4.1672 4.1232 4.0109 3.8587 3.7740 3.8665 4.0903 4.3346 4.5456 4.7075 4.8529 4.9887 5.0778 5.1500 5.2175
4.9097 2.8442 3.2678 3.6693 4.0114 4.2675 4.4133 4.4608 4.4265 4.3103 4.1362 4.0317 4.1386 4.3556 4.5830 4.7860 4.9342 5.0359 5.1179 5.1858
4.9677 2.4428 2.5301 2.5634 2.5891 2.6538 2.7999 3.0125 3.2652 3.5615 3.8575 4.1105 4.3288 4.5382 4.7137 4.8250 4.9064 4.9978 5.0862 5.1589
5.0189 1.9801 2.0614 2.1281 2.1978 2.3218 2.5675 2.8993 3.2096 3.4633 3.6945 3.9285 4.1387 4.3135 4.4957 4.6934 4.8489 4.9648 5.0598 5.1365
5.0646 1.9398 1.8941 1.8571 1.9579 2.2522 2.6534 3.0800 3.4809 3.8097 4.0394 4.1836 4.2877 4.3886 4.5065 4.6619 4.8101 4.9294 5.0279 5.1057
5.1615 1.8858 1.8809 1.7885 1.6735 1.7647 2.0982 2.4888 2.8507 3.2013 3.5625 3.8859 4.1080 4.2552 4.3964 4.5524 4.6979 4.8298 4.9389 5.0167
5.2407 1.5667 1.5996 1.6096 1.6289 1.6799 1.7710 1.9034 2.1150 2.4434 2.8457 3.2669 3.6671 4.0084 4.2650 4.4553 4.6168 4.7558 4.8692 4.9431
5.3657 0.6645 0.9123 1.1170 1.2667 1.3557 1.4309 1.5600 1.7406 1.9660 2.2488 2.6038 3.0475 3.5412 3.9556 4.2350 4.4347 4.5901 4.7071 4.7942
5.4626 0.1722 0.3725 0.5417 0.7243 0.9456 1.2074 1.4944 1.7630 1.9718 2.1381 2.3557 2.7332 3.2195 3.6618 4.0000 4.2533 4.4399 4.5683 4.6714
5.5417 0.0683 0.1897 0.3201 0.5300 0.8413 1.2210 1.6312 2.0488 2.4300 2.7218 2.8824 2.9609 3.1479 3.4818 3.8230 4.1039 4.3080 4.4464 4.5622
5.6667 0.3548 0.7338 1.1087 1.4329 1.5915 1.6118 1.6447 1.8425 2.1593 2.4839 2.7484 2.9302 3.1182 3.3586 3.6181 3.8741 4.0862 4.2485 4.3854
5.7636 -0.2238 0.1387 0.5768 0.9798 1.3195 1.6254 1.9291 2.2005 2.4025 2.5607 2.7259 2.9033 3.1164 3.3546 3.5978 3.8100 3.9934 4.1437 4.2649
5.8428 -0.4894 -0.2530 0.1228 0.5653 1.0206 1.4476 1.8098 2.1369 2.4406 2.6803 2.8361 2.9773 3.1725 3.3855 3.5946 3.7762 3.9181 4.0558 4.1562
5.9097 -0.6559 -0.5016 -0.1918 0.2400 0.7053 1.1725 1.6185 2.0175 2.3597 2.6450 2.8570 3.0303 3.2322 3.4217 3.5982 3.7556 3.8860 3.9975 4.0794
5.9677 -0.8221 -0.5509 -0.2745 0.0602 0.4743 0.9286 1.3929 1.8437 2.2524 2.5882 2.8260 3.0372 3.2603 3.4529 3.6177 3.7560 3.8698 3.9540 4.0235
6.0189 -0.8245 -0.6664 -0.4295 -0.1028 0.2928 0.7282 1.1848 1.6496 2.0949 2.4755 2.7801 3.0406 3.2701 3.4726 3.6368 3.7577 3.8605 3.9187 3.9795
6.0646 -1.3621 -1.0090 -0.6622 -0.2921 0.1163 0.5562 1.0127 1.4753 1.9305 2.3496 2.7031 3.0033 3.2620 3.4795 3.6502 3.7676 3.8369 3.8853 3.9490
6.1615 -1.9762 -1.4982 -1.0471 -0.6185 -0.1979 0.2286 0.6736 1.1334 1.5969 2.0521 2.4842 2.8877 3.1936 3.4318 3.6143 3.7338 3.7855 3.8296 3.8966
6.2407 -2.4188 -1.9289 -1.4407 -0.9570 -0.4844 -0.0253 0.4286 0.8879 1.3541 1.8191 2.2686 2.6979 3.0552 3.3340 3.5452 3.6714 3.7279 3.7869 3.8320
6.3077 -2.6995 -2.1971 -1.7119 -1.2244 -0.7383 -0.2553 0.2209 0.6907 1.1567 1.6200 2.0834 2.5282 2.9207 3.2361 3.4680 3.6029 3.6698 3.7362 3.7657
6.3657 -2.9125 -2.4003 -1.9088 -1.4166 -0.9251 -0.4359 0.0477 0.5209 0.9888 1.4557 1.9292 2.3843 2.7997 3.1450 3.3790 3.5239 3.6082 3.6851 3.6952
6.4168 -3.0987 -2.5898 -2.0813 -1.5909 -1.1002 -0.6093 -0.1212 0.3643 0.8464 1.3228 1.8020 2.2621 2.6876 3.0337 3.2829 3.4433 3.5524 3.6350 3.6175
6.4626 -3.2143 -2.7018 -2.1982 -1.7048 -1.2124 -0.7230 -0.2354 0.2510 0.7352 1.2146 1.6977 2.1564 2.5764 2.9334 3.1954 3.3706 3.5021 3.5869 3.5398
6.5040 -3.4282 -2.7990 -2.3009 -1.8075 -1.3153 -0.8246 -0.3356 0.1515 0.6339 1.1114 1.5955 2.0540 2.4800 2.8459 3.1176 3.3086 3.4586 3.5282 3.4620
6.5417 -3.5083 -2.9109 -2.4133 -1.9199 -1.4279 -0.9366 -0.4459 0.0451 0.5369 1.0246 1.5082 1.9679 2.3996 2.7701 3.0492 3.2566 3.4194 3.4691 3.3854
6.6087 -3.6076 -3.0636 -2.5711 -2.0769 -1.5826 -1.0888 -0.5963 -0.1037 0.3899 0.8811 1.3643 1.8254 2.2538 2.6389 2.9364 3.1631 3.3154 3.3569 3.2414
6.6667 -3.8296 -3.1592 -2.6921 -2.2049 -1.7118 -1.2159 -0.7187 -0.2251 0.2628 0.7511 1.2368 1.7081 2.1447 2.5289 2.8253 3.0677 3.2222 3.2535 3.1119
6.7636 -3.4131 -3.0131 -2.6568 -2.2666 -1.8226 -1.3466 -0.8603 -0.3713 0.1177 0.6054 1.0779 1.5344 1.9544 2.3307 2.6602 2.9193 3.0678 3.0519 2.9063
6.8050 -3.4783 -3.0208 -2.6293 -2.2516 -1.8520 -1.4072 -0.9344 -0.4502 0.0367 0.5260 0.9990 1.4509 1.8769 2.2593 2.5998 2.8602 2.9895 2.9645 2.8941
6.8428 -3.6083 -3.1136 -2.6879 -2.3019 -1.9086 -1.4814 -1.0175 -0.5347 -0.0484 0.4426 0.9233 1.3845 1.8107 2.1999 2.5483 2.8084 2.9129 2.8819 2.8040
6.8775 -3.7462 -3.2328 -2.7737 -2.3487 -1.9406 -1.5185 -1.0662 -0.5928 -0.1101 0.3817 0.8655 1.3271 1.7534 2.1497 2.5032 2.7420 2.8431 2.8057 2.7209
6.9097 -3.8365 -3.3141 -2.8309 -2.3687 -1.9302 -1.5006 -1.0595 -0.5958 -0.1174 0.3609 0.8264 1.2777 1.7035 2.1059 2.4547 2.6791 2.7798 2.7392 2.6441
6.9677 -4.1648 -3.5078 -3.0120 -2.5221 -2.0442 -1.5828 -1.1347 -0.6847 -0.2169 0.2626 0.7359 1.1903 1.6207 2.0212 2.3508 2.5697 2.6711 2.6360 2.5074
7.0189 -4.2455 -3.6190 -3.1199 -2.6225 -2.1293 -1.6486 -1.1840 -0.7244 -0.2600 0.2080 0.6690 1.1191 1.5457 1.9421 2.2642 2.4780 2.5639 2.5415 2.3720
7.0646 -4.2934 -3.7003 -3.2011 -2.7031 -2.2091 -1.7225 -1.2439 -0.7736 -0.3093 0.1501 0.6096 1.0523 1.4820 1.8762 2.1907 2.4008 2.4738 2.4555 2.2471
7.1158 -4.3503 -3.7979 -3.3001 -2.8046 -2.3109 -1.8194 -1.3317 -0.8508 -0.3779 0.0859 0.5395 0.9839 1.4159 1.8060 2.1124 2.3055 2.3847 2.3525 2.1034
7.1615 -4.4307 -3.9074 -3.4084 -2.9095 -2.4108 -1.9129 -1.4185 -0.9301 -0.4482 0.0222 0.4804 0.9280 1.3603 1.7457 2.0456 2.2196 2.3025 2.2468 1.9846
7.2029 -4.4731 -3.9686 -3.4684 -2.9677 -2.4676 -1.9692 -1.4736 -0.9825 -0.4989 -0.0269 0.4318 0.8812 1.3120 1.6930 1.9663 2.1486 2.2290 2.1494 1.8843
7.2407 -4.5091 -4.0097 -3.5106 -3.0117 -2.5129 -2.0145 -1.5186 -1.0286 -0.5438 -0.0708 0.3895 0.8405 1.2694 1.6350 1.8989 2.0908 2.1804 2.0593 1.7900
7.2755 -4.5399 -4.0402 -3.5405 -3.0408 -2.5417 -2.0454 -1.5522 -1.0617 -0.5789 -0.1083 0.3524 0.8044 1.2281 1.5756 1.8418 2.0432 2.1066 1.9762 1.6988
7.3077 -4.5740 -4.0743 -3.5747 -3.0762 -2.5797 -2.0844 -1.5903 -1.1000 -0.6168 -0.1446 0.3189 0.7722 1.1814 1.5234 1.7934 1.9894 2.0381 1.8980 1.6107
7.3376 -4.6032 -4.1037 -3.6044 -3.1055 -2.6082 -2.1133 -1.6198 -1.1301 -0.6486 -0.1768 0.2888 0.7365 1.1392 1.4770 1.7519 1.9406 1.9744 1.8219 1.5271
7.3657 -4.6506 -4.1514 -3.6531 -3.1552 -2.6570 -2.1587 -1.6639 -1.1728 -0.6862 -0.2080 0.2599 0.7025 1.1008 1.4360 1.7162 1.8967 1.9149 1.7501 1.4501
7.3920 -4.6674 -4.1684 -3.6694 -3.1707 -2.6735 -2.1773 -1.6824 -1.1921 -0.7091 -0.2342 0.2309 0.6716 1.0657 1.3997 1.6849 1.8570 1.8593 1.6816 1.3829
7.4168 -4.7111 -4.2112 -3.7112 -3.2108 -2.7109 -2.2130 -1.7187 -1.2262 -0.7389 -0.2611 0.2044 0.6426 1.0338 1.3674 1.6495 1.8204 1.8070 1.6160 1.3199
7.4403 -4.7227 -4.2236 -3.7253 -3.2279 -2.7306 -2.2336 -1.7381 -1.2456 -0.7599 -0.2851 0.1798 0.6160 1.0041 1.3387 1.6155 1.7864 1.7574 1.5533 1.2605
7.4626 -4.7455 -4.2462 -3.7472 -3.2489 -2.7515 -2.2546 -1.7592 -1.2668 -0.7831 -0.3079 0.1569 0.5907 0.9767 1.3132 1.5840 1.7460 1.7070 1.4930 1.2051
7.4838 -4.7646 -4.2650 -3.7669 -3.2690 -2.7715 -2.2747 -1.7801 -1.2883 -0.8053 -0.3287 0.1357 0.5671 0.9517 1.2899 1.5554 1.7080 1.6589 1.4408 1.1534
7.5040 -4.7868 -4.2865 -3.7863 -3.2869 -2.7890 -2.2924 -1.7974 -1.3072 -0.8248 -0.3480 0.1156 0.5451 0.9283 1.2625 1.5290 1.6712 1.6128 1.3932 1.1042
7.5417 -4.8227 -4.3235 -3.8241 -3.3245 -2.8255 -2.3288 -1.8348 -1.3455 -0.8617 -0.3835 0.0785 0.5044 0.8869 1.2135 1.4817 1.6042 1.5269 1.3039 1.0099
7.6087 -4.8787 -4.3799 -3.8816 -3.3831 -2.8844 -2.3884 -1.8950 -1.4060 -0.9217 -0.4433 0.0149 0.4323 0.8030 1.1367 1.3999 1.4737 1.3734 1.1401 0.8292
7.6667 -4.9289 -4.4297 -3.9309 -3.4320 -2.9340 -2.4381 -1.9447 -1.4554 -0.9700 -0.4928 -0.0440 0.3608 0.7398 1.0770 1.3062 1.3523 1.2352 0.9850 0.6741
7.7636 -5.0188 -4.5198 -4.0211 -3.5221 -3.0237 -2.5274 -2.0341 -1.5441 -1.0591 -0.5892 -0.1507 0.2637 0.6494 0.9684 1.1573 1.1527 0.9968 0.7465 0.4206
7.8428 -5.0775 -4.5778 -4.0784 -3.5797 -3.0815 -2.5852 -2.0927 -1.6036 -1.1217 -0.6594 -0.2241 0.1992 0.5743 0.8643 1.0157 0.9808 0.8077 0.5586 0.2271
7.9677 -5.1665 -4.6669 -4.1674 -3.6684 -3.1707 -2.6763 -2.1829 -1.6941 -1.2175 -0.7619 -0.3292 0.0811 0.4396 0.6985 0.7780 0.7091 0.5098 0.2351 -0.0638
8.0646 -5.2742 -4.7743 -4.2744 -3.7747 -3.2766 -2.7790 -2.2843 -1.7933 -1.3138 -0.8508 -0.4093 -0.0053 0.3439 0.5476 0.5853 0.4833 0.2707 -0.0159 -0.2860
8.2407 -5.3746 -4.8747 -4.3748 -3.8750 -3.3771 -2.8809 -2.3873 -1.9013 -1.4267 -0.9702 -0.5442 -0.1800 0.1177 0.2537 0.2248 0.0853 -0.1440 -0.4370 -0.6723
8.4626 -5.4994 -4.9994 -4.4996 -3.9999 -3.5031 -3.0073 -2.5179 -2.0379 -1.5767 -1.1367 -0.7441 -0.4344 -0.2102 -0.1728 -0.2595 -0.4304 -0.7006 -0.9317 -1.1267
8.6667 -5.6127 -5.1127 -4.6129 -4.1147 -3.6184 -3.1248 -2.6365 -2.1624 -1.7155 -1.3081 -0.9610 -0.6776 -0.5677 -0.5838 -0.7198 -0.9239 -1.1635 -1.3648 -1.5192
8.8428 -5.7094 -5.2095 -4.7096 -4.2116 -3.7163 -3.2256 -2.7431 -2.2779 -1.8397 -1.4613 -1.1475 -0.9394 -0.8954 -0.9578 -1.0992 -1.3415 -1.5454 -1.7195 -1.8088
9.0646 -5.8304 -5.3306 -4.8326 -4.3349 -3.8410 -3.3534 -2.8789 -2.4273 -2.0264 -1.6797 -1.4244 -1.3227 -1.3353 -1.4447 -1.6304 -1.8254 -2.0019 -2.1476 -2.1525
