logT -8.0 -7.5 -7.0 -6.5 -6.0 -5.5 -5.0 -4.5 -4.0 -3.5 -3.0 -2.5 -2.0 -1.5 -1.0 -0.5 0.0 0.5 1.0

3.7636 2.2658 2.3759 2.4637 2.5077 2.5263 2.5331 2.5358 2.5380 2.5409 2.5437 2.5468 2.5511 2.5554 2.5629 2.5781 2.5994 2.6445 2.7316 2.8582
3.8428 2.5562 2.5827 2.6480 2.7669 2.9068 3.0168 3.0864 3.1232 3.1378 3.1387 3.1298 3.1150 3.0981 3.0798 3.0734 3.0700 3.0753 3.0861 3.1028
3.9677 0.7527 0.8024 0.8972 1.0914 1.4088 1.8222 2.2820 2.7320 3.1359 3.4465 3.6347 3.7328 3.7855 3.8150 3.8322 3.8393 3.8386 3.8339 3.8458
4.0646 2.7870 3.1992 3.5444 3.7846 3.9225 3.9864 4.0086 4.0155 4.0181 4.0193 4.0207 4.0237 4.0295 4.0394 4.0564 4.0882 4.1390 4.2056 4.2852
4.1615 4.3534 4.3706 4.3953 4.4170 4.4254 4.4141 4.3774 4.3170 4.2530 4.2093 4.1900 4.1866 4.1923 4.2128 4.2618 4.3486 4.4560 4.5528 4.6198
4.2407 4.8706 4.8715 4.8715 4.8703 4.8668 4.8591 4.8451 4.8198 4.7649 4.6507 4.4534 4.1893 3.9380 3.8163 3.9004 4.1578 4.4553 4.6592 4.7727
4.3657 5.5070 5.5014 5.4849 5.4414 5.3436 5.1737 4.9610 4.7860 4.7031 4.6733 4.6589 4.6428 4.6169 4.5991 4.6520 4.7998 4.9318 4.9788 5.0167
4.4626 3.9493 3.9482 3.9403 3.9178 3.8750 3.8189 3.7755 3.7611 3.7766 3.8287 3.9443 4.1455 4.3903 4.6081 4.7992 4.9804 5.0833 5.1157 5.1476
4.5417 3.9150 3.9406 3.9594 3.9844 4.0361 4.1427 4.3230 4.5242 4.6849 4.7793 4.8330 4.8672 4.8797 4.8749 4.8923 4.9846 5.1032 5.1773 5.2191
4.6087 4.2283 4.2464 4.2926 4.3511 4.3960 4.4196 4.4289 4.4319 4.4293 4.4405 4.5298 4.7232 4.9377 5.0906 5.1585 5.1562 5.1621 5.2058 5.2538
4.6667 3.6729 3.7665 3.8728 4.0516 4.2905 4.5115 4.6616 4.7499 4.8105 4.8621 4.9112 4.9584 4.9967 5.0185 5.0305 5.0719 5.1406 5.2038 5.2616
4.7636 2.8425 3.0183 3.3067 3.5823 3.7756 3.8977 4.0072 4.1590 4.3336 4.4801 4.5937 4.7030 4.8218 4.9267 4.9938 5.0466 5.1099 5.1779 5.2457
4.8428 3.4731 3.7925 4.0045 4.1104 4.1362 4.0922 3.9803 3.8303 3.7531 3.8585 4.0953 4.3511 4.5684 4.7259 4.8601 4.9893 5.0807 5.1559 5.2248
4.9097 2.8201 3.2415 3.6410 3.9817 4.2371 4.3826 4.4298 4.3950 4.2780 4.1038 4.0037 4.1193 4.3417 4.5744 4.7812 4.9314 5.0356 5.1203 5.1899
4.9677 2.4339 2.5218 2.5545 2.5785 2.6392 2.7797 2.9882 3.2388 3.5346 3.8302 4.0842 4.3050 4.5176 4.6965 4.8126 4.9002 4.9959 5.0867 5.1609
5.0189 1.9735 2.0537 2.1190 2.1860 2.3046 2.5436 2.8712 3.1803 3.4336 3.6651 3.8998 4.1112 4.2891 4.4778 4.6824 4.8423 4.9616 5.0590 5.1371
5.0646 1.9334 1.8869 1.8469 1.9409 2.2286 2.6260 3.0508 3.4508 3.7795 4.0097 4.1548 4.2610 4.3652 4.4871 4.6460 4.7991 4.9226 5.0238 5.1032
5.1615 1.8791 1.8747 1.7832 1.6663 1.7523 2.0815 2.4696 2.8281 3.1742 3.5322 3.8551 4.0775 4.2261 4.3707 4.5309 4.6816 4.8183 4.9308 5.0107
5.2407 1.5647 1.5982 1.6084 1.6270 1.6760 1.7640 1.8920 2.0975 2.4202 2.8192 3.2388 3.6385 3.9804 4.2385 4.4317 4.5976 4.7413 4.8587 4.9350
5.3657 0.6741 0.9224 1.1284 1.2791 1.3680 1.4409 1.5649 1.7397 1.9592 2.2357 2.5843 3.0226 3.5137 3.9284 4.2094 4.4118 4.5710 4.6915 4.7822
5.4626 0.1822 0.3893 0.5678 0.7586 0.9828 1.2467 1.5364 1.8062 2.0123 2.1686 2.3650 2.7202 3.1958 3.6359 3.9749 4.2305 4.4201 4.5520 4.6587
5.5417 0.0483 0.1763 0.3220 0.5546 0.8856 1.2755 1.6892 2.1077 2.4890 2.7793 2.9342 2.9944 3.1495 3.4659 3.8021 4.0829 4.2882 4.4297 4.5484
5.6667 0.3259 0.7054 1.0808 1.4053 1.5645 1.5934 1.6506 1.8779 2.2107 2.5402 2.8033 2.9774 3.1527 3.3782 3.6227 3.8683 4.0757 4.2367 4.3731
5.7636 -0.2449 0.1109 0.5478 0.9512 1.2921 1.5999 1.9066 2.1827 2.3927 2.5687 2.7528 2.9417 3.1567 3.3895 3.6237 3.8228 3.9971 4.1386 4.2556
5.8428 -0.5002 -0.2723 0.0977 0.5377 0.9925 1.4201 1.7836 2.1131 2.4203 2.6661 2.8348 2.9962 3.2042 3.4198 3.6253 3.7990 3.9305 4.0587 4.1532
5.9097 -0.6627 -0.5161 -0.2139 0.2145 0.6783 1.1449 1.5913 1.9916 2.3362 2.6255 2.8450 3.0328 3.2473 3.4456 3.6250 3.7797 3.9026 4.0050 4.0816
5.9677 -0.8272 -0.5592 -0.2881 0.0406 0.4508 0.9031 1.3666 1.8175 2.2273 2.5656 2.8079 3.0286 3.2622 3.4652 3.6369 3.7767 3.8858 3.9633 4.0291
6.0189 -0.8277 -0.6729 -0.4408 -0.1193 0.2723 0.7049 1.1598 1.6238 2.0692 2.4513 2.7594 3.0260 3.2642 3.4761 3.6486 3.7727 3.8737 3.9285 3.9875
6.0646 -1.3688 -1.0179 -0.6743 -0.3080 0.0970 0.5344 0.9891 1.4506 1.9055 2.3252 2.6811 2.9856 3.2511 3.4771 3.6561 3.7774 3.8477 3.8956 3.9576
6.1615 -1.9870 -1.5087 -1.0588 -0.6322 -0.2141 0.2097 0.6526 1.1109 1.5736 2.0286 2.4614 2.8665 3.1760 3.4200 3.6090 3.7330 3.7897 3.8380 3.9034
6.2407 -2.4335 -1.9433 -1.4555 -0.9722 -0.5006 -0.0429 0.4094 0.8672 1.3324 1.7969 2.2466 2.6766 3.0363 3.3187 3.5346 3.6656 3.7287 3.7931 3.8358
6.3077 -2.7186 -2.2125 -1.7279 -1.2408 -0.7551 -0.2727 0.2028 0.6716 1.1366 1.5993 2.0624 2.5076 2.9015 3.2196 3.4555 3.5952 3.6690 3.7390 3.7668
6.3657 -2.9326 -2.4162 -1.9251 -1.4331 -0.9418 -0.4529 0.0303 0.5027 0.9698 1.4363 1.9094 2.3644 2.7808 3.1279 3.3648 3.5143 3.6055 3.6854 3.6942
6.4168 -3.1198 -2.6074 -2.0957 -1.6056 -1.1153 -0.6248 -0.1373 0.3476 0.8290 1.3049 1.7834 2.2430 2.6689 3.0162 3.2682 3.4334 3.5485 3.6333 3.6146
6.4626 -3.2363 -2.7193 -2.2138 -1.7205 -1.2285 -0.7396 -0.2524 0.2335 0.7175 1.1968 1.6793 2.1378 2.5584 2.9161 3.1807 3.3609 3.4974 3.5837 3.5356
6.5040 -3.4484 -2.8170 -2.3178 -1.8247 -1.3326 -0.8421 -0.3533 0.1336 0.6160 1.0938 1.5774 2.0358 2.4620 2.8288 3.1032 3.2992 3.4531 3.5236 3.4565
6.5417 -3.5293 -2.9265 -2.4284 -1.9351 -1.4433 -0.9520 -0.4615 0.0291 0.5206 1.0081 1.4910 1.9503 2.3821 2.7533 3.0352 3.2474 3.4128 3.4634 3.3792
6.6087 -3.6295 -3.0776 -2.5854 -2.0914 -1.5973 -1.1037 -0.6114 -0.1191 0.3742 0.8651 1.3479 1.8086 2.2372 2.6228 2.9234 3.1534 3.3073 3.3495 3.2347
6.6667 -3.8340 -3.1707 -2.7045 -2.2177 -1.7248 -1.2293 -0.7326 -0.2393 0.2485 0.7365 1.2213 1.6920 2.1286 2.5133 2.8127 3.0575 3.2131 3.2449 3.1063
6.7636 -3.4180 -3.0206 -2.6656 -2.2779 -1.8358 -1.3608 -0.8749 -0.3861 0.1030 0.5903 1.0627 1.5190 1.9394 2.3171 2.6484 2.9082 3.0574 3.0429 2.9029
6.8050 -3.4843 -3.0279 -2.6379 -2.2627 -1.8656 -1.4220 -0.9497 -0.4656 0.0214 0.5107 0.9841 1.4361 1.8625 2.2464 2.5880 2.8488 2.9785 2.9562 2.8867
6.8428 -3.6147 -3.1187 -2.6936 -2.3090 -1.9176 -1.4922 -1.0294 -0.5471 -0.0609 0.4294 0.9094 1.3702 1.7969 2.1874 2.5365 2.7967 2.9019 2.8743 2.7965
6.8775 -3.7539 -3.2383 -2.7797 -2.3559 -1.9496 -1.5295 -1.0787 -0.6059 -0.1233 0.3682 0.8518 1.3131 1.7402 2.1375 2.4913 2.7298 2.8322 2.7990 2.7134
6.9097 -3.8473 -3.3209 -2.8379 -2.3764 -1.9392 -1.5112 -1.0714 -0.6085 -0.1305 0.3473 0.8126 1.2640 1.6907 2.0938 2.4425 2.6667 2.7694 2.7332 2.6364
6.9677 -4.1692 -3.5166 -3.0207 -2.5310 -2.0534 -1.5927 -1.1457 -0.6967 -0.2296 0.2496 0.7227 1.1774 1.6086 2.0093 2.3384 2.5575 2.6619 2.6305 2.4994
7.0189 -4.2528 -3.6292 -3.1301 -2.6328 -2.1397 -1.6592 -1.1952 -0.7365 -0.2726 0.1951 0.6562 1.1067 1.5340 1.9301 2.2516 2.4664 2.5555 2.5350 2.3642
7.0646 -4.3019 -3.7105 -3.2113 -2.7133 -2.2194 -1.7327 -1.2544 -0.7847 -0.3210 0.1379 0.5972 1.0406 1.4705 1.8641 2.1782 2.3900 2.4667 2.4482 2.2395
7.1158 -4.3610 -3.8095 -3.3116 -2.8159 -2.3219 -1.8302 -1.3426 -0.8620 -0.3893 0.0742 0.5279 0.9727 1.4045 1.7937 2.1002 2.2954 2.3786 2.3447 2.0959
7.1615 -4.4400 -3.9171 -3.4180 -2.9191 -2.4204 -1.9226 -1.4284 -0.9400 -0.4585 0.0113 0.4694 0.9172 1.3489 1.7333 2.0336 2.2110 2.2961 2.2389 1.9772
7.2029 -4.4824 -3.9780 -3.4778 -2.9771 -2.4771 -1.9788 -1.4833 -0.9923 -0.5090 -0.0376 0.4211 0.8706 1.3006 1.6806 1.9552 2.1406 2.2227 2.1416 1.8770
7.2407 -4.5177 -4.0184 -3.5194 -3.0206 -2.5220 -2.0237 -1.5279 -1.0381 -0.5538 -0.0812 0.3792 0.8300 1.2579 1.6228 1.8888 2.0834 2.1726 2.0515 1.7828
7.2755 -4.5493 -4.0497 -3.5501 -3.0504 -2.5515 -2.0552 -1.5620 -1.0717 -0.5891 -0.1185 0.3423 0.7940 1.2165 1.5640 1.8325 2.0364 2.0988 1.9684 1.6918
7.3077 -4.5833 -4.0837 -3.5843 -3.0859 -2.5894 -2.0940 -1.6000 -1.1099 -0.6270 -0.1546 0.3091 0.7619 1.1699 1.5124 1.7848 1.9825 2.0303 1.8901 1.6038
7.3376 -4.6137 -4.1142 -3.6149 -3.1160 -2.6187 -2.1237 -1.6301 -1.1403 -0.6587 -0.1866 0.2791 0.7261 1.1278 1.4665 1.7439 1.9336 1.9665 1.8141 1.5203
7.3657 -4.6595 -4.1603 -3.6619 -3.1640 -2.6659 -2.1677 -1.6730 -1.1822 -0.6959 -0.2176 0.2502 0.6921 1.0897 1.4262 1.7082 1.8896 1.9071 1.7424 1.4434
7.3920 -4.6775 -4.1786 -3.6796 -3.1809 -2.6836 -2.1874 -1.6924 -1.2021 -0.7190 -0.2437 0.2213 0.6611 1.0548 1.3904 1.6775 1.8494 1.8514 1.6740 1.3764
7.4168 -4.7203 -4.2205 -3.7205 -3.2201 -2.7203 -2.2224 -1.7281 -1.2357 -0.7483 -0.2704 0.1948 0.6321 1.0229 1.3586 1.6422 1.8130 1.7991 1.6086 1.3135
7.4403 -4.7324 -4.2332 -3.7349 -3.2374 -2.7400 -2.2431 -1.7476 -1.2551 -0.7694 -0.2944 0.1702 0.6054 0.9939 1.3302 1.6078 1.7789 1.7495 1.5460 1.2542
7.4626 -4.7551 -4.2557 -3.7567 -3.2584 -2.7609 -2.2640 -1.7686 -1.2763 -0.7925 -0.3171 0.1472 0.5803 0.9668 1.3051 1.5768 1.7384 1.6991 1.4859 1.1989
7.4838 -4.7736 -4.2738 -3.7757 -3.2779 -2.7804 -2.2836 -1.7891 -1.2976 -0.8145 -0.3379 0.1261 0.5566 0.9421 1.2821 1.5481 1.7003 1.6511 1.4338 1.1472
7.5040 -4.7958 -4.2955 -3.7954 -3.2960 -2.7981 -2.3015 -1.8065 -1.3165 -0.8339 -0.3571 0.1059 0.5347 0.9190 1.2544 1.5217 1.6635 1.6050 1.3862 1.0982
7.5417 -4.8311 -4.3319 -3.8326 -3.3331 -2.8343 -2.3376 -1.8437 -1.3545 -0.8706 -0.3925 0.0688 0.4943 0.8783 1.2060 1.4740 1.5963 1.5192 1.2970 1.0038
7.6087 -4.8872 -4.3884 -3.8901 -3.3916 -2.8929 -2.3970 -1.9038 -1.4147 -0.9304 -0.4523 0.0052 0.4228 0.7951 1.1293 1.3923 1.4658 1.3658 1.1335 0.8232
7.6667 -4.9376 -4.4384 -3.9396 -3.4407 -2.9427 -2.4467 -1.9534 -1.4639 -0.9786 -0.5017 -0.0535 0.3523 0.7323 1.0697 1.2985 1.3444 1.2278 0.9788 0.6681
7.7636 -5.0296 -4.5306 -4.0318 -3.5328 -3.0343 -2.5380 -2.0445 -1.5544 -1.0692 -0.5989 -0.1594 0.2560 0.6421 0.9608 1.1493 1.1450 0.9898 0.7403 0.4147
7.8428 -5.0878 -4.5880 -4.0886 -3.5898 -3.0916 -2.5953 -2.1026 -1.6133 -1.1311 -0.6682 -0.2319 0.1918 0.5670 0.8566 1.0079 0.9733 0.8010 0.5527 0.2212
7.9677 -5.1759 -4.6763 -4.1767 -3.6777 -3.1799 -2.6854 -2.1919 -1.7029 -1.2259 -0.7694 -0.3363 0.0740 0.4322 0.6907 0.7703 0.7019 0.5034 0.2292 -0.0695
8.0646 -5.2808 -4.7809 -4.2810 -3.7813 -3.2832 -2.7856 -2.2908 -1.7998 -1.3203 -0.8574 -0.4163 -0.0130 0.3363 0.5399 0.5778 0.4764 0.2645 -0.0218 -0.2917
8.2407 -5.3813 -4.8813 -4.3814 -3.8817 -3.3837 -2.8875 -2.3939 -1.9078 -1.4332 -0.9770 -0.5514 -0.1875 0.1100 0.2461 0.2177 0.0793 -0.1499 -0.4427 -0.6778
8.4626 -5.5060 -5.0060 -4.5062 -4.0065 -3.5097 -3.0138 -2.5244 -2.0444 -1.5831 -1.1435 -0.7514 -0.4418 -0.2176 -0.1799 -0.2660 -0.4363 -0.7062 -0.9370 -1.1318
8.6667 -5.6192 -5.1193 -4.6194 -4.1213 -3.6250 -3.1313 -2.6430 -2.1689 -1.7218 -1.3149 -0.9682 -0.6850 -0.5748 -0.5905 -0.7257 -0.9294 -1.1686 -1.3696 -1.5240
8.8428 -5.7159 -5.2160 -4.7161 -4.2181 -3.7228 -3.2321 -2.7496 -2.2842 -1.8456 -1.4678 -1.1547 -0.9465 -0.9022 -0.9639 -1.1047 -1.3464 -1.5500 -1.7238 -1.8132
9.0646 -5.8369 -5.3370 -4.8390 -4.3414 -3.8474 -3.3598 -2.8852 -2.4333 -2.0320 -1.6859 -1.4315 -1.3295 -1.3415 -1.4501 -1.6351 -1.8295 -2.0056 -2.1513 -2.1562
