logT -8.0 -7.5 -7.0 -6.5 -6.0 -5.5 -5.0 -4.5 -4.0 -3.5 -3.0 -2.5 -2.0 -1.5 -1.0 -0.5 0.0 0.5 1.0

3.7636 1.8425 1.8425 1.8425 1.8425 1.8425 1.9511 2.0203 2.0538 2.0675 2.0720 2.0736 2.0745 2.0759 2.0795 2.0793 2.0850 2.1029 2.1497 2.2516
3.8428 0.8402 0.8402 0.8402 0.8402 0.9495 1.2680 1.6377 1.9754 2.2240 2.3750 2.4581 2.4993 2.5168 2.5233 2.5257 2.5272 2.5303 2.5340 2.5423
3.9677 -0.2744 -0.1142 0.0270 0.2035 0.4254 0.5984 0.8380 1.0829 1.3480 1.6719 2.0366 2.3889 2.7180 2.9777 3.1452 3.2316 3.2643 3.2675 3.2424
4.0646 1.8385 1.9368 2.0301 2.0946 2.1293 2.1484 2.1610 2.1667 2.1723 2.1792 2.1838 2.1911 2.1984 2.2105 2.2401 2.3031 2.3671 2.4419 2.5218
4.1615 2.2453 2.3215 2.4239 2.5055 2.5494 2.5668 2.5834 2.6248 2.6724 2.6933 2.6524 2.6205 2.5816 2.5631 2.5688 2.5913 2.6364 2.6964 2.7915
4.2407 2.8697 2.8747 2.8776 2.8814 2.8887 2.9029 2.9250 2.9401 2.9282 2.8843 2.8403 2.8172 2.8146 2.8182 2.8280 2.8444 2.8717 2.9316 3.0092
4.3657 3.3597 3.3534 3.3331 3.2783 3.1545 2.9799 2.8329 2.7474 2.7175 2.7183 2.7481 2.8243 2.9995 3.2666 3.5528 3.7939 3.9825 4.1702 4.2861
4.4626 2.0699 2.0692 2.0641 2.0597 2.0670 2.1033 2.1727 2.2503 2.3146 2.3739 2.4795 2.6784 2.9608 3.3142 3.7453 4.1850 4.4833 4.6668 4.7869
4.5417 2.4405 2.3478 2.2207 2.1467 2.1799 2.3640 2.6946 3.0766 3.4189 3.6700 3.8167 3.8882 3.9277 3.9722 4.0697 4.2743 4.5542 4.8097 4.9925
4.6087 2.2285 2.2635 2.3211 2.3801 2.4340 2.5158 2.6701 2.9116 3.1769 3.3922 3.5371 3.6305 3.7059 3.8050 3.9539 4.2116 4.5177 4.8079 5.0109
4.6667 2.0154 2.0721 2.1582 2.3075 2.5053 2.6914 2.8423 3.0285 3.2916 3.5842 3.8305 3.9958 4.0937 4.1619 4.2263 4.3428 4.5489 4.8137 5.0279
4.7636 1.7143 1.7013 1.7786 1.9097 2.0194 2.1254 2.2820 2.5136 2.8107 3.1613 3.5496 3.9147 4.2304 4.4427 4.5705 4.6539 4.7450 4.8775 5.0317
4.8428 1.7545 1.9752 2.1309 2.2183 2.2564 2.2466 2.2153 2.2475 2.4325 2.7695 3.1890 3.6353 4.0524 4.3949 4.6472 4.8146 4.9219 5.0103 5.0850
4.9097 1.6638 1.9319 2.1545 2.3361 2.4746 2.5471 2.5535 2.5192 2.5187 2.6806 3.0230 3.4666 3.9207 4.3260 4.6453 4.8692 5.0145 5.1107 5.1384
4.9677 1.6729 1.7117 1.7315 1.7488 1.7692 1.7945 1.8463 1.9799 2.2263 2.5528 2.9238 3.3513 3.7899 4.1837 4.5243 4.8054 5.0101 5.1307 5.1728
5.0189 1.7357 1.6627 1.5800 1.5125 1.4686 1.4966 1.5918 1.7350 1.9329 2.2098 2.5699 2.9895 3.4440 3.9308 4.3712 4.7158 4.9349 5.0707 5.1772
5.0646 1.6809 1.5968 1.4972 1.4297 1.4730 1.6281 1.8489 2.0656 2.2488 2.4094 2.6100 2.9254 3.3415 3.8129 4.2585 4.6299 4.8678 5.0456 5.1614
5.1615 1.6191 1.6460 1.6136 1.5344 1.4599 1.4980 1.6608 1.8314 1.9590 2.1143 2.3559 2.6767 3.0822 3.5533 4.0135 4.4069 4.6940 4.9324 5.0704
5.2407 1.4184 1.4873 1.5705 1.6337 1.6650 1.6712 1.6556 1.6616 1.7533 1.9506 2.2479 2.6178 3.0075 3.3962 3.8089 4.1957 4.5210 4.7758 4.9402
5.3657 0.8303 1.0679 1.2482 1.3555 1.3857 1.4056 1.4805 1.5998 1.7303 1.8722 2.0564 2.3329 2.6955 3.1019 3.5032 3.9090 4.2690 4.5529 4.7580
5.4626 0.2543 0.3927 0.4697 0.5779 0.7542 0.9509 1.1391 1.3127 1.4526 1.6086 1.8258 2.1257 2.4977 2.9066 3.3087 3.7032 4.0525 4.3515 4.5843
5.5417 -0.4410 -0.3323 -0.1789 0.0347 0.2816 0.5537 0.8347 1.0897 1.3081 1.5105 1.7282 2.0009 2.3560 2.7438 3.1523 3.5416 3.9017 4.2202 4.4585
5.6667 -0.8829 -0.7243 -0.5646 -0.3607 -0.1627 0.0363 0.3014 0.6157 0.9357 1.2404 1.5172 1.8182 2.1638 2.5439 2.9380 3.3300 3.7093 4.0243 4.2378
5.7636 -0.5861 -0.8443 -0.8653 -0.7008 -0.4506 -0.1520 0.1685 0.4754 0.7552 1.0484 1.3599 1.6865 2.0361 2.4119 2.7944 3.1802 3.5456 3.8421 4.0393
5.8428 -0.5174 -0.5883 -0.6744 -0.7616 -0.6559 -0.3511 -0.0099 0.3335 0.6726 0.9852 1.2819 1.6011 1.9451 2.3044 2.6830 3.0697 3.4247 3.7053 3.8936
5.9097 -0.5947 -0.6496 -0.7133 -0.6444 -0.5218 -0.3627 -0.1049 0.2243 0.5696 0.9038 1.2148 1.5213 1.8659 2.2248 2.6030 2.9854 3.3284 3.5936 3.7584
5.9677 -0.7265 -0.5313 -0.4126 -0.3656 -0.3203 -0.2365 -0.0747 0.1794 0.4991 0.8291 1.1386 1.4624 1.8087 2.1663 2.5417 2.9170 3.2363 3.4776 3.6586
6.0189 -0.7006 -0.6188 -0.5229 -0.4066 -0.2740 -0.1328 0.0051 0.1833 0.4422 0.7507 1.0742 1.4114 1.7613 2.1211 2.4929 2.8444 3.1440 3.3898 3.5887
6.0646 -1.3321 -1.0380 -0.7942 -0.5860 -0.3903 -0.1917 0.0019 0.1871 0.4196 0.7122 1.0319 1.3712 1.7226 2.0838 2.4399 2.7763 3.0680 3.3215 3.5360
