logT -8.0 -7.5 -7.0 -6.5 -6.0 -5.5 -5.0 -4.5 -4.0 -3.5 -3.0 -2.5 -2.0 -1.5 -1.0 -0.5 0.0 0.5 1.0

3.7636 2.2629 2.3898 2.4737 2.5123 2.5259 2.5307 2.5334 2.5361 2.5398 2.5437 2.5469 2.5515 2.5569 2.5646 2.5811 2.6048 2.6507 2.7382 2.8679
3.8428 2.6545 2.6757 2.7291 2.8309 2.9574 3.0597 3.1223 3.1530 3.1629 3.1595 3.1451 3.1254 3.1066 3.0861 3.0750 3.0729 3.0771 3.0897 3.1048
3.9677 0.8496 0.8913 0.9702 1.1387 1.4310 1.8295 2.2834 2.7325 3.1387 3.4516 3.6438 3.7458 3.7966 3.8278 3.8513 3.8647 3.8758 3.8890 3.9139
4.0646 2.9349 3.3463 3.6824 3.9091 4.0348 4.0914 4.1097 4.1165 4.1190 4.1201 4.1212 4.1234 4.1276 4.1354 4.1503 4.1812 4.2301 4.2931 4.3709
4.1615 4.4504 4.4619 4.4783 4.4917 4.4934 4.4757 4.4307 4.3613 4.2911 4.2450 4.2257 4.2219 4.2283 4.2519 4.3083 4.4075 4.5259 4.6271 4.6983
4.2407 4.9580 4.9589 4.9590 4.9581 4.9553 4.9490 4.9364 4.9105 4.8512 4.7291 4.5235 4.2506 3.9884 3.8582 3.9488 4.2205 4.5307 4.7418 4.8545
4.3657 5.5998 5.5942 5.5765 5.5294 5.4246 5.2447 5.0199 4.8344 4.7552 4.7213 4.7034 4.6826 4.6507 4.6327 4.6993 4.8628 4.9998 5.0485 5.0861
4.4626 3.8609 3.8601 3.8521 3.8292 3.7862 3.7312 3.6910 3.6815 3.7033 3.7620 3.8846 4.0944 4.3514 4.5852 4.8092 5.0212 5.1413 5.1808 5.2126
4.5417 3.8270 3.8528 3.8732 3.9021 3.9599 4.0727 4.2573 4.4591 4.6168 4.7104 4.7755 4.8224 4.8471 4.8601 4.9102 5.0331 5.1582 5.2324 5.2757
4.6087 4.1391 4.1586 4.2068 4.2665 4.3112 4.3332 4.3461 4.3561 4.3685 4.4155 4.5621 4.7996 5.0284 5.1797 5.2359 5.2098 5.2021 5.2502 5.3018
4.6667 3.5984 3.6897 3.7968 3.9765 4.2162 4.4366 4.5876 4.6827 4.7555 4.8182 4.8730 4.9226 4.9641 4.9939 5.0262 5.0907 5.1674 5.2335 5.2954
4.7636 2.8150 2.9671 3.2391 3.5073 3.6966 3.8171 3.9284 4.0830 4.2588 4.4102 4.5326 4.6509 4.7741 4.8831 4.9666 5.0449 5.1229 5.1963 5.2677
4.8428 3.3893 3.7072 3.9189 4.0244 4.0500 4.0055 3.8949 3.7521 3.6969 3.8358 4.1029 4.3827 4.6115 4.7587 4.8676 4.9863 5.0835 5.1648 5.2364
4.9097 2.7682 3.1813 3.5712 3.9040 4.1552 4.2982 4.3433 4.3063 4.1862 4.0115 3.9285 4.0679 4.3054 4.5523 4.7678 4.9232 5.0343 5.1250 5.1978
4.9677 2.4307 2.5180 2.5489 2.5675 2.6154 2.7371 2.9302 3.1726 3.4639 3.7573 4.0134 4.2408 4.4625 4.6507 4.7798 4.8844 4.9923 5.0896 5.1665
5.0189 1.9705 2.0493 2.1116 2.1710 2.2727 2.4897 2.8019 3.1031 3.3539 3.5857 3.8222 4.0369 4.2234 4.4311 4.6550 4.8269 4.9561 5.0591 5.1409
5.0646 1.9300 1.8811 1.8327 1.9081 2.1759 2.5602 2.9772 3.3729 3.6994 3.9290 4.0758 4.1876 4.3013 4.4346 4.6033 4.7702 4.9059 5.0146 5.0989
5.1615 1.8763 1.8719 1.7795 1.6579 1.7329 2.0533 2.4337 2.7799 3.1095 3.4545 3.7716 3.9937 4.1465 4.3011 4.4741 4.6399 4.7901 4.9128 4.9989
5.2407 1.5690 1.6025 1.6121 1.6285 1.6737 1.7558 1.8731 2.0612 2.3665 2.7538 3.1672 3.5644 3.9066 4.1682 4.3695 4.5482 4.7057 4.8353 4.9187
5.3657 0.6945 0.9435 1.1519 1.3041 1.3927 1.4624 1.5785 1.7428 1.9498 2.2110 2.5417 2.9633 3.4443 3.8567 4.1413 4.3517 4.5215 4.6526 4.7544
5.4626 0.2031 0.4223 0.6153 0.8190 1.0484 1.3159 1.6098 1.8808 2.0820 2.2222 2.3814 2.6905 3.1388 3.5705 3.9103 4.1717 4.3697 4.5118 4.6300
5.5417 -0.0070 0.1377 0.3189 0.5972 0.9623 1.3676 1.7860 2.2045 2.5852 2.8719 3.0176 3.0493 3.1468 3.4252 3.7493 4.0273 4.2366 4.3873 4.5152
5.6667 0.2444 0.6245 1.0012 1.3238 1.4881 1.5402 1.6541 1.9377 2.2964 2.6327 2.8932 3.0539 3.2094 3.4094 3.6255 3.8494 4.0470 4.2066 4.3433
5.7636 -0.3011 0.0335 0.4661 0.8701 1.2140 1.5272 1.8417 2.1299 2.3603 2.5753 2.7956 3.0045 3.2232 3.4474 3.6665 3.8416 3.9991 4.1220 4.2307
5.8428 -0.5265 -0.3224 0.0294 0.4607 0.9132 1.3420 1.7088 2.0449 2.3612 2.6227 2.8219 3.0250 3.2564 3.4766 3.6749 3.8347 3.9480 4.0579 4.1415
5.9097 -0.6789 -0.5531 -0.2733 0.1442 0.6027 1.0673 1.5143 1.9178 2.2685 2.5681 2.8067 3.0267 3.2677 3.4828 3.6675 3.8177 3.9277 4.0131 4.0803
5.9677 -0.8389 -0.5793 -0.3224 -0.0110 0.3871 0.8328 1.2931 1.7434 2.1557 2.5002 2.7547 2.9984 3.2558 3.4804 3.6655 3.8086 3.9095 3.9745 4.0343
6.0189 -0.8345 -0.6876 -0.4682 -0.1609 0.2184 0.6420 1.0907 1.5516 1.9966 2.3821 2.6994 2.9813 3.2405 3.4734 3.6631 3.7936 3.8918 3.9404 3.9969
6.0646 -1.3833 -1.0383 -0.7036 -0.3481 0.0468 0.4762 0.9249 1.3821 1.8352 2.2561 2.6176 2.9334 3.2157 3.4613 3.6588 3.7865 3.8600 3.9080 3.9680
6.1615 -2.0127 -1.5342 -1.0874 -0.6662 -0.2552 0.1606 0.5965 1.0498 1.5092 1.9625 2.3966 2.8056 3.1241 3.3822 3.5863 3.7207 3.7885 3.8464 3.9093
6.2407 -2.4707 -1.9799 -1.4931 -1.0112 -0.5423 -0.0889 0.3582 0.8113 1.2731 1.7353 2.1844 2.6157 2.9812 3.2728 3.5002 3.6426 3.7207 3.7965 3.8350
6.3077 -2.7669 -2.2529 -1.7698 -1.2839 -0.7995 -0.3187 0.1543 0.6199 1.0816 1.5419 2.0037 2.4489 2.8462 3.1709 3.4167 3.5679 3.6570 3.7354 3.7598
6.3657 -2.9847 -2.4587 -1.9684 -1.4772 -0.9867 -0.4986 -0.0167 0.4534 0.9179 1.3824 1.8537 2.3079 2.7262 3.0778 3.3217 3.4821 3.5898 3.6763 3.6821
6.4168 -3.1747 -2.6542 -2.1353 -1.6461 -1.1569 -0.6675 -0.1817 0.3013 0.7807 1.2549 1.7310 2.1889 2.6153 2.9653 3.2240 3.4009 3.5302 3.6201 3.5987
6.4626 -3.2942 -2.7667 -2.2566 -1.7641 -1.2730 -0.7854 -0.2996 0.1852 0.6683 1.1468 1.6274 2.0848 2.5064 2.8659 3.1368 3.3290 3.4772 3.5674 3.5165
6.5040 -3.5008 -2.8662 -2.3647 -1.8722 -1.3805 -0.8905 -0.4024 0.0840 0.5662 1.0441 1.5265 1.9842 2.4105 2.7793 3.0602 3.2681 3.4314 3.5034 3.4346
6.5417 -3.5842 -2.9702 -2.4708 -1.9780 -1.4865 -0.9955 -0.5056 -0.0158 0.4746 0.9613 1.4422 1.9003 2.3315 2.7045 2.9934 3.2169 3.3883 3.4407 3.3555
6.6087 -3.6879 -3.1178 -2.6263 -2.1329 -1.6395 -1.1465 -0.6547 -0.1631 0.3293 0.8193 1.3006 1.7606 2.1891 2.5758 2.8837 3.1213 3.2795 3.3233 3.2102
6.6667 -3.8450 -3.2042 -2.7407 -2.2551 -1.7631 -1.2685 -0.7730 -0.2806 0.2070 0.6939 1.1765 1.6457 2.0817 2.4678 2.7741 3.0246 3.1830 3.2160 3.0850
6.7636 -3.4295 -3.0404 -2.6907 -2.3108 -1.8742 -1.4022 -0.9176 -0.4290 0.0600 0.5464 1.0183 1.4743 1.8955 2.2766 2.6119 2.8740 3.0248 3.0135 2.8868
6.8050 -3.4987 -3.0466 -2.6609 -2.2934 -1.9040 -1.4647 -0.9937 -0.5102 -0.0233 0.4661 0.9404 1.3930 1.8202 2.2073 2.5518 2.8139 2.9439 2.9284 2.8608
6.8428 -3.6305 -3.1326 -2.7094 -2.3298 -1.9445 -1.5246 -1.0653 -0.5845 -0.0986 0.3900 0.8683 1.3281 1.7561 2.1495 2.5002 2.7609 2.8675 2.8481 2.7705
6.8775 -3.7731 -3.2535 -2.7965 -2.3761 -1.9754 -1.5615 -1.1153 -0.6447 -0.1627 0.3282 0.8110 1.2719 1.7006 2.1002 2.4549 2.6924 2.7985 2.7750 2.6872
6.9097 -3.8751 -3.3403 -2.8582 -2.3987 -1.9651 -1.5420 -1.1065 -0.6464 -0.1699 0.3068 0.7718 1.2235 1.6522 2.0572 2.4052 2.6293 2.7367 2.7111 2.6099
6.9677 -4.1817 -3.5414 -3.0456 -2.5563 -2.0799 -1.6217 -1.1781 -0.7325 -0.2673 0.2108 0.6834 1.1386 1.5719 1.9728 2.3006 2.5209 2.6314 2.6092 2.4727
7.0189 -4.2739 -3.6588 -3.1597 -2.6624 -2.1697 -1.6901 -1.2281 -0.7720 -0.3103 0.1566 0.6177 1.0694 1.4983 1.8937 2.2137 2.4314 2.5277 2.5110 2.3379
7.0646 -4.3275 -3.7408 -3.2417 -2.7438 -2.2498 -1.7633 -1.2859 -0.8179 -0.3565 0.1012 0.5600 1.0047 1.4351 1.8272 2.1406 2.3567 2.4416 2.4224 2.2137
7.1158 -4.3923 -3.8435 -3.3454 -2.8492 -2.3547 -1.8626 -1.3752 -0.8953 -0.4238 0.0389 0.4923 0.9382 1.3697 1.7566 2.0632 2.2638 2.3557 2.3179 2.0707
7.1615 -4.4686 -3.9466 -3.4475 -2.9486 -2.4499 -1.9525 -1.4586 -0.9706 -0.4901 -0.0221 0.4354 0.8836 1.3141 1.6961 1.9973 2.1820 2.2724 2.2123 1.9522
7.2029 -4.5117 -4.0073 -3.5072 -3.0065 -2.5067 -2.0086 -1.5133 -1.0226 -0.5405 -0.0703 0.3882 0.8376 1.2657 1.6435 1.9209 2.1140 2.1988 2.1151 1.8522
7.2407 -4.5455 -4.0464 -3.5476 -3.0490 -2.5507 -2.0528 -1.5573 -1.0679 -0.5849 -0.1133 0.3471 0.7974 1.2229 1.5860 1.8567 2.0583 2.1460 2.0251 1.7585
7.2755 -4.5793 -4.0796 -3.5802 -3.0808 -2.5821 -2.0859 -1.5927 -1.1028 -0.6209 -0.1503 0.3108 0.7617 1.1814 1.5286 1.8023 2.0121 2.0722 1.9420 1.6680
7.3077 -4.6131 -4.1137 -3.6146 -3.1164 -2.6200 -2.1246 -1.6306 -1.1409 -0.6585 -0.1859 0.2781 0.7297 1.1349 1.4785 1.7563 1.9576 2.0037 1.8638 1.5802
7.3376 -4.6462 -4.1467 -3.6474 -3.1485 -2.6511 -2.1559 -1.6622 -1.1722 -0.6903 -0.2175 0.2485 0.6938 1.0932 1.4342 1.7166 1.9085 1.9400 1.7881 1.4971
7.3657 -4.6881 -4.1888 -3.6905 -3.1927 -2.6947 -2.1968 -1.7023 -1.2121 -0.7263 -0.2479 0.2199 0.6597 1.0556 1.3952 1.6822 1.8643 1.8805 1.7167 1.4206
7.3920 -4.7090 -4.2102 -3.7114 -3.2127 -2.7153 -2.2188 -1.7239 -1.2334 -0.7499 -0.2737 0.1910 0.6286 1.0214 1.3607 1.6522 1.8242 1.8249 1.6486 1.3539
7.4168 -4.7499 -4.2501 -3.7502 -3.2500 -2.7503 -2.2525 -1.7581 -1.2657 -0.7785 -0.3001 0.1644 0.5997 0.9903 1.3300 1.6168 1.7871 1.7725 1.5836 1.2913
7.4403 -4.7631 -4.2638 -3.7653 -3.2676 -2.7701 -2.2731 -1.7777 -1.2853 -0.7995 -0.3239 0.1398 0.5731 0.9621 1.3025 1.5826 1.7529 1.7230 1.5215 1.2323
7.4626 -4.7854 -4.2861 -3.7870 -3.2885 -2.7909 -2.2939 -1.7987 -1.3065 -0.8223 -0.3464 0.1169 0.5480 0.9359 1.2779 1.5516 1.7122 1.6727 1.4619 1.1773
7.4838 -4.8027 -4.3025 -3.8044 -3.3067 -2.8092 -2.3125 -1.8183 -1.3273 -0.8439 -0.3671 0.0957 0.5244 0.9119 1.2558 1.5229 1.6737 1.6248 1.4100 1.1256
7.5040 -4.8247 -4.3245 -3.8245 -3.3253 -2.8275 -2.3308 -1.8360 -1.3462 -0.8632 -0.3862 0.0755 0.5028 0.8897 1.2284 1.4964 1.6371 1.5788 1.3625 1.0768
7.5417 -4.8589 -4.3598 -3.8606 -3.3614 -2.8627 -2.3660 -1.8725 -1.3836 -0.8994 -0.4215 0.0384 0.4630 0.8504 1.1806 1.4484 1.5697 1.4932 1.2739 0.9826
7.6087 -4.9150 -4.4163 -3.9179 -3.4195 -2.9209 -2.4251 -1.9322 -1.4432 -0.9585 -0.4810 -0.0251 0.3931 0.7691 1.1041 1.3661 1.4392 1.3404 1.1110 0.8022
7.6667 -4.9660 -4.4668 -3.9679 -3.4690 -2.9709 -2.4750 -1.9816 -1.4919 -1.0063 -0.5304 -0.0832 0.3249 0.7072 1.0442 1.2721 1.3180 1.2029 0.9565 0.6477
7.7636 -5.0627 -4.5636 -4.0647 -3.5656 -3.0670 -2.5704 -2.0766 -1.5861 -1.1004 -0.6293 -0.1874 0.2304 0.6172 0.9349 1.1226 1.1191 0.9660 0.7190 0.3950
7.8428 -5.1194 -4.6197 -4.1202 -3.6213 -3.1229 -2.6264 -2.1332 -1.6435 -1.1607 -0.6966 -0.2576 0.1670 0.5420 0.8305 0.9813 0.9479 0.7782 0.5320 0.2021
7.9677 -5.2055 -4.7059 -4.2063 -3.7072 -3.2092 -2.7144 -2.2205 -1.7312 -1.2531 -0.7947 -0.3604 0.0497 0.4068 0.6646 0.7444 0.6777 0.4821 0.2099 -0.0868
8.0646 -5.3037 -4.8038 -4.3039 -3.8042 -3.3061 -2.8084 -2.3136 -1.8226 -1.3429 -0.8805 -0.4401 -0.0386 0.3107 0.5139 0.5526 0.4532 0.2444 -0.0398 -0.3072
8.2407 -5.4044 -4.9045 -4.4046 -3.9048 -3.4068 -2.9106 -2.4169 -1.9307 -1.4558 -1.0002 -0.5756 -0.2123 0.0845 0.2209 0.1938 0.0583 -0.1681 -0.4570 -0.6895
8.4626 -5.5290 -5.0290 -4.5291 -4.0294 -3.5327 -3.0367 -2.5472 -2.0670 -1.6054 -1.1667 -0.7754 -0.4660 -0.2423 -0.2034 -0.2866 -0.4532 -0.7172 -0.9429 -1.1356
8.6667 -5.6420 -5.1420 -4.6422 -4.1440 -3.6477 -3.1540 -2.6656 -2.1912 -1.7438 -1.3376 -0.9916 -0.7090 -0.5979 -0.6114 -0.7416 -0.9382 -1.1685 -1.3641 -1.5190
8.8428 -5.7385 -5.2385 -4.7386 -4.2406 -3.7453 -3.2545 -2.7719 -2.3060 -1.8665 -1.4895 -1.1779 -0.9693 -0.9231 -0.9804 -1.1139 -1.3433 -1.5370 -1.7067 -1.7986
9.0646 -5.8591 -5.3593 -4.8612 -4.3636 -3.8696 -3.3819 -2.9066 -2.4534 -2.0508 -1.7059 -1.4528 -1.3484 -1.3559 -1.4547 -1.6245 -1.8035 -1.9706 -2.1172 -2.1226
