1.481585 6.011353e+08 6.889467e+08 1.000000e+14 1.104341e+14 6.618855e+13 1.198281e-12
1.488993 6.006291e+08 6.886587e+08 1.003848e+14 1.108751e+14 6.530336e+13 1.190843e-12
1.496438 6.001299e+08 6.883778e+08 1.007711e+14 1.113180e+14 6.442381e+13 1.183450e-12
1.503920 5.996320e+08 6.880856e+08 1.011591e+14 1.117630e+14 6.356664e+13 1.176556e-12
1.511439 5.991346e+08 6.877802e+08 1.015486e+14 1.122101e+14 6.273307e+13 1.169926e-12
1.518996 5.986384e+08 6.874658e+08 1.019398e+14 1.126592e+14 6.191860e+13 1.163194e-12
1.526591 5.981196e+08 6.870690e+08 1.023327e+14 1.131103e+14 6.118678e+13 1.155292e-12
1.534224 5.975992e+08 6.866599e+08 1.027271e+14 1.135634e+14 6.047466e+13 1.147441e-12
1.541896 5.970990e+08 6.863040e+08 1.031232e+14 1.140185e+14 5.972592e+13 1.140787e-12
1.549605 5.966209e+08 6.860022e+08 1.035209e+14 1.144757e+14 5.894148e+13 1.134427e-12
1.557353 5.961343e+08 6.856646e+08 1.039203e+14 1.149349e+14 5.819751e+13 1.127704e-12
1.565140 5.956254e+08 6.852547e+08 1.043214e+14 1.153962e+14 5.752282e+13 1.120102e-12
1.572966 5.951172e+08 6.848411e+08 1.047241e+14 1.158595e+14 5.685939e+13 1.112610e-12
1.580830 5.946133e+08 6.844336e+08 1.051285e+14 1.163249e+14 5.619903e+13 1.106097e-12
1.588734 5.941104e+08 6.840234e+08 1.055346e+14 1.167923e+14 5.554882e+13 1.099620e-12
1.596678 5.936103e+08 6.836154e+08 1.059423e+14 1.172618e+14 5.490471e+13 1.093087e-12
1.604662 5.931126e+08 6.832086e+08 1.063518e+14 1.177333e+14 5.426755e+13 1.086528e-12
1.612685 5.926165e+08 6.828007e+08 1.067629e+14 1.182069e+14 5.363896e+13 1.079981e-12
1.620748 5.921238e+08 6.823971e+08 1.071758e+14 1.186826e+14 5.301468e+13 1.073339e-12
1.628852 5.916318e+08 6.819903e+08 1.075904e+14 1.191604e+14 5.240040e+13 1.066735e-12
1.636996 5.911438e+08 6.815890e+08 1.080067e+14 1.196403e+14 5.178943e+13 1.060051e-12
1.645181 5.906566e+08 6.811854e+08 1.084248e+14 1.201223e+14 5.118761e+13 1.053365e-12
1.653407 5.901724e+08 6.807846e+08 1.088445e+14 1.206064e+14 5.059110e+13 1.046663e-12
1.661674 5.896900e+08 6.803840e+08 1.092661e+14 1.210927e+14 5.000160e+13 1.039894e-12
1.669983 5.892107e+08 6.799866e+08 1.096894e+14 1.215811e+14 4.941702e+13 1.033168e-12
1.678333 5.887361e+08 6.795964e+08 1.101145e+14 1.220716e+14 4.883446e+13 1.026740e-12
1.686724 5.882620e+08 6.792034e+08 1.105413e+14 1.225644e+14 4.826101e+13 1.020356e-12
1.695158 5.877889e+08 6.788083e+08 1.109700e+14 1.230593e+14 4.769601e+13 1.013915e-12
1.703634 5.873162e+08 6.784106e+08 1.114004e+14 1.235564e+14 4.713971e+13 1.007456e-12
1.712152 5.868190e+08 6.779519e+08 1.118327e+14 1.240557e+14 4.663168e+13 1.001043e-12
1.720712 5.863198e+08 6.774863e+08 1.122667e+14 1.245571e+14 4.613403e+13 9.946839e-13
1.729316 5.858229e+08 6.770235e+08 1.127025e+14 1.250607e+14 4.564010e+13 9.883659e-13
1.737963 5.853279e+08 6.765632e+08 1.131402e+14 1.255665e+14 4.515008e+13 9.825144e-13
1.746652 5.848390e+08 6.761142e+08 1.135797e+14 1.260745e+14 4.465815e+13 9.766960e-13
1.755386 5.843828e+08 6.757365e+08 1.140209e+14 1.265846e+14 4.412573e+13 9.705890e-13
1.764163 5.839270e+08 6.753562e+08 1.144641e+14 1.270971e+14 4.360155e+13 9.641991e-13
1.772983 5.834401e+08 6.749035e+08 1.149091e+14 1.276118e+14 4.312971e+13 9.579758e-13
1.781848 5.829535e+08 6.744492e+08 1.153560e+14 1.281287e+14 4.266421e+13 9.521793e-13
1.790758 5.824714e+08 6.740029e+08 1.158047e+14 1.286479e+14 4.219898e+13 9.464162e-13
1.799711 5.819918e+08 6.735599e+08 1.162553e+14 1.291693e+14 4.173705e+13 9.406402e-13
1.808710 5.815138e+08 6.731181e+08 1.167078e+14 1.296930e+14 4.127973e+13 9.348855e-13
1.817754 5.810380e+08 6.726790e+08 1.171622e+14 1.302189e+14 4.082598e+13 9.291441e-13
1.826842 5.805629e+08 6.722393e+08 1.176185e+14 1.307471e+14 4.037785e+13 9.233999e-13
1.835976 5.800907e+08 6.718037e+08 1.180766e+14 1.312777e+14 3.993236e+13 9.176896e-13
1.845156 5.796190e+08 6.713670e+08 1.185367e+14 1.318105e+14 3.949273e+13 9.119610e-13
1.854382 5.791499e+08 6.709338e+08 1.189987e+14 1.323457e+14 3.905615e+13 9.062637e-13
1.863654 5.786816e+08 6.705002e+08 1.194627e+14 1.328831e+14 3.862476e+13 9.005703e-13
1.872972 5.781989e+08 6.700349e+08 1.199286e+14 1.334230e+14 3.821640e+13 8.948883e-13
1.882337 5.777065e+08 6.695483e+08 1.203964e+14 1.339651e+14 3.782447e+13 8.892301e-13
1.891749 5.772220e+08 6.690768e+08 1.208662e+14 1.345096e+14 3.742845e+13 8.835659e-13
1.901208 5.767679e+08 6.686653e+08 1.213379e+14 1.350563e+14 3.700367e+13 8.779364e-13
1.910714 5.763138e+08 6.682518e+08 1.218116e+14 1.356055e+14 3.658502e+13 8.722607e-13
1.920267 5.758277e+08 6.677722e+08 1.222874e+14 1.361571e+14 3.620697e+13 8.666080e-13
1.929869 5.753420e+08 6.672922e+08 1.227650e+14 1.367111e+14 3.583325e+13 8.609880e-13
1.939518 5.748841e+08 6.668662e+08 1.232447e+14 1.372674e+14 3.543504e+13 8.554011e-13
1.949216 5.744406e+08 6.664668e+08 1.237264e+14 1.378262e+14 3.502746e+13 8.499477e-13
1.958962 5.739804e+08 6.660324e+08 1.242101e+14 1.383874e+14 3.464296e+13 8.448040e-13
1.968756 5.735040e+08 6.655649e+08 1.246958e+14 1.389510e+14 3.427978e+13 8.396901e-13
1.978600 5.730299e+08 6.651008e+08 1.251836e+14 1.395171e+14 3.391891e+13 8.345707e-13
1.988493 5.725638e+08 6.646508e+08 1.256734e+14 1.400856e+14 3.355494e+13 8.294717e-13
1.998436 5.720981e+08 6.642001e+08 1.261652e+14 1.406565e+14 3.319539e+13 8.242336e-13
2.008428 5.716311e+08 6.637451e+08 1.266592e+14 1.412299e+14 3.284208e+13 8.186945e-13
2.018470 5.711648e+08 6.632861e+08 1.271551e+14 1.418058e+14 3.249516e+13 8.132377e-13
2.028562 5.707030e+08 6.628297e+08 1.276532e+14 1.423842e+14 3.215136e+13 8.081856e-13
2.038705 5.702440e+08 6.623716e+08 1.281533e+14 1.429651e+14 3.181288e+13 8.031635e-13
2.048899 5.697762e+08 6.618886e+08 1.286555e+14 1.435484e+14 3.149077e+13 7.981142e-13
2.059143 5.692968e+08 6.613711e+08 1.291598e+14 1.441343e+14 3.118974e+13 7.930719e-13
2.069439 5.688190e+08 6.608540e+08 1.296663e+14 1.447226e+14 3.089181e+13 7.880479e-13
2.079786 5.683710e+08 6.603907e+08 1.301748e+14 1.453134e+14 3.057217e+13 7.830294e-13
2.090185 5.679231e+08 6.599275e+08 1.306854e+14 1.459068e+14 3.025592e+13 7.780414e-13
2.100636 5.674803e+08 6.594728e+08 1.311983e+14 1.465026e+14 2.993915e+13 7.730494e-13
2.111139 5.670386e+08 6.590198e+08 1.317132e+14 1.471011e+14 2.962511e+13 7.680870e-13
2.121695 5.665812e+08 6.585382e+08 1.322304e+14 1.477021e+14 2.932701e+13 7.631340e-13
2.132303 5.661162e+08 6.580428e+08 1.327497e+14 1.483057e+14 2.903806e+13 7.581996e-13
2.142965 5.656519e+08 6.575487e+08 1.332712e+14 1.489119e+14 2.875152e+13 7.533960e-13
2.153680 5.651889e+08 6.570566e+08 1.337948e+14 1.495206e+14 2.846705e+13 7.488254e-13
2.164448 5.647262e+08 6.565649e+08 1.343207e+14 1.501319e+14 2.818533e+13 7.442815e-13
2.175270 5.642650e+08 6.560755e+08 1.348487e+14 1.507459e+14 2.790549e+13 7.393803e-13
2.186147 5.638040e+08 6.555864e+08 1.353790e+14 1.513624e+14 2.762843e+13 7.344428e-13
2.197077 5.633507e+08 6.551106e+08 1.359114e+14 1.519815e+14 2.734873e+13 7.297643e-13
2.208063 5.628997e+08 6.546387e+08 1.364461e+14 1.526033e+14 2.707037e+13 7.252752e-13
2.219103 5.624496e+08 6.541679e+08 1.369831e+14 1.532278e+14 2.679449e+13 7.207370e-13
2.230199 5.620003e+08 6.536981e+08 1.375223e+14 1.538549e+14 2.652112e+13 7.158152e-13
2.241350 5.615527e+08 6.532311e+08 1.380637e+14 1.544847e+14 2.624952e+13 7.109257e-13
2.252556 5.611091e+08 6.527706e+08 1.386075e+14 1.551172e+14 2.597822e+13 7.064315e-13
2.263819 5.606637e+08 6.523065e+08 1.391535e+14 1.557524e+14 2.571124e+13 7.019903e-13
2.275138 5.601949e+08 6.518019e+08 1.397018e+14 1.563903e+14 2.546283e+13 6.975160e-13
2.286514 5.597264e+08 6.512976e+08 1.402524e+14 1.570310e+14 2.521677e+13 6.930205e-13
2.297946 5.592816e+08 6.508338e+08 1.408053e+14 1.576743e+14 2.495779e+13 6.885567e-13
2.309436 5.588453e+08 6.503843e+08 1.413605e+14 1.583204e+14 2.469617e+13 6.841359e-13
2.320983 5.583968e+08 6.499135e+08 1.419180e+14 1.589693e+14 2.444534e+13 6.797422e-13
2.332588 5.579392e+08 6.494268e+08 1.424779e+14 1.596209e+14 2.420305e+13 6.753215e-13
2.344251 5.574832e+08 6.489426e+08 1.430401e+14 1.602753e+14 2.396234e+13 6.709193e-13
2.355972 5.570311e+08 6.484649e+08 1.436047e+14 1.609325e+14 2.372180e+13 6.666803e-13
2.367752 5.565793e+08 6.479873e+08 1.441716e+14 1.615925e+14 2.348371e+13 6.625823e-13
2.379591 5.561326e+08 6.475181e+08 1.447409e+14 1.622553e+14 2.324509e+13 6.584846e-13
2.391489 5.556863e+08 6.470492e+08 1.453126e+14 1.629210e+14 2.300891e+13 6.541049e-13
2.403446 5.552404e+08 6.465806e+08 1.458867e+14 1.635894e+14 2.277511e+13 6.497532e-13
2.415464 5.547948e+08 6.461123e+08 1.464632e+14 1.642608e+14 2.254371e+13 6.453809e-13
2.427541 5.543519e+08 6.456480e+08 1.470421e+14 1.649350e+14 2.231336e+13 6.410252e-13
2.439679 5.539116e+08 6.451877e+08 1.476235e+14 1.656121e+14 2.208408e+13 6.368373e-13
2.451877 5.534659e+08 6.447183e+08 1.482073e+14 1.662921e+14 2.186036e+13 6.327865e-13
2.464136 5.530064e+08 6.442254e+08 1.487935e+14 1.669750e+14 2.164683e+13 6.287581e-13
2.476457 5.525471e+08 6.437329e+08 1.493822e+14 1.676607e+14 2.143539e+13 6.247416e-13
2.488839 5.521158e+08 6.432863e+08 1.499733e+14 1.683494e+14 2.121102e+13 6.207500e-13
2.501284 5.516864e+08 6.428424e+08 1.505670e+14 1.690411e+14 2.098819e+13 6.167728e-13
2.513790 5.512417e+08 6.423727e+08 1.511631e+14 1.697357e+14 2.077610e+13 6.128175e-13
2.526359 5.507925e+08 6.418956e+08 1.517617e+14 1.704333e+14 2.056864e+13 6.088441e-13
2.538991 5.503434e+08 6.414183e+08 1.523628e+14 1.711338e+14 2.036339e+13 6.048414e-13
2.551686 5.498944e+08 6.409409e+08 1.529665e+14 1.718374e+14 2.016034e+13 6.008629e-13
2.564444 5.494476e+08 6.404668e+08 1.535726e+14 1.725439e+14 1.995837e+13 5.969002e-13
2.577266 5.490086e+08 6.400050e+08 1.541813e+14 1.732534e+14 1.975474e+13 5.929628e-13
2.590153 5.485698e+08 6.395433e+08 1.547926e+14 1.739660e+14 1.955324e+13 5.890083e-13
2.603104 5.481306e+08 6.390805e+08 1.554064e+14 1.746816e+14 1.935421e+13 5.850693e-13
2.616119 5.476916e+08 6.386178e+08 1.560228e+14 1.754003e+14 1.915727e+13 5.812877e-13
2.629200 5.472560e+08 6.381601e+08 1.566418e+14 1.761220e+14 1.896095e+13 5.776494e-13
2.642346 5.468218e+08 6.377043e+08 1.572634e+14 1.768469e+14 1.876615e+13 5.740017e-13
2.655557 5.463810e+08 6.372368e+08 1.578876e+14 1.775748e+14 1.857692e+13 5.701011e-13
2.668835 5.459341e+08 6.367571e+08 1.585144e+14 1.783058e+14 1.839341e+13 5.662261e-13
2.682179 5.454920e+08 6.362819e+08 1.591438e+14 1.790400e+14 1.821073e+13 5.625576e-13
2.695590 5.450682e+08 6.358317e+08 1.597759e+14 1.797772e+14 1.802318e+13 5.589404e-13
2.709068 5.446446e+08 6.353768e+08 1.604106e+14 1.805177e+14 1.783933e+13 5.553227e-13
2.722614 5.442027e+08 6.348924e+08 1.610480e+14 1.812613e+14 1.766561e+13 5.517036e-13
2.736227 5.437610e+08 6.344085e+08 1.616881e+14 1.820080e+14 1.749354e+13 5.481011e-13
2.749908 5.433225e+08 6.339295e+08 1.623308e+14 1.827579e+14 1.732189e+13 5.444815e-13
2.763657 5.428853e+08 6.334524e+08 1.629763e+14 1.835110e+14 1.715146e+13 5.408851e-13
2.777476 5.424502e+08 6.329786e+08 1.636244e+14 1.842673e+14 1.698192e+13 5.373103e-13
2.791363 5.420173e+08 6.325081e+08 1.642753e+14 1.850268e+14 1.681322e+13 5.337581e-13
2.805320 5.415870e+08 6.320416e+08 1.649289e+14 1.857895e+14 1.664522e+13 5.302070e-13
2.819346 5.411641e+08 6.315864e+08 1.655852e+14 1.865554e+14 1.647603e+13 5.266575e-13
2.833443 5.407414e+08 6.311314e+08 1.662444e+14 1.873247e+14 1.630859e+13 5.231700e-13
2.847610 5.403170e+08 6.306736e+08 1.669062e+14 1.880972e+14 1.614360e+13 5.198438e-13
2.861848 5.398929e+08 6.302161e+08 1.675709e+14 1.888731e+14 1.598028e+13 5.165380e-13
2.876158 5.394542e+08 6.297361e+08 1.682384e+14 1.896522e+14 1.582433e+13 5.130422e-13
2.890538 5.390130e+08 6.292520e+08 1.689087e+14 1.904347e+14 1.567099e+13 5.095193e-13
2.904991 5.385738e+08 6.287712e+08 1.695818e+14 1.912204e+14 1.551840e+13 5.061213e-13
2.919516 5.381366e+08 6.282932e+08 1.702576e+14 1.920095e+14 1.536668e+13 5.028223e-13
2.934114 5.377076e+08 6.278277e+08 1.709364e+14 1.928019e+14 1.521348e+13 4.995450e-13
2.948784 5.373020e+08 6.273979e+08 1.716179e+14 1.935977e+14 1.505330e+13 4.962915e-13
2.963528 5.368937e+08 6.269636e+08 1.723024e+14 1.943969e+14 1.489592e+13 4.930584e-13
2.978346 5.364641e+08 6.264967e+08 1.729897e+14 1.951996e+14 1.474794e+13 4.897768e-13
2.993237 5.360348e+08 6.260301e+08 1.736800e+14 1.960057e+14 1.460143e+13 4.865051e-13
3.008204 5.355964e+08 6.255497e+08 1.743731e+14 1.968152e+14 1.445964e+13 4.832581e-13
3.023245 5.351571e+08 6.250678e+08 1.750691e+14 1.976281e+14 1.431963e+13 4.800352e-13
3.038361 5.347308e+08 6.246054e+08 1.757681e+14 1.984445e+14 1.417660e+13 4.768248e-13
3.053553 5.343153e+08 6.241593e+08 1.764699e+14 1.992643e+14 1.403141e+13 4.736087e-13
3.068820 5.338920e+08 6.237013e+08 1.771748e+14 2.000877e+14 1.389042e+13 4.704137e-13
3.084165 5.334541e+08 6.232210e+08 1.778826e+14 2.009145e+14 1.375584e+13 4.673468e-13
3.099585 5.330180e+08 6.227435e+08 1.785933e+14 2.017449e+14 1.362202e+13 4.643034e-13
3.115083 5.326099e+08 6.223077e+08 1.793070e+14 2.025787e+14 1.348049e+13 4.611773e-13
3.130659 5.322020e+08 6.218721e+08 1.800238e+14 2.034162e+14 1.334045e+13 4.579952e-13
3.146312 5.317787e+08 6.214133e+08 1.807436e+14 2.042572e+14 1.320688e+13 4.548864e-13
3.162044 5.313540e+08 6.209522e+08 1.814664e+14 2.051019e+14 1.307521e+13 4.518996e-13
3.177854 5.309356e+08 6.205003e+08 1.821922e+14 2.059501e+14 1.294296e+13 4.489318e-13
3.193743 5.305207e+08 6.200535e+08 1.829211e+14 2.068019e+14 1.281105e+13 4.459524e-13
3.209712 5.301045e+08 6.196046e+08 1.836530e+14 2.076574e+14 1.268099e+13 4.429918e-13
3.225760 5.296865e+08 6.191527e+08 1.843881e+14 2.085166e+14 1.255291e+13 4.400305e-13
3.241889 5.292667e+08 6.186981e+08 1.851262e+14 2.093794e+14 1.242674e+13 4.370783e-13
3.258099 5.288397e+08 6.182326e+08 1.858674e+14 2.102459e+14 1.230408e+13 4.341190e-13
3.274389 5.284130e+08 6.177674e+08 1.866118e+14 2.111160e+14 1.218262e+13 4.311325e-13
3.290761 5.279998e+08 6.173220e+08 1.873592e+14 2.119899e+14 1.205854e+13 4.281673e-13
3.307215 5.275882e+08 6.168788e+08 1.881099e+14 2.128675e+14 1.193533e+13 4.252356e-13
3.323751 5.271698e+08 6.164254e+08 1.888636e+14 2.137488e+14 1.181543e+13 4.223235e-13
3.340370 5.267492e+08 6.159684e+08 1.896206e+14 2.146339e+14 1.169746e+13 4.195407e-13
3.357071 5.263332e+08 6.155182e+08 1.903807e+14 2.155228e+14 1.157946e+13 4.167997e-13
3.373857 5.259223e+08 6.150753e+08 1.911440e+14 2.164154e+14 1.146131e+13 4.140645e-13
3.390726 5.255107e+08 6.146311e+08 1.919105e+14 2.173119e+14 1.134469e+13 4.113326e-13
3.407680 5.250958e+08 6.141818e+08 1.926803e+14 2.182122e+14 1.123023e+13 4.085941e-13
3.424718 5.246810e+08 6.137326e+08 1.934533e+14 2.191164e+14 1.111697e+13 4.056679e-13
3.441842 5.242582e+08 6.132716e+08 1.942296e+14 2.200244e+14 1.100706e+13 4.027621e-13
3.459051 5.238358e+08 6.128108e+08 1.950091e+14 2.209362e+14 1.089824e+13 4.000393e-13
3.476346 5.234277e+08 6.123708e+08 1.957918e+14 2.218520e+14 1.078687e+13 3.973506e-13
3.493728 5.230258e+08 6.119384e+08 1.965779e+14 2.227716e+14 1.067539e+13 3.947256e-13
3.511197 5.226157e+08 6.114929e+08 1.973673e+14 2.236952e+14 1.056745e+13 3.921471e-13
3.528753 5.221988e+08 6.110356e+08 1.981600e+14 2.246227e+14 1.046281e+13 3.895515e-13
3.546396 5.217827e+08 6.105785e+08 1.989561e+14 2.255542e+14 1.035926e+13 3.868411e-13
3.564128 5.213681e+08 6.101235e+08 1.997555e+14 2.264896e+14 1.025640e+13 3.841490e-13
3.581949 5.209542e+08 6.096693e+08 2.005582e+14 2.274291e+14 1.015450e+13 3.816278e-13
3.599859 5.205493e+08 6.092281e+08 2.013644e+14 2.283725e+14 1.005150e+13 3.791316e-13
3.617858 5.201448e+08 6.087871e+08 2.021739e+14 2.293199e+14 9.949554e+12 3.765326e-13
3.635947 5.197418e+08 6.083483e+08 2.029868e+14 2.302714e+14 9.848327e+12 3.738673e-13
3.654127 5.193395e+08 6.079102e+08 2.038032e+14 2.312269e+14 9.748062e+12 3.712647e-13
3.672398 5.189383e+08 6.074736e+08 2.046230e+14 2.321866e+14 9.648622e+12 3.687543e-13
3.690760 5.185379e+08 6.070380e+08 2.054463e+14 2.331503e+14 9.550076e+12 3.662569e-13
3.709213 5.181345e+08 6.065980e+08 2.062731e+14 2.341182e+14 9.453292e+12 3.637167e-13
3.727760 5.177270e+08 6.061520e+08 2.071033e+14 2.350902e+14 9.358468e+12 3.611937e-13
3.746398 5.173201e+08 6.057066e+08 2.079371e+14 2.360663e+14 9.264544e+12 3.587069e-13
3.765130 5.169146e+08 6.052632e+08 2.087743e+14 2.370466e+14 9.171312e+12 3.562426e-13
3.783956 5.165093e+08 6.048200e+08 2.096151e+14 2.380311e+14 9.079021e+12 3.538260e-13
3.802876 5.161055e+08 6.043787e+08 2.104594e+14 2.390198e+14 8.987430e+12 3.514571e-13
3.821890 5.157021e+08 6.039377e+08 2.113073e+14 2.400127e+14 8.896751e+12 3.490915e-13
3.841000 5.153054e+08 6.035062e+08 2.121587e+14 2.410098e+14 8.805631e+12 3.466586e-13
3.860205 5.149116e+08 6.030787e+08 2.130138e+14 2.420112e+14 8.714908e+12 3.442421e-13
3.879506 5.145064e+08 6.026348e+08 2.138725e+14 2.430169e+14 8.627539e+12 3.418982e-13
3.898903 5.140904e+08 6.021755e+08 2.147348e+14 2.440269e+14 8.543306e+12 3.395761e-13
3.918398 5.136787e+08 6.017223e+08 2.156007e+14 2.450412e+14 8.459082e+12 3.372354e-13
3.937990 5.132802e+08 6.012875e+08 2.164702e+14 2.460597e+14 8.373116e+12 3.348858e-13
3.957680 5.128820e+08 6.008529e+08 2.173434e+14 2.470826e+14 8.288031e+12 3.325603e-13
3.977468 5.124924e+08 6.004302e+08 2.182203e+14 2.481099e+14 8.202212e+12 3.302714e-13
3.997355 5.121031e+08 6.000078e+08 2.191009e+14 2.491416e+14 8.117268e+12 3.279978e-13
4.017342 5.116957e+08 5.995598e+08 2.199852e+14 2.501778e+14 8.036747e+12 3.257919e-13
4.037429 5.112852e+08 5.991075e+08 2.208732e+14 2.512183e+14 7.957658e+12 3.236005e-13
4.057616 5.108880e+08 5.986736e+08 2.217650e+14 2.522632e+14 7.876915e+12 3.213463e-13
4.077904 5.105022e+08 5.982554e+08 2.226605e+14 2.533126e+14 7.794939e+12 3.190632e-13
4.098294 5.101169e+08 5.978376e+08 2.235599e+14 2.543666e+14 7.713799e+12 3.168342e-13
4.118785 5.097321e+08 5.974205e+08 2.244630e+14 2.554250e+14 7.633461e+12 3.146778e-13
4.139379 5.093450e+08 5.969998e+08 2.253700e+14 2.564880e+14 7.554447e+12 3.125347e-13
4.160076 5.089458e+08 5.965624e+08 2.262808e+14 2.575556e+14 7.478447e+12 3.103962e-13
4.180876 5.085470e+08 5.961252e+08 2.271954e+14 2.586277e+14 7.403217e+12 3.082719e-13
4.201781 5.081485e+08 5.956883e+08 2.281140e+14 2.597044e+14 7.328748e+12 3.061202e-13
4.222789 5.077502e+08 5.952516e+08 2.290363e+14 2.607856e+14 7.255032e+12 3.039713e-13
4.243903 5.073586e+08 5.948240e+08 2.299626e+14 2.618715e+14 7.180985e+12 3.018323e-13
4.265123 5.069699e+08 5.944001e+08 2.308928e+14 2.629621e+14 7.107267e+12 2.997031e-13
4.286449 5.065787e+08 5.939728e+08 2.318269e+14 2.640573e+14 7.034768e+12 2.975866e-13
4.307881 5.061852e+08 5.935421e+08 2.327649e+14 2.651571e+14 6.963452e+12 2.954783e-13
4.329420 5.057954e+08 5.931163e+08 2.337069e+14 2.662617e+14 6.892307e+12 2.933850e-13
4.351067 5.054170e+08 5.927058e+08 2.346529e+14 2.673710e+14 6.820114e+12 2.913495e-13
4.372823 5.050376e+08 5.922940e+08 2.356029e+14 2.684851e+14 6.748874e+12 2.893276e-13
4.394687 5.046448e+08 5.918634e+08 2.365570e+14 2.696040e+14 6.680579e+12 2.873140e-13
4.416660 5.042522e+08 5.914331e+08 2.375151e+14 2.707277e+14 6.612983e+12 2.853117e-13
4.438743 5.038675e+08 5.910135e+08 2.384772e+14 2.718561e+14 6.544896e+12 2.833204e-13
4.460937 5.034845e+08 5.905959e+08 2.394434e+14 2.729894e+14 6.477309e+12 2.813388e-13
4.483242 5.030927e+08 5.901661e+08 2.404136e+14 2.741276e+14 6.411814e+12 2.793648e-13
4.505658 5.026960e+08 5.897297e+08 2.413880e+14 2.752706e+14 6.347760e+12 2.773603e-13
4.528186 5.023080e+08 5.893044e+08 2.423665e+14 2.764184e+14 6.283167e+12 2.753699e-13
4.550827 5.019349e+08 5.888979e+08 2.433491e+14 2.775712e+14 6.217258e+12 2.735000e-13
4.573581 5.015592e+08 5.884862e+08 2.443359e+14 2.787290e+14 6.152692e+12 2.716590e-13
4.596449 5.011720e+08 5.880577e+08 2.453268e+14 2.798917e+14 6.090644e+12 2.697821e-13
4.619432 5.007851e+08 5.876295e+08 2.463220e+14 2.810594e+14 6.029223e+12 2.678757e-13
4.642529 5.003974e+08 5.872000e+08 2.473214e+14 2.822321e+14 5.968585e+12 2.659727e-13
4.665741 5.000099e+08 5.867708e+08 2.483249e+14 2.834097e+14 5.908563e+12 2.640486e-13
4.689070 4.996195e+08 5.863376e+08 2.493328e+14 2.845924e+14 5.849575e+12 2.621419e-13
4.712515 4.992285e+08 5.859035e+08 2.503448e+14 2.857802e+14 5.791315e+12 2.603583e-13
4.736078 4.988484e+08 5.854839e+08 2.513612e+14 2.869729e+14 5.732193e+12 2.585864e-13
4.759758 4.984801e+08 5.850800e+08 2.523818e+14 2.881708e+14 5.672133e+12 2.567438e-13
4.783557 4.981075e+08 5.846702e+08 2.534068e+14 2.893739e+14 5.613315e+12 2.548730e-13
4.807475 4.977251e+08 5.842471e+08 2.544361e+14 2.905821e+14 5.556443e+12 2.530146e-13
4.831512 4.973436e+08 5.838252e+08 2.554698e+14 2.917955e+14 5.500059e+12 2.511680e-13
4.855670 4.969707e+08 5.834146e+08 2.565079e+14 2.930140e+14 5.443181e+12 2.493495e-13
4.879948 4.965981e+08 5.830043e+08 2.575503e+14 2.942378e+14 5.386897e+12 2.476034e-13
4.904348 4.962242e+08 5.825922e+08 2.585972e+14 2.954669e+14 5.331391e+12 2.458692e-13
4.928870 4.958504e+08 5.821800e+08 2.596486e+14 2.967012e+14 5.276489e+12 2.441468e-13
4.953514 4.954670e+08 5.817551e+08 2.607044e+14 2.979408e+14 5.223372e+12 2.424361e-13
4.978282 4.950793e+08 5.813242e+08 2.617646e+14 2.991858e+14 5.171363e+12 2.407100e-13
5.003173 4.946955e+08 5.808985e+08 2.628294e+14 3.004360e+14 5.119421e+12 2.389798e-13
5.028189 4.943171e+08 5.804797e+08 2.638986e+14 3.016915e+14 5.067407e+12 2.372714e-13
5.053330 4.939407e+08 5.800636e+08 2.649723e+14 3.029524e+14 5.015711e+12 2.355909e-13
5.078597 4.935718e+08 5.796572e+08 2.660506e+14 3.042187e+14 4.963703e+12 2.339188e-13
5.103990 4.932031e+08 5.792510e+08 2.671335e+14 3.054904e+14 4.912241e+12 2.321933e-13
5.129509 4.928323e+08 5.788419e+08 2.682210e+14 3.067677e+14 4.861593e+12 2.304802e-13
5.155157 4.924618e+08 5.784330e+08 2.693131e+14 3.080503e+14 4.811475e+12 2.288377e-13
5.180933 4.920890e+08 5.780210e+08 2.704098e+14 3.093385e+14 4.762165e+12 2.272181e-13
5.206837 4.917159e+08 5.776085e+08 2.715112e+14 3.106322e+14 4.713432e+12 2.255867e-13
5.232872 4.913552e+08 5.772121e+08 2.726172e+14 3.119315e+14 4.663860e+12 2.239483e-13
5.259036 4.910042e+08 5.768284e+08 2.737280e+14 3.132363e+14 4.613785e+12 2.223408e-13
5.285331 4.906374e+08 5.764237e+08 2.748435e+14 3.145468e+14 4.565990e+12 2.207899e-13
5.311758 4.902485e+08 5.759900e+08 2.759637e+14 3.158629e+14 4.521096e+12 2.192496e-13
5.338317 4.898644e+08 5.755625e+08 2.770887e+14 3.171847e+14 4.476167e+12 2.176209e-13
5.365008 4.895083e+08 5.751715e+08 2.782184e+14 3.185120e+14 4.428775e+12 2.160009e-13
5.391833 4.891525e+08 5.747807e+08 2.793529e+14 3.198451e+14 4.381892e+12 2.144419e-13
5.418792 4.887827e+08 5.743714e+08 2.804923e+14 3.211839e+14 4.336978e+12 2.129100e-13
5.445886 4.884125e+08 5.739617e+08 2.816365e+14 3.225284e+14 4.292591e+12 2.113913e-13
5.473116 4.880401e+08 5.735488e+08 2.827855e+14 3.238787e+14 4.248920e+12 2.098860e-13
5.500481 4.876670e+08 5.731350e+08 2.839395e+14 3.252348e+14 4.205792e+12 2.083949e-13
5.527984 4.873052e+08 5.727357e+08 2.850983e+14 3.265967e+14 4.162017e+12 2.069282e-13
5.555624 4.869542e+08 5.723504e+08 2.862620e+14 3.279645e+14 4.117672e+12 2.054717e-13
5.583402 4.865981e+08 5.719583e+08 2.874307e+14 3.293381e+14 4.074322e+12 2.039417e-13
5.611319 4.862310e+08 5.715517e+08 2.886044e+14 3.307177e+14 4.032522e+12 2.024117e-13
5.639375 4.858657e+08 5.711474e+08 2.897830e+14 3.321032e+14 3.991008e+12 2.009342e-13
5.667572 4.855098e+08 5.707550e+08 2.909667e+14 3.334946e+14 3.949074e+12 1.994878e-13
5.695910 4.851541e+08 5.703628e+08 2.921554e+14 3.348921e+14 3.907587e+12 1.980373e-13
5.724390 4.847950e+08 5.699662e+08 2.933492e+14 3.362955e+14 3.866874e+12 1.965741e-13
5.753012 4.844360e+08 5.695694e+08 2.945481e+14 3.377050e+14 3.826618e+12 1.951223e-13
5.781777 4.840739e+08 5.691686e+08 2.957521e+14 3.391206e+14 3.787080e+12 1.936873e-13
5.810686 4.837109e+08 5.687665e+08 2.969611e+14 3.405422e+14 3.748066e+12 1.922626e-13
5.839739 4.833544e+08 5.683726e+08 2.981754e+14 3.419699e+14 3.708903e+12 1.909000e-13
5.868938 4.830034e+08 5.679862e+08 2.993948e+14 3.434038e+14 3.669662e+12 1.895535e-13
5.898282 4.826471e+08 5.675931e+08 3.006194e+14 3.448439e+14 3.631289e+12 1.881959e-13
5.927774 4.822785e+08 5.671843e+08 3.018492e+14 3.462901e+14 3.594389e+12 1.868335e-13
5.957413 4.819125e+08 5.667786e+08 3.030842e+14 3.477426e+14 3.557678e+12 1.854699e-13
5.987200 4.815671e+08 5.663994e+08 3.043244e+14 3.492012e+14 3.519622e+12 1.840917e-13
6.017136 4.812220e+08 5.660204e+08 3.055700e+14 3.506662e+14 3.481981e+12 1.827241e-13
6.047221 4.808632e+08 5.656236e+08 3.068209e+14 3.521375e+14 3.445905e+12 1.813752e-13
6.077458 4.805033e+08 5.652252e+08 3.080771e+14 3.536151e+14 3.410322e+12 1.800360e-13
6.107845 4.801497e+08 5.648348e+08 3.093386e+14 3.550991e+14 3.374624e+12 1.787165e-13
6.138384 4.797993e+08 5.644483e+08 3.106056e+14 3.565895e+14 3.339073e+12 1.774086e-13
6.169076 4.794466e+08 5.640588e+08 3.118779e+14 3.580863e+14 3.304100e+12 1.760665e-13
6.199921 4.790913e+08 5.636657e+08 3.131556e+14 3.595895e+14 3.269733e+12 1.746965e-13
6.230921 4.787385e+08 5.632758e+08 3.144388e+14 3.610992e+14 3.235546e+12 1.733859e-13
6.262076 4.783926e+08 5.628944e+08 3.157274e+14 3.626154e+14 3.201220e+12 1.721789e-13
6.293386 4.780455e+08 5.625113e+08 3.170216e+14 3.641382e+14 3.167376e+12 1.709781e-13
6.324853 4.776840e+08 5.621099e+08 3.183213e+14 3.656675e+14 3.134997e+12 1.696693e-13
6.356477 4.773228e+08 5.617086e+08 3.196265e+14 3.672034e+14 3.102952e+12 1.683703e-13
6.388260 4.769827e+08 5.613342e+08 3.209372e+14 3.687458e+14 3.069699e+12 1.671236e-13
6.420201 4.766460e+08 5.609637e+08 3.222535e+14 3.702950e+14 3.036587e+12 1.658972e-13
6.452302 4.763054e+08 5.605882e+08 3.235755e+14 3.718508e+14 3.004137e+12 1.646859e-13
6.484563 4.759630e+08 5.602103e+08 3.249032e+14 3.734134e+14 2.972182e+12 1.634894e-13
6.516986 4.756128e+08 5.598223e+08 3.262365e+14 3.749827e+14 2.941151e+12 1.622822e-13
6.549571 4.752546e+08 5.594241e+08 3.275755e+14 3.765588e+14 2.911025e+12 1.610270e-13
6.582319 4.749036e+08 5.590348e+08 3.289202e+14 3.781416e+14 2.880736e+12 1.597822e-13
6.615231 4.745705e+08 5.586680e+08 3.302706e+14 3.797313e+14 2.849549e+12 1.586039e-13
6.648307 4.742359e+08 5.582991e+08 3.316269e+14 3.813278e+14 2.818832e+12 1.574340e-13
6.681548 4.738802e+08 5.579036e+08 3.329889e+14 3.829313e+14 2.789883e+12 1.562434e-13
6.714956 4.735249e+08 5.575082e+08 3.343567e+14 3.845417e+14 2.761236e+12 1.550544e-13
6.748531 4.731838e+08 5.571308e+08 3.357304e+14 3.861589e+14 2.731960e+12 1.538813e-13
6.782273 4.728446e+08 5.567555e+08 3.371099e+14 3.877832e+14 2.702901e+12 1.527231e-13
6.816185 4.725005e+08 5.563740e+08 3.384953e+14 3.894144e+14 2.674482e+12 1.515776e-13
6.850266 4.721544e+08 5.559898e+08 3.398866e+14 3.910527e+14 2.646516e+12 1.504514e-13
6.884517 4.718129e+08 5.556112e+08 3.412838e+14 3.926981e+14 2.618576e+12 1.493310e-13
6.918940 4.714761e+08 5.552385e+08 3.426871e+14 3.943505e+14 2.590649e+12 1.481831e-13
6.953534 4.711396e+08 5.548658e+08 3.440963e+14 3.960101e+14 2.563029e+12 1.470438e-13
6.988302 4.708032e+08 5.544932e+08 3.455116e+14 3.976769e+14 2.535717e+12 1.459593e-13
7.023244 4.704664e+08 5.541199e+08 3.469329e+14 3.993509e+14 2.508745e+12 1.448953e-13
7.058360 4.701223e+08 5.537375e+08 3.483603e+14 4.010321e+14 2.482512e+12 1.438000e-13
7.093652 4.697786e+08 5.533553e+08 3.497938e+14 4.027206e+14 2.456556e+12 1.426789e-13
7.129120 4.694430e+08 5.529831e+08 3.512334e+14 4.044163e+14 2.430413e+12 1.415811e-13
7.164765 4.691086e+08 5.526122e+08 3.526792e+14 4.061194e+14 2.404499e+12 1.405255e-13
7.200589 4.687744e+08 5.522416e+08 3.541312e+14 4.078298e+14 2.378862e+12 1.394770e-13
7.236592 4.684406e+08 5.518712e+08 3.555894e+14 4.095476e+14 2.353503e+12 1.384089e-13
7.272775 4.681117e+08 5.515068e+08 3.570538e+14 4.112729e+14 2.328156e+12 1.373488e-13
7.309139 4.677876e+08 5.511481e+08 3.585246e+14 4.130056e+14 2.302831e+12 1.363095e-13
7.345685 4.674582e+08 5.507828e+08 3.600016e+14 4.147459e+14 2.278094e+12 1.352818e-13
7.382413 4.671169e+08 5.504026e+08 3.614850e+14 4.164937e+14 2.254291e+12 1.342474e-13
7.419325 4.667774e+08 5.500245e+08 3.629747e+14 4.182491e+14 2.230660e+12 1.332081e-13
7.456422 4.664542e+08 5.496664e+08 3.644708e+14 4.200120e+14 2.206417e+12 1.321919e-13
7.493704 4.661313e+08 5.493084e+08 3.659734e+14 4.217826e+14 2.182448e+12 1.312161e-13
7.531172 4.657924e+08 5.489303e+08 3.674824e+14 4.235608e+14 2.159610e+12 1.302435e-13
7.568828 4.654526e+08 5.485509e+08 3.689978e+14 4.253468e+14 2.137080e+12 1.292114e-13
7.606672 4.651237e+08 5.481847e+08 3.705197e+14 4.271404e+14 2.114242e+12 1.281873e-13
7.644706 4.647998e+08 5.478246e+08 3.720481e+14 4.289418e+14 2.091410e+12 1.271856e-13
7.682929 4.644723e+08 5.474600e+08 3.735832e+14 4.307509e+14 2.069020e+12 1.261948e-13
7.721344 4.641417e+08 5.470913e+08 3.751247e+14 4.325680e+14 2.047044e+12 1.252398e-13
7.759951 4.638136e+08 5.467257e+08 3.766729e+14 4.343929e+14 2.025192e+12 1.243106e-13
7.798750 4.634905e+08 5.463660e+08 3.782278e+14 4.362257e+14 2.003345e+12 1.233644e-13
7.837744 4.631667e+08 5.460053e+08 3.797893e+14 4.380664e+14 1.981788e+12 1.223795e-13
7.876933 4.628370e+08 5.456373e+08 3.813576e+14 4.399151e+14 1.960758e+12 1.214089e-13
7.916318 4.625075e+08 5.452694e+08 3.829325e+14 4.417718e+14 1.939955e+12 1.205036e-13
7.955899 4.621829e+08 5.449074e+08 3.845142e+14 4.436366e+14 1.919161e+12 1.196049e-13
7.995679 4.618589e+08 5.445460e+08 3.861027e+14 4.455094e+14 1.898577e+12 1.186750e-13
8.035657 4.615388e+08 5.441892e+08 3.876980e+14 4.473903e+14 1.878050e+12 1.177472e-13
8.075835 4.612202e+08 5.438341e+08 3.893002e+14 4.492794e+14 1.857690e+12 1.168390e-13
8.116215 4.608989e+08 5.434757e+08 3.909093e+14 4.511767e+14 1.837688e+12 1.159451e-13
8.156796 4.605756e+08 5.431146e+08 3.925253e+14 4.530823e+14 1.818005e+12 1.150488e-13
8.197580 4.602535e+08 5.427549e+08 3.941483e+14 4.549961e+14 1.798493e+12 1.141447e-13
8.238568 4.599334e+08 5.423975e+08 3.957782e+14 4.569182e+14 1.779119e+12 1.132477e-13
8.279760 4.596144e+08 5.420412e+08 3.974151e+14 4.588486e+14 1.759921e+12 1.123580e-13
8.321159 4.592994e+08 5.416899e+08 3.990591e+14 4.607874e+14 1.740768e+12 1.114752e-13
8.362765 4.589847e+08 5.413386e+08 4.007102e+14 4.627346e+14 1.721831e+12 1.106184e-13
8.404579 4.586649e+08 5.409811e+08 4.023683e+14 4.646903e+14 1.703323e+12 1.097699e-13
8.446602 4.583454e+08 5.406238e+08 4.040336e+14 4.666545e+14 1.685017e+12 1.089125e-13
8.488835 4.580256e+08 5.402659e+08 4.057061e+14 4.686272e+14 1.666935e+12 1.080544e-13
8.531279 4.577059e+08 5.399081e+08 4.073858e+14 4.706084e+14 1.649055e+12 1.072029e-13
8.573935 4.573910e+08 5.395561e+08 4.090727e+14 4.725983e+14 1.631184e+12 1.063578e-13
8.616805 4.570794e+08 5.392079e+08 4.107668e+14 4.745968e+14 1.613390e+12 1.055143e-13
8.659889 4.567677e+08 5.388593e+08 4.124683e+14 4.766040e+14 1.595808e+12 1.046594e-13
8.703188 4.564557e+08 5.385104e+08 4.141771e+14 4.786199e+14 1.578439e+12 1.038113e-13
8.746704 4.561426e+08 5.381600e+08 4.158932e+14 4.806445e+14 1.561317e+12 1.030126e-13
8.790438 4.558258e+08 5.378051e+08 4.176168e+14 4.826780e+14 1.544530e+12 1.022204e-13
8.834390 4.555096e+08 5.374506e+08 4.193478e+14 4.847203e+14 1.527916e+12 1.014036e-13
8.878562 4.551977e+08 5.371013e+08 4.210862e+14 4.867715e+14 1.511331e+12 1.005814e-13
8.922955 4.548861e+08 5.367522e+08 4.228322e+14 4.888315e+14 1.494929e+12 9.978794e-14
8.967570 4.545784e+08 5.364077e+08 4.245856e+14 4.909006e+14 1.478570e+12 9.901983e-14
9.012407 4.542716e+08 5.360641e+08 4.263466e+14 4.929786e+14 1.462373e+12 9.824834e-14
9.057469 4.539611e+08 5.357161e+08 4.281153e+14 4.950657e+14 1.446493e+12 9.745589e-14
9.102757 4.536493e+08 5.353662e+08 4.298916e+14 4.971619e+14 1.430846e+12 9.667057e-14
9.148271 4.533411e+08 5.350206e+08 4.316755e+14 4.992671e+14 1.415253e+12 9.590720e-14
9.194012 4.530364e+08 5.346791e+08 4.334671e+14 5.013816e+14 1.399718e+12 9.514973e-14
9.239982 4.527301e+08 5.343355e+08 4.352665e+14 5.035052e+14 1.384419e+12 9.438508e-14
9.286182 4.524204e+08 5.339878e+08 4.370736e+14 5.056381e+14 1.369414e+12 9.362349e-14
9.332613 4.521115e+08 5.336409e+08 4.388886e+14 5.077803e+14 1.354557e+12 9.287753e-14
9.379276 4.518063e+08 5.332983e+08 4.407114e+14 5.099317e+14 1.339747e+12 9.214376e-14
9.426172 4.515013e+08 5.329559e+08 4.425420e+14 5.120926e+14 1.325102e+12 9.141183e-14
9.473303 4.512003e+08 5.326181e+08 4.443806e+14 5.142628e+14 1.310497e+12 9.067854e-14
9.520670 4.508998e+08 5.322808e+08 4.462271e+14 5.164426e+14 1.296043e+12 8.994967e-14
9.568273 4.505970e+08 5.319412e+08 4.480816e+14 5.186318e+14 1.281818e+12 8.921712e-14
9.616114 4.502938e+08 5.316010e+08 4.499441e+14 5.208306e+14 1.267772e+12 8.849040e-14
9.664195 4.499891e+08 5.312588e+08 4.518147e+14 5.230389e+14 1.253938e+12 8.777971e-14
9.712516 4.496834e+08 5.309155e+08 4.536934e+14 5.252569e+14 1.240292e+12 8.707554e-14
9.761078 4.493833e+08 5.305785e+08 4.555802e+14 5.274845e+14 1.226636e+12 8.637307e-14
9.809884 4.490914e+08 5.302512e+08 4.574752e+14 5.297218e+14 1.212888e+12 8.567434e-14
9.858933 4.487966e+08 5.299204e+08 4.593783e+14 5.319690e+14 1.199393e+12 8.497658e-14
9.908228 4.484927e+08 5.295786e+08 4.612898e+14 5.342259e+14 1.186328e+12 8.427908e-14
9.957769 4.481895e+08 5.292375e+08 4.632095e+14 5.364927e+14 1.173395e+12 8.359012e-14
10.007558 4.478962e+08 5.289081e+08 4.651375e+14 5.387694e+14 1.160321e+12 8.291468e-14
10.057596 4.476032e+08 5.285788e+08 4.670739e+14 5.410560e+14 1.147396e+12 8.224464e-14
10.107884 4.473018e+08 5.282395e+08 4.690187e+14 5.433526e+14 1.134862e+12 8.158129e-14
10.158423 4.469996e+08 5.278993e+08 4.709719e+14 5.456592e+14 1.122495e+12 8.092319e-14
10.209215 4.467064e+08 5.275694e+08 4.729335e+14 5.479759e+14 1.110023e+12 8.025836e-14
10.260261 4.464174e+08 5.272445e+08 4.749036e+14 5.503027e+14 1.097578e+12 7.959558e-14
10.311563 4.461255e+08 5.269159e+08 4.768823e+14 5.526396e+14 1.085364e+12 7.893915e-14
10.363120 4.458309e+08 5.265840e+08 4.788697e+14 5.549868e+14 1.073367e+12 7.828868e-14
10.414936 4.455364e+08 5.262523e+08 4.808656e+14 5.573443e+14 1.061506e+12 7.764736e-14
10.467011 4.452421e+08 5.259206e+08 4.828702e+14 5.597120e+14 1.049780e+12 7.701742e-14
10.519346 4.449486e+08 5.255897e+08 4.848834e+14 5.620901e+14 1.038172e+12 7.639131e-14
10.571943 4.446579e+08 5.252621e+08 4.869054e+14 5.644786e+14 1.026625e+12 7.576309e-14
10.624802 4.443675e+08 5.249346e+08 4.889362e+14 5.668775e+14 1.015209e+12 7.513992e-14
10.677926 4.440773e+08 5.246072e+08 4.909758e+14 5.692869e+14 1.003922e+12 7.451432e-14
10.731316 4.437873e+08 5.242800e+08 4.930243e+14 5.717068e+14 9.927635e+11 7.389317e-14
10.784972 4.434974e+08 5.239528e+08 4.950817e+14 5.741373e+14 9.817327e+11 7.328433e-14
10.838897 4.432077e+08 5.236258e+08 4.971480e+14 5.765785e+14 9.708270e+11 7.268321e-14
10.893092 4.429220e+08 5.233034e+08 4.992232e+14 5.790303e+14 9.599520e+11 7.208095e-14
10.947557 4.426389e+08 5.229837e+08 5.013076e+14 5.814929e+14 9.491458e+11 7.147748e-14
11.002295 4.423544e+08 5.226624e+08 5.034009e+14 5.839663e+14 9.385006e+11 7.088176e-14
11.057307 4.420683e+08 5.223391e+08 5.055035e+14 5.864505e+14 9.280181e+11 7.029783e-14
11.112593 4.417825e+08 5.220160e+08 5.076151e+14 5.889456e+14 9.176543e+11 6.971822e-14
11.168156 4.414969e+08 5.216932e+08 5.097359e+14 5.914516e+14 9.074073e+11 6.913663e-14
11.223997 4.412119e+08 5.213708e+08 5.118660e+14 5.939686e+14 8.972700e+11 6.855979e-14
11.280117 4.409294e+08 5.210513e+08 5.140053e+14 5.964966e+14 8.871935e+11 6.798188e-14
11.336517 4.406472e+08 5.207320e+08 5.161540e+14 5.990357e+14 8.772321e+11 6.740767e-14
11.393200 4.403675e+08 5.204155e+08 5.183120e+14 6.015859e+14 8.673320e+11 6.684163e-14
11.450166 4.400882e+08 5.200994e+08 5.204794e+14 6.041473e+14 8.575419e+11 6.628204e-14
11.507417 4.398091e+08 5.197834e+08 5.226563e+14 6.067199e+14 8.478641e+11 6.572920e-14
11.564954 4.395302e+08 5.194675e+08 5.248427e+14 6.093039e+14 8.382973e+11 6.518361e-14
11.622779 4.392495e+08 5.191494e+08 5.270386e+14 6.118992e+14 8.288848e+11 6.463802e-14
11.680893 4.389676e+08 5.188299e+08 5.292441e+14 6.145059e+14 8.196070e+11 6.407928e-14
11.739297 4.386885e+08 5.185134e+08 5.314592e+14 6.171239e+14 8.103828e+11 6.352583e-14
11.797993 4.384129e+08 5.182009e+08 5.336840e+14 6.197535e+14 8.011956e+11 6.299687e-14
11.856983 4.381366e+08 5.178875e+08 5.359184e+14 6.223947e+14 7.921330e+11 6.247221e-14
11.916268 4.378579e+08 5.175713e+08 5.381627e+14 6.250474e+14 7.832265e+11 6.193899e-14
11.975850 4.375795e+08 5.172554e+08 5.404167e+14 6.277118e+14 7.744177e+11 6.140673e-14
12.035729 4.373032e+08 5.169418e+08 5.426805e+14 6.303878e+14 7.656730e+11 6.088823e-14
12.095908 4.370272e+08 5.166284e+08 5.449543e+14 6.330756e+14 7.570286e+11 6.037991e-14
12.156387 4.367513e+08 5.163151e+08 5.472379e+14 6.357752e+14 7.484823e+11 5.986841e-14
12.217169 4.364757e+08 5.160020e+08 5.495315e+14 6.384867e+14 7.400338e+11 5.934856e-14
12.278255 4.362045e+08 5.156938e+08 5.518352e+14 6.412100e+14 7.316034e+11 5.883493e-14
12.339646 4.359349e+08 5.153875e+08 5.541489e+14 6.439454e+14 7.232430e+11 5.833327e-14
12.401344 4.356633e+08 5.150788e+08 5.564728e+14 6.466928e+14 7.150201e+11 5.783580e-14
12.463351 4.353904e+08 5.147683e+08 5.588068e+14 6.494523e+14 7.069212e+11 5.734265e-14
12.525668 4.351199e+08 5.144606e+08 5.611510e+14 6.522239e+14 6.988750e+11 5.685363e-14
12.588296 4.348528e+08 5.141568e+08 5.635055e+14 6.550076e+14 6.908628e+11 5.636506e-14
12.651238 4.345860e+08 5.138532e+08 5.658702e+14 6.578037e+14 6.829433e+11 5.587950e-14
12.714494 4.343195e+08 5.135497e+08 5.682454e+14 6.606121e+14 6.751143e+11 5.539805e-14
12.778066 4.340533e+08 5.132466e+08 5.706310e+14 6.634328e+14 6.673744e+11 5.492066e-14
12.841957 4.337886e+08 5.129450e+08 5.730270e+14 6.662660e+14 6.597028e+11 5.444736e-14
12.906166 4.335241e+08 5.126436e+08 5.754335e+14 6.691117e+14 6.521207e+11 5.397814e-14
12.970697 4.332511e+08 5.123324e+08 5.778506e+14 6.719699e+14 6.447727e+11 5.351162e-14
13.035551 4.329778e+08 5.120207e+08 5.802783e+14 6.748407e+14 6.375189e+11 5.304170e-14
13.100729 4.327154e+08 5.117214e+08 5.827165e+14 6.777241e+14 6.301695e+11 5.257584e-14
13.166232 4.324571e+08 5.114267e+08 5.851655e+14 6.806202e+14 6.228429e+11 5.211844e-14
13.232063 4.321964e+08 5.111292e+08 5.876252e+14 6.835291e+14 6.156436e+11 5.166509e-14
13.298224 4.319343e+08 5.108299e+08 5.900958e+14 6.864508e+14 6.085563e+11 5.121554e-14
13.364715 4.316723e+08 5.105308e+08 5.925772e+14 6.893854e+14 6.015512e+11 5.076981e-14
13.431538 4.314106e+08 5.102319e+08 5.950695e+14 6.923330e+14 5.946271e+11 5.032588e-14
13.498696 4.311480e+08 5.099317e+08 5.975727e+14 6.952936e+14 5.878017e+11 4.988412e-14
13.566190 4.308824e+08 5.096282e+08 6.000869e+14 6.982672e+14 5.811043e+11 4.944497e-14
13.634020 4.306178e+08 5.093256e+08 6.026121e+14 7.012540e+14 5.744718e+11 4.900745e-14
13.702191 4.303621e+08 5.090332e+08 6.051484e+14 7.042538e+14 5.677847e+11 4.857373e-14
13.770702 4.301066e+08 5.087409e+08 6.076959e+14 7.072670e+14 5.611765e+11 4.814376e-14
13.839555 4.298518e+08 5.084492e+08 6.102546e+14 7.102935e+14 5.546398e+11 4.771752e-14
13.908753 4.295972e+08 5.081577e+08 6.128245e+14 7.133333e+14 5.481797e+11 4.729927e-14
13.978297 4.293391e+08 5.078621e+08 6.154058e+14 7.163866e+14 5.418497e+11 4.688468e-14
14.048188 4.290801e+08 5.075654e+08 6.179984e+14 7.194534e+14 5.356088e+11 4.646796e-14
14.118429 4.288242e+08 5.072722e+08 6.206024e+14 7.225337e+14 5.293990e+11 4.605320e-14
14.189021 4.285703e+08 5.069812e+08 6.232179e+14 7.256277e+14 5.232376e+11 4.564459e-14
14.259966 4.283166e+08 5.066903e+08 6.258449e+14 7.287353e+14 5.171483e+11 4.524136e-14
14.331266 4.280632e+08 5.063996e+08 6.284834e+14 7.318566e+14 5.111300e+11 4.484072e-14
14.402922 4.278099e+08 5.061090e+08 6.311336e+14 7.349918e+14 5.051832e+11 4.444204e-14
14.474937 4.275567e+08 5.058184e+08 6.337955e+14 7.381409e+14 4.993077e+11 4.404682e-14
14.547312 4.273043e+08 5.055286e+08 6.364691e+14 7.413038e+14 4.934936e+11 4.365498e-14
14.620048 4.270562e+08 5.052435e+08 6.391544e+14 7.444808e+14 4.876953e+11 4.326655e-14
14.693149 4.268082e+08 5.049586e+08 6.418516e+14 7.476718e+14 4.819660e+11 4.287493e-14
14.766614 4.265556e+08 5.046684e+08 6.445608e+14 7.508770e+14 4.763656e+11 4.248666e-14
14.840447 4.263032e+08 5.043782e+08 6.472819e+14 7.540964e+14 4.708324e+11 4.210538e-14
14.914650 4.260547e+08 5.040919e+08 6.500149e+14 7.573300e+14 4.653237e+11 4.172833e-14
14.989223 4.258073e+08 5.038066e+08 6.527600e+14 7.605779e+14 4.598705e+11 4.135073e-14
15.064169 4.255629e+08 5.035247e+08 6.555173e+14 7.638403e+14 4.544456e+11 4.097399e-14
15.139490 4.253203e+08 5.032448e+08 6.582867e+14 7.671171e+14 4.490667e+11 4.060055e-14
15.215187 4.250755e+08 5.029622e+08 6.610684e+14 7.704084e+14 4.437813e+11 4.023035e-14
15.291263 4.248285e+08 5.026772e+08 6.638625e+14 7.737144e+14 4.385856e+11 3.986309e-14
15.367719 4.245848e+08 5.023958e+08 6.666688e+14 7.770350e+14 4.334155e+11 3.949794e-14
15.444558 4.243472e+08 5.021211e+08 6.694876e+14 7.803703e+14 4.282386e+11 3.913675e-14
15.521781 4.241075e+08 5.018441e+08 6.723188e+14 7.837205e+14 4.231498e+11 3.878822e-14
15.599390 4.238598e+08 5.015580e+08 6.751626e+14 7.870855e+14 4.182147e+11 3.844273e-14
15.677387 4.236128e+08 5.012727e+08 6.780190e+14 7.904655e+14 4.133324e+11 3.808688e-14
15.755774 4.233753e+08 5.009978e+08 6.808880e+14 7.938604e+14 4.084043e+11 3.773185e-14
15.834553 4.231379e+08 5.007231e+08 6.837697e+14 7.972705e+14 4.035356e+11 3.738315e-14
15.913725 4.229005e+08 5.004483e+08 6.866642e+14 8.006957e+14 3.987279e+11 3.703900e-14
15.993294 4.226633e+08 5.001735e+08 6.895715e+14 8.041361e+14 3.939783e+11 3.669792e-14
16.073260 4.224215e+08 4.998937e+08 6.924917e+14 8.075919e+14 3.893355e+11 3.635986e-14
16.153627 4.221784e+08 4.996123e+08 6.954249e+14 8.110630e+14 3.847644e+11 3.602625e-14
16.234395 4.219412e+08 4.993375e+08 6.983710e+14 8.145495e+14 3.801872e+11 3.569867e-14
16.315567 4.217083e+08 4.990673e+08 7.013302e+14 8.180514e+14 3.756230e+11 3.537291e-14
16.397145 4.214753e+08 4.987971e+08 7.043025e+14 8.215690e+14 3.711160e+11 3.504151e-14
16.479130 4.212423e+08 4.985267e+08 7.072880e+14 8.251023e+14 3.666658e+11 3.471314e-14
16.561526 4.210075e+08 4.982543e+08 7.102869e+14 8.286513e+14 3.622893e+11 3.438734e-14
16.644334 4.207681e+08 4.979767e+08 7.132990e+14 8.322161e+14 3.580124e+11 3.406450e-14
16.727555 4.205303e+08 4.977008e+08 7.163245e+14 8.357967e+14 3.537730e+11 3.374822e-14
16.811193 4.203012e+08 4.974345e+08 7.193633e+14 8.393933e+14 3.495020e+11 3.343590e-14
16.895249 4.200722e+08 4.971683e+08 7.224158e+14 8.430058e+14 3.452832e+11 3.312370e-14
16.979725 4.198387e+08 4.968970e+08 7.254818e+14 8.466346e+14 3.411601e+11 3.281254e-14
17.064624 4.196053e+08 4.966258e+08 7.285614e+14 8.502794e+14 3.370867e+11 3.250419e-14
17.149947 4.193750e+08 4.963580e+08 7.316547e+14 8.539405e+14 3.330357e+11 3.219862e-14
17.235697 4.191455e+08 4.960909e+08 7.347617e+14 8.576179e+14 3.290284e+11 3.189589e-14
17.321875 4.189184e+08 4.958265e+08 7.378826e+14 8.613117e+14 3.250491e+11 3.159604e-14
17.408485 4.186926e+08 4.955634e+08 7.410174e+14 8.650220e+14 3.211087e+11 3.129879e-14
17.495527 4.184664e+08 4.952999e+08 7.441662e+14 8.687489e+14 3.172208e+11 3.100022e-14
17.583005 4.182400e+08 4.950361e+08 7.473290e+14 8.724924e+14 3.133838e+11 3.070443e-14
17.670920 4.180147e+08 4.947734e+08 7.505058e+14 8.762526e+14 3.095860e+11 3.041520e-14
17.759274 4.177907e+08 4.945122e+08 7.536969e+14 8.800296e+14 3.058239e+11 3.012912e-14
17.848071 4.175669e+08 4.942511e+08 7.569022e+14 8.838235e+14 3.021078e+11 2.984293e-14
17.937311 4.173433e+08 4.939902e+08 7.601218e+14 8.876344e+14 2.984372e+11 2.955816e-14
18.026998 4.171202e+08 4.937297e+08 7.633557e+14 8.914623e+14 2.948093e+11 2.927405e-14
18.117133 4.168991e+08 4.934714e+08 7.666041e+14 8.953073e+14 2.912100e+11 2.899072e-14
18.207718 4.166782e+08 4.932133e+08 7.698670e+14 8.991695e+14 2.876549e+11 2.871150e-14
18.298757 4.164603e+08 4.929585e+08 7.731445e+14 9.030490e+14 2.841200e+11 2.843747e-14
18.390251 4.162426e+08 4.927040e+08 7.764367e+14 9.069458e+14 2.806276e+11 2.816478e-14
18.482202 4.160210e+08 4.924451e+08 7.797435e+14 9.108602e+14 2.772109e+11 2.788839e-14
18.574613 4.157987e+08 4.921854e+08 7.830652e+14 9.147920e+14 2.738426e+11 2.761483e-14
18.667486 4.155783e+08 4.919277e+08 7.864016e+14 9.187414e+14 2.705024e+11 2.735225e-14
18.760823 4.153589e+08 4.916710e+08 7.897530e+14 9.227085e+14 2.671967e+11 2.709212e-14
18.854627 4.151409e+08 4.914159e+08 7.931194e+14 9.266933e+14 2.639225e+11 2.682779e-14
18.948901 4.149242e+08 4.911621e+08 7.965008e+14 9.306960e+14 2.606804e+11 2.656472e-14
19.043645 4.147087e+08 4.909096e+08 7.998973e+14 9.347166e+14 2.574705e+11 2.630431e-14
19.138863 4.144950e+08 4.906590e+08 8.033091e+14 9.387553e+14 2.542885e+11 2.604646e-14
19.234558 4.142820e+08 4.904092e+08 8.067361e+14 9.428120e+14 2.511419e+11 2.579354e-14
19.330730 4.140710e+08 4.901614e+08 8.101785e+14 9.468870e+14 2.480221e+11 2.554540e-14
19.427384 4.138599e+08 4.899135e+08 8.136364e+14 9.509803e+14 2.449426e+11 2.529711e-14
19.524521 4.136475e+08 4.896642e+08 8.171097e+14 9.550919e+14 2.419114e+11 2.504614e-14
19.622144 4.134353e+08 4.894150e+08 8.205987e+14 9.592220e+14 2.389181e+11 2.479765e-14
19.720254 4.132215e+08 4.891640e+08 8.241033e+14 9.633707e+14 2.359740e+11 2.455182e-14
19.818856 4.130079e+08 4.889132e+08 8.276236e+14 9.675380e+14 2.330666e+11 2.430841e-14
19.917950 4.128000e+08 4.886686e+08 8.311596e+14 9.717239e+14 2.301575e+11 2.407230e-14
20.017540 4.125934e+08 4.884253e+08 8.347116e+14 9.759287e+14 2.272780e+11 2.383843e-14
20.117627 4.123857e+08 4.881807e+08 8.382795e+14 9.801524e+14 2.244428e+11 2.360079e-14
20.218215 4.121775e+08 4.879357e+08 8.418635e+14 9.843951e+14 2.216467e+11 2.336429e-14
20.319307 4.119704e+08 4.876917e+08 8.454636e+14 9.886568e+14 2.188803e+11 2.313241e-14
20.420903 4.117641e+08 4.874486e+08 8.490798e+14 9.929378e+14 2.161444e+11 2.290383e-14
20.523008 4.115551e+08 4.872025e+08 8.527123e+14 9.972379e+14 2.134608e+11 2.267624e-14
20.625623 4.113424e+08 4.869523e+08 8.563612e+14 1.001557e+15 2.108345e+11 2.244965e-14
20.728751 4.111345e+08 4.867073e+08 8.600263e+14 1.005896e+15 2.082123e+11 2.222451e-14
20.832395 4.109446e+08 4.864818e+08 8.637080e+14 1.010255e+15 2.055154e+11 2.200005e-14
20.936557 4.107549e+08 4.862565e+08 8.674063e+14 1.014633e+15 2.028526e+11 2.177792e-14
21.041239 4.105663e+08 4.860324e+08 8.711214e+14 1.019031e+15 2.002194e+11 2.155844e-14
21.146445 4.103744e+08 4.858046e+08 8.748534e+14 1.023449e+15 1.976399e+11 2.134107e-14
21.252178 4.101531e+08 4.855449e+08 8.786023e+14 1.027887e+15 1.952643e+11 2.112448e-14
21.358439 4.099320e+08 4.852854e+08 8.823679e+14 1.032344e+15 1.929173e+11 2.091005e-14
21.465231 4.097492e+08 4.850673e+08 8.861502e+14 1.036822e+15 1.903837e+11 2.069776e-14
21.572557 4.095731e+08 4.848565e+08 8.899498e+14 1.041320e+15 1.878470e+11 2.048756e-14
21.680420 4.093765e+08 4.846234e+08 8.937668e+14 1.045839e+15 1.854574e+11 2.027841e-14
21.788822 4.091764e+08 4.843865e+08 8.976010e+14 1.050378e+15 1.831182e+11 2.007096e-14
21.897766 4.089705e+08 4.841433e+08 9.014525e+14 1.054937e+15 1.808410e+11 1.986456e-14
22.007255 4.087615e+08 4.838966e+08 9.053213e+14 1.059517e+15 1.786098e+11 1.965943e-14
22.117291 4.085573e+08 4.836552e+08 9.092074e+14 1.064117e+15 1.763812e+11 1.945764e-14
22.227877 4.083589e+08 4.834204e+08 9.131110e+14 1.068739e+15 1.741490e+11 1.925966e-14
22.339017 4.081637e+08 4.831898e+08 9.170323e+14 1.073381e+15 1.719253e+11 1.906329e-14
22.450712 4.079763e+08 4.829676e+08 9.209712e+14 1.078044e+15 1.696915e+11 1.886769e-14
22.562966 4.077873e+08 4.827436e+08 9.249281e+14 1.082728e+15 1.674955e+11 1.867393e-14
22.675780 4.075893e+08 4.825098e+08 9.289029e+14 1.087433e+15 1.653741e+11 1.848084e-14
22.789159 4.073921e+08 4.822768e+08 9.328956e+14 1.092160e+15 1.632762e+11 1.828971e-14
22.903105 4.072163e+08 4.820669e+08 9.369063e+14 1.096908e+15 1.611015e+11 1.809901e-14
23.017621 4.070406e+08 4.818570e+08 9.409354e+14 1.101677e+15 1.589560e+11 1.791016e-14
23.132709 4.068540e+08 4.816352e+08 9.449828e+14 1.106469e+15 1.568921e+11 1.772218e-14
23.248372 4.066666e+08 4.814127e+08 9.490487e+14 1.111282e+15 1.548590e+11 1.753585e-14
23.364614 4.064887e+08 4.812002e+08 9.531329e+14 1.116117e+15 1.528095e+11 1.735201e-14
23.481437 4.063124e+08 4.809894e+08 9.572358e+14 1.120974e+15 1.507799e+11 1.717037e-14
23.598844 4.061206e+08 4.807618e+08 9.613575e+14 1.125853e+15 1.488491e+11 1.699108e-14
23.716839 4.059246e+08 4.805298e+08 9.654977e+14 1.130754e+15 1.469622e+11 1.681411e-14
23.835423 4.057454e+08 4.803157e+08 9.696567e+14 1.135678e+15 1.450257e+11 1.663766e-14
23.954600 4.055802e+08 4.801166e+08 9.738346e+14 1.140623e+15 1.430537e+11 1.646066e-14
24.074373 4.053981e+08 4.798994e+08 9.780317e+14 1.145592e+15 1.411824e+11 1.628568e-14
24.194745 4.052007e+08 4.796655e+08 9.822479e+14 1.150583e+15 1.394024e+11 1.611328e-14
24.315718 4.050169e+08 4.794463e+08 9.864831e+14 1.155596e+15 1.375876e+11 1.594264e-14
24.437297 4.048621e+08 4.792582e+08 9.907376e+14 1.160633e+15 1.356750e+11 1.577301e-14
24.559484 4.046962e+08 4.790581e+08 9.950117e+14 1.165692e+15 1.338358e+11 1.560513e-14
24.682281 4.045081e+08 4.788341e+08 9.993054e+14 1.170775e+15 1.321134e+11 1.544211e-14
24.805692 4.043217e+08 4.786120e+08 1.003619e+15 1.175881e+15 1.304067e+11 1.528108e-14
24.929721 4.041434e+08 4.783984e+08 1.007951e+15 1.181009e+15 1.286904e+11 1.511398e-14
25.054369 4.039653e+08 4.781851e+08 1.012304e+15 1.186162e+15 1.269963e+11 1.494511e-14
25.179641 4.037904e+08 4.779751e+08 1.016676e+15 1.191337e+15 1.253127e+11 1.477777e-14
25.305539 4.036156e+08 4.777652e+08 1.021068e+15 1.196536e+15 1.236516e+11 1.461206e-14
25.432067 4.034450e+08 4.775596e+08 1.025481e+15 1.201759e+15 1.219974e+11 1.445713e-14
25.559228 4.032748e+08 4.773546e+08 1.029913e+15 1.207006e+15 1.203639e+11 1.431072e-14
25.687024 4.031081e+08 4.771532e+08 1.034366e+15 1.212277e+15 1.187395e+11 1.415923e-14
25.815459 4.029424e+08 4.769529e+08 1.038839e+15 1.217572e+15 1.171342e+11 1.399469e-14
25.944536 4.027595e+08 4.767341e+08 1.043333e+15 1.222891e+15 1.156140e+11 1.383537e-14
26.074259 4.025704e+08 4.765086e+08 1.047847e+15 1.228234e+15 1.141367e+11 1.368570e-14
26.204630 4.023969e+08 4.762998e+08 1.052382e+15 1.233602e+15 1.126229e+11 1.353798e-14
26.335653 4.022400e+08 4.761087e+08 1.056937e+15 1.238993e+15 1.110710e+11 1.339569e-14
26.467331 4.020730e+08 4.759067e+08 1.061513e+15 1.244410e+15 1.095762e+11 1.325486e-14
26.599668 4.018933e+08 4.756913e+08 1.066110e+15 1.249852e+15 1.081456e+11 1.311133e-14
26.732666 4.017216e+08 4.754842e+08 1.070729e+15 1.255318e+15 1.067071e+11 1.296885e-14
26.866330 4.015746e+08 4.753035e+08 1.075368e+15 1.260809e+15 1.052049e+11 1.282443e-14
27.000661 4.014220e+08 4.751167e+08 1.080029e+15 1.266325e+15 1.037429e+11 1.268029e-14
27.135665 4.012515e+08 4.749109e+08 1.084711e+15 1.271867e+15 1.023603e+11 1.254045e-14
27.271343 4.010815e+08 4.747055e+08 1.089415e+15 1.277435e+15 1.009954e+11 1.240407e-14
27.407700 4.009147e+08 4.745036e+08 1.094140e+15 1.283027e+15 9.963836e+10 1.226495e-14
27.544738 4.007481e+08 4.743018e+08 1.098887e+15 1.288645e+15 9.829959e+10 1.212231e-14
27.682462 4.005863e+08 4.741050e+08 1.103655e+15 1.294289e+15 9.696424e+10 1.198301e-14
27.820874 4.004248e+08 4.739087e+08 1.108446e+15 1.299959e+15 9.564610e+10 1.184847e-14
27.959979 4.002675e+08 4.737167e+08 1.113259e+15 1.305655e+15 9.433360e+10 1.171425e-14
28.099779 4.001112e+08 4.735258e+08 1.118093e+15 1.311377e+15 9.303642e+10 1.157829e-14
28.240277 3.999573e+08 4.733373e+08 1.122950e+15 1.317125e+15 9.175044e+10 1.144543e-14
28.381479 3.998043e+08 4.731497e+08 1.127830e+15 1.322899e+15 9.047967e+10 1.132041e-14
28.523386 3.996543e+08 4.729655e+08 1.132732e+15 1.328701e+15 8.921782e+10 1.119672e-14
28.666003 3.995062e+08 4.727831e+08 1.137656e+15 1.334528e+15 8.796869e+10 1.106317e-14
28.809333 3.993458e+08 4.725877e+08 1.142604e+15 1.340383e+15 8.677227e+10 1.093053e-14
28.953380 3.991766e+08 4.723829e+08 1.147574e+15 1.346265e+15 8.561757e+10 1.081083e-14
29.098147 3.990187e+08 4.721901e+08 1.152567e+15 1.352173e+15 8.444694e+10 1.069339e-14
29.243637 3.988801e+08 4.720178e+08 1.157582e+15 1.358109e+15 8.323913e+10 1.056586e-14
29.389856 3.987347e+08 4.718381e+08 1.162621e+15 1.364072e+15 8.206770e+10 1.043533e-14
29.536805 3.985761e+08 4.716445e+08 1.167684e+15 1.370063e+15 8.094825e+10 1.031533e-14
29.684489 3.984181e+08 4.714516e+08 1.172770e+15 1.376081e+15 7.984297e+10 1.020001e-14
29.832911 3.982622e+08 4.712607e+08 1.177879e+15 1.382127e+15 7.874772e+10 1.008401e-14
29.982076 3.981065e+08 4.710702e+08 1.183012e+15 1.388200e+15 7.766700e+10 9.967805e-15
30.131986 3.979567e+08 4.708858e+08 1.188168e+15 1.394302e+15 7.658637e+10 9.852447e-15
30.282646 3.978070e+08 4.707015e+08 1.193348e+15 1.400431e+15 7.552077e+10 9.737753e-15
30.434059 3.976610e+08 4.705211e+08 1.198552e+15 1.406589e+15 7.446100e+10 9.623916e-15
30.586230 3.975154e+08 4.703411e+08 1.203781e+15 1.412775e+15 7.341518e+10 9.510332e-15
30.739161 3.973730e+08 4.701645e+08 1.209033e+15 1.418990e+15 7.237660e+10 9.397775e-15
30.892857 3.972314e+08 4.699887e+08 1.214310e+15 1.425233e+15 7.135090e+10 9.285372e-15
31.047321 3.970925e+08 4.698157e+08 1.219611e+15 1.431506e+15 7.033354e+10 9.175191e-15
31.202558 3.969547e+08 4.696438e+08 1.224937e+15 1.437807e+15 6.932827e+10 9.073195e-15
31.358570 3.968220e+08 4.694774e+08 1.230288e+15 1.444138e+15 6.832542e+10 8.972306e-15
31.515363 3.966922e+08 4.693140e+08 1.235664e+15 1.450498e+15 6.733079e+10 8.863523e-15
31.672940 3.965485e+08 4.691359e+08 1.241065e+15 1.456887e+15 6.638232e+10 8.754669e-15
31.831305 3.963959e+08 4.689496e+08 1.246490e+15 1.463306e+15 6.546542e+10 8.653150e-15
31.990461 3.962560e+08 4.687767e+08 1.251941e+15 1.469755e+15 6.453295e+10 8.554028e-15
32.150414 3.961332e+08 4.686217e+08 1.257418e+15 1.476233e+15 6.357640e+10 8.449727e-15
32.311166 3.960023e+08 4.684582e+08 1.262919e+15 1.482742e+15 6.265169e+10 8.342918e-15
32.472722 3.958604e+08 4.682831e+08 1.268447e+15 1.489281e+15 6.176441e+10 8.241921e-15
32.635085 3.957200e+08 4.681095e+08 1.274000e+15 1.495850e+15 6.088663e+10 8.144808e-15
32.798261 3.955834e+08 4.679399e+08 1.279579e+15 1.502450e+15 6.001355e+10 8.048330e-15
32.962252 3.954473e+08 4.677708e+08 1.285184e+15 1.509080e+15 5.915211e+10 7.952410e-15
33.127063 3.953136e+08 4.676042e+08 1.290815e+15 1.515741e+15 5.829843e+10 7.857140e-15
33.292698 3.951804e+08 4.674381e+08 1.296473e+15 1.522432e+15 5.745613e+10 7.762008e-15
33.459162 3.950543e+08 4.672794e+08 1.302156e+15 1.529155e+15 5.661221e+10 7.667716e-15
33.626458 3.949282e+08 4.671207e+08 1.307866e+15 1.535910e+15 5.578070e+10 7.573429e-15
33.794590 3.948045e+08 4.669645e+08 1.313603e+15 1.542695e+15 5.495684e+10 7.480183e-15
33.963563 3.946809e+08 4.668083e+08 1.319367e+15 1.549513e+15 5.414509e+10 7.387285e-15
34.133381 3.945409e+08 4.666350e+08 1.325158e+15 1.556362e+15 5.337653e+10 7.295479e-15
34.304048 3.943998e+08 4.664605e+08 1.330976e+15 1.563243e+15 5.262125e+10 7.203552e-15
34.475568 3.942789e+08 4.663072e+08 1.336821e+15 1.570155e+15 5.183929e+10 7.112762e-15
34.647946 3.941650e+08 4.661611e+08 1.342693e+15 1.577100e+15 5.105634e+10 7.028611e-15
34.821185 3.940378e+08 4.660010e+08 1.348593e+15 1.584078e+15 5.030935e+10 6.945603e-15
34.995291 3.939057e+08 4.658359e+08 1.354520e+15 1.591088e+15 4.958220e+10 6.857454e-15
35.170268 3.937913e+08 4.656892e+08 1.360475e+15 1.598130e+15 4.883444e+10 6.768524e-15
35.346119 3.936894e+08 4.655556e+08 1.366458e+15 1.605205e+15 4.807627e+10 6.684579e-15
35.522850 3.935742e+08 4.654081e+08 1.372470e+15 1.612314e+15 4.735269e+10 6.602953e-15
35.700464 3.934504e+08 4.652516e+08 1.378509e+15 1.619456e+15 4.665459e+10 6.521957e-15
35.878966 3.933302e+08 4.650988e+08 1.384577e+15 1.626632e+15 4.596104e+10 6.441686e-15
36.058361 3.932133e+08 4.649495e+08 1.390674e+15 1.633841e+15 4.527226e+10 6.361739e-15
36.238653 3.930893e+08 4.647927e+08 1.396799e+15 1.641083e+15 4.460555e+10 6.281947e-15
36.419846 3.929557e+08 4.646259e+08 1.402953e+15 1.648360e+15 4.396433e+10 6.202831e-15
36.601946 3.928278e+08 4.644650e+08 1.409135e+15 1.655670e+15 4.332344e+10 6.124046e-15
36.784955 3.927187e+08 4.643238e+08 1.415347e+15 1.663014e+15 4.266221e+10 6.046048e-15
36.968880 3.926110e+08 4.641840e+08 1.421588e+15 1.670393e+15 4.200912e+10 5.968326e-15
37.153724 3.925086e+08 4.640497e+08 1.427858e+15 1.677806e+15 4.135779e+10 5.891465e-15
37.339493 3.924033e+08 4.639119e+08 1.434158e+15 1.685254e+15 4.072159e+10 5.814857e-15
37.526191 3.922830e+08 4.637584e+08 1.440487e+15 1.692737e+15 4.011775e+10 5.739086e-15
37.713821 3.921630e+08 4.636052e+08 1.446847e+15 1.700255e+15 3.952251e+10 5.662662e-15
37.902391 3.920491e+08 4.634584e+08 1.453236e+15 1.707809e+15 3.892727e+10 5.587424e-15
38.091903 3.919353e+08 4.633116e+08 1.459655e+15 1.715397e+15 3.834096e+10 5.518003e-15
38.282362 3.918242e+08 4.631677e+08 1.466105e+15 1.723021e+15 3.775966e+10 5.449425e-15
38.473774 3.917134e+08 4.630240e+08 1.472585e+15 1.730681e+15 3.718680e+10 5.376193e-15
38.666143 3.916076e+08 4.628857e+08 1.479096e+15 1.738377e+15 3.661564e+10 5.303056e-15
38.859473 3.915029e+08 4.627485e+08 1.485637e+15 1.746109e+15 3.605178e+10 5.234379e-15
39.053771 3.914002e+08 4.626133e+08 1.492209e+15 1.753877e+15 3.549407e+10 5.167124e-15
39.249040 3.912980e+08 4.624787e+08 1.498813e+15 1.761682e+15 3.494414e+10 5.099939e-15
39.445285 3.912026e+08 4.623511e+08 1.505447e+15 1.769524e+15 3.439383e+10 5.033322e-15
39.642511 3.911101e+08 4.622266e+08 1.512114e+15 1.777402e+15 3.384847e+10 4.967219e-15
39.840724 3.910031e+08 4.620871e+08 1.518811e+15 1.785318e+15 3.333017e+10 4.901758e-15
40.039927 3.908892e+08 4.619405e+08 1.525541e+15 1.793271e+15 3.282868e+10 4.836376e-15
40.240127 3.907910e+08 4.618100e+08 1.532302e+15 1.801262e+15 3.231518e+10 4.771168e-15
40.441328 3.907064e+08 4.616938e+08 1.539096e+15 1.809289e+15 3.179283e+10 4.706611e-15
40.643534 3.906117e+08 4.615671e+08 1.545922e+15 1.817356e+15 3.129112e+10 4.642661e-15
40.846752 3.905085e+08 4.614316e+08 1.552780e+15 1.825460e+15 3.080761e+10 4.580909e-15
41.050986 3.904094e+08 4.613004e+08 1.559671e+15 1.833602e+15 3.032669e+10 4.521922e-15
41.256241 3.903155e+08 4.611746e+08 1.566594e+15 1.841783e+15 2.984723e+10 4.462528e-15
41.462522 3.902220e+08 4.610492e+08 1.573551e+15 1.850002e+15 2.937481e+10 4.400100e-15
41.669835 3.901293e+08 4.609246e+08 1.580541e+15 1.858260e+15 2.890901e+10 4.339256e-15
41.878184 3.900324e+08 4.607958e+08 1.587563e+15 1.866558e+15 2.845526e+10 4.281786e-15
42.087575 3.899261e+08 4.606573e+08 1.594620e+15 1.874894e+15 2.801902e+10 4.224593e-15
42.298012 3.898235e+08 4.605226e+08 1.601709e+15 1.883270e+15 2.758555e+10 4.163365e-15
42.509503 3.897407e+08 4.604084e+08 1.608832e+15 1.891685e+15 2.713728e+10 4.103447e-15
42.722050 3.896559e+08 4.602922e+08 1.615990e+15 1.900140e+15 2.669829e+10 4.047667e-15
42.935660 3.895590e+08 4.601634e+08 1.623181e+15 1.908635e+15 2.627933e+10 3.992598e-15
43.150339 3.894622e+08 4.600348e+08 1.630407e+15 1.917170e+15 2.586671e+10 3.937166e-15
43.366090 3.893742e+08 4.599151e+08 1.637667e+15 1.925746e+15 2.545171e+10 3.882487e-15
43.582921 3.892862e+08 4.597953e+08 1.644961e+15 1.934362e+15 2.504347e+10 3.831178e-15
43.800835 3.892157e+08 4.596935e+08 1.652291e+15 1.943019e+15 2.462426e+10 3.780655e-15
44.019840 3.891466e+08 4.595931e+08 1.659655e+15 1.951717e+15 2.421062e+10 3.727798e-15
44.239939 3.890505e+08 4.594650e+08 1.667056e+15 1.960457e+15 2.383010e+10 3.674769e-15
44.461138 3.889536e+08 4.593361e+08 1.674491e+15 1.969238e+15 2.345638e+10 3.621725e-15
44.683444 3.888698e+08 4.592209e+08 1.681962e+15 1.978060e+15 2.307598e+10 3.569167e-15
44.906861 3.887894e+08 4.591090e+08 1.689468e+15 1.986925e+15 2.269861e+10 3.519348e-15
45.131396 3.887156e+08 4.590040e+08 1.697011e+15 1.995832e+15 2.232126e+10 3.470942e-15
45.357053 3.886438e+08 4.589011e+08 1.704589e+15 2.004781e+15 2.194828e+10 3.422626e-15
45.583838 3.885611e+08 4.587871e+08 1.712204e+15 2.013772e+15 2.159120e+10 3.374604e-15
45.811757 3.884750e+08 4.586695e+08 1.719856e+15 2.022807e+15 2.124302e+10 3.327031e-15
46.040816 3.883943e+08 4.585576e+08 1.727544e+15 2.031884e+15 2.089563e+10 3.279909e-15
46.271020 3.883166e+08 4.584488e+08 1.735269e+15 2.041005e+15 2.055129e+10 3.233078e-15
46.502375 3.882406e+08 4.583419e+08 1.743031e+15 2.050169e+15 2.021110e+10 3.186411e-15
46.734887 3.881660e+08 4.582363e+08 1.750831e+15 2.059377e+15 1.987534e+10 3.140281e-15
46.968561 3.880928e+08 4.581323e+08 1.758668e+15 2.068628e+15 1.954399e+10 3.094593e-15
47.203404 3.880209e+08 4.580296e+08 1.766542e+15 2.077924e+15 1.921699e+10 3.049138e-15
47.439421 3.879527e+08 4.579309e+08 1.774455e+15 2.087264e+15 1.889237e+10 3.003475e-15
47.676618 3.878891e+08 4.578367e+08 1.782405e+15 2.096649e+15 1.856958e+10 2.959337e-15
47.915001 3.878191e+08 4.577362e+08 1.790394e+15 2.106078e+15 1.825719e+10 2.917781e-15
48.154576 3.877410e+08 4.576273e+08 1.798422e+15 2.115553e+15 1.795638e+10 2.876128e-15
48.395349 3.876688e+08 4.575246e+08 1.806488e+15 2.125073e+15 1.765589e+10 2.831995e-15
48.637326 3.876092e+08 4.574348e+08 1.814593e+15 2.134638e+15 1.735089e+10 2.788986e-15
48.880513 3.875464e+08 4.573419e+08 1.822737e+15 2.144250e+15 1.705341e+10 2.748479e-15
49.124915 3.874776e+08 4.572428e+08 1.830921e+15 2.153907e+15 1.676543e+10 2.708419e-15
49.370540 3.874108e+08 4.571459e+08 1.839144e+15 2.163611e+15 1.648074e+10 2.667942e-15
49.617392 3.873498e+08 4.570548e+08 1.847406e+15 2.173361e+15 1.619677e+10 2.628050e-15
49.865479 3.872889e+08 4.569640e+08 1.855709e+15 2.183158e+15 1.591748e+10 2.588616e-15
50.114807 3.872289e+08 4.568740e+08 1.864052e+15 2.193002e+15 1.564240e+10 2.549770e-15
50.365381 3.871672e+08 4.567824e+08 1.872435e+15 2.202893e+15 1.537311e+10 2.513051e-15
50.617208 3.870987e+08 4.566839e+08 1.880859e+15 2.212831e+15 1.511299e+10 2.476849e-15
50.870294 3.870316e+08 4.565869e+08 1.889324e+15 2.222817e+15 1.485633e+10 2.438883e-15
51.124645 3.869794e+08 4.565051e+08 1.897829e+15 2.232851e+15 1.459420e+10 2.401136e-15
51.380269 3.869262e+08 4.564224e+08 1.906376e+15 2.242934e+15 1.433717e+10 2.365310e-15
51.637170 3.868650e+08 4.563316e+08 1.914964e+15 2.253064e+15 1.408979e+10 2.330218e-15
51.895356 3.868039e+08 4.562409e+08 1.923594e+15 2.263244e+15 1.384652e+10 2.294906e-15
52.154832 3.867496e+08 4.561573e+08 1.932266e+15 2.273472e+15 1.360316e+10 2.259895e-15
52.415607 3.866953e+08 4.560736e+08 1.940980e+15 2.283750e+15 1.336401e+10 2.224054e-15
52.677685 3.866478e+08 4.559971e+08 1.949736e+15 2.294077e+15 1.312485e+10 2.188161e-15
52.941073 3.866005e+08 4.559207e+08 1.958535e+15 2.304454e+15 1.288982e+10 2.154942e-15
53.205778 3.865379e+08 4.558289e+08 1.967377e+15 2.314881e+15 1.266785e+10 2.122937e-15
53.471807 3.864746e+08 4.557362e+08 1.976261e+15 2.325358e+15 1.245016e+10 2.090429e-15
53.739166 3.864292e+08 4.556621e+08 1.985189e+15 2.335886e+15 1.222582e+10 2.057751e-15
54.007862 3.863872e+08 4.555914e+08 1.994160e+15 2.346464e+15 1.200358e+10 2.025092e-15
54.277902 3.863375e+08 4.555129e+08 2.003175e+15 2.357094e+15 1.178956e+10 1.992590e-15
54.549291 3.862865e+08 4.554331e+08 2.012233e+15 2.367775e+15 1.158001e+10 1.961383e-15
54.822038 3.862404e+08 4.553584e+08 2.021336e+15 2.378507e+15 1.137147e+10 1.931221e-15
55.096148 3.861955e+08 4.552851e+08 2.030484e+15 2.389291e+15 1.116595e+10 1.901132e-15
55.371628 3.861504e+08 4.552115e+08 2.039676e+15 2.400128e+15 1.096418e+10 1.871111e-15
55.648487 3.861053e+08 4.551380e+08 2.048913e+15 2.411017e+15 1.076604e+10 1.841436e-15
55.926729 3.860551e+08 4.550594e+08 2.058195e+15 2.421958e+15 1.057397e+10 1.812065e-15
56.206363 3.860030e+08 4.549789e+08 2.067522e+15 2.432953e+15 1.038623e+10 1.783064e-15
56.487394 3.859635e+08 4.549113e+08 2.076895e+15 2.444000e+15 1.019553e+10 1.754373e-15
56.769831 3.859311e+08 4.548511e+08 2.086313e+15 2.455101e+15 1.000473e+10 1.725885e-15
57.053681 3.858922e+08 4.547841e+08 2.095778e+15 2.466256e+15 9.820632e+09 1.697401e-15
57.338949 3.858496e+08 4.547135e+08 2.105289e+15 2.477465e+15 9.641562e+09 1.669792e-15
57.625644 3.858099e+08 4.546460e+08 2.114847e+15 2.488729e+15 9.464310e+09 1.643402e-15
57.913772 3.857722e+08 4.545806e+08 2.124451e+15 2.500047e+15 9.289340e+09 1.617036e-15
58.203341 3.857372e+08 4.545180e+08 2.134103e+15 2.511420e+15 9.116329e+09 1.589982e-15
58.494358 3.857042e+08 4.544574e+08 2.143802e+15 2.522848e+15 8.945559e+09 1.563580e-15
58.786829 3.856661e+08 4.543918e+08 2.153548e+15 2.534332e+15 8.780155e+09 1.538114e-15
59.080763 3.856238e+08 4.543220e+08 2.163343e+15 2.545872e+15 8.619540e+09 1.512911e-15
59.376167 3.855905e+08 4.542614e+08 2.173185e+15 2.557468e+15 8.457974e+09 1.487666e-15
59.673048 3.855672e+08 4.542110e+08 2.183075e+15 2.569120e+15 8.295147e+09 1.462816e-15
59.971413 3.855395e+08 4.541562e+08 2.193015e+15 2.580829e+15 8.137208e+09 1.438311e-15
60.271270 3.855073e+08 4.540969e+08 2.203003e+15 2.592595e+15 7.984019e+09 1.414330e-15
60.572627 3.854767e+08 4.540393e+08 2.213041e+15 2.604418e+15 7.832993e+09 1.391221e-15
60.875490 3.854480e+08 4.539838e+08 2.223128e+15 2.616299e+15 7.683992e+09 1.368353e-15
61.179867 3.854161e+08 4.539250e+08 2.233264e+15 2.628238e+15 7.539028e+09 1.344849e-15
61.485767 3.853801e+08 4.538621e+08 2.243451e+15 2.640235e+15 7.398325e+09 1.321827e-15
61.793196 3.853501e+08 4.538055e+08 2.253687e+15 2.652291e+15 7.257872e+09 1.299713e-15
62.102162 3.853312e+08 4.537602e+08 2.263974e+15 2.664405e+15 7.115880e+09 1.277916e-15
62.412672 3.853092e+08 4.537118e+08 2.274312e+15 2.676578e+15 6.977717e+09 1.256058e-15
62.724736 3.852822e+08 4.536584e+08 2.284700e+15 2.688811e+15 6.843982e+09 1.234535e-15
63.038359 3.852568e+08 4.536067e+08 2.295140e+15 2.701104e+15 6.712180e+09 1.212950e-15
63.353551 3.852346e+08 4.535583e+08 2.305632e+15 2.713457e+15 6.581715e+09 1.191797e-15
63.670319 3.852138e+08 4.535114e+08 2.316175e+15 2.725870e+15 6.453239e+09 1.171945e-15
63.988671 3.851961e+08 4.534677e+08 2.326771e+15 2.738345e+15 6.326127e+09 1.152418e-15
64.308614 3.851762e+08 4.534220e+08 2.337419e+15 2.750880e+15 6.202156e+09 1.131933e-15
64.630157 3.851516e+08 4.533717e+08 2.348120e+15 2.763476e+15 6.082092e+09 1.111783e-15
64.953308 3.851311e+08 4.533255e+08 2.358873e+15 2.776135e+15 5.962970e+09 1.092505e-15
65.278074 3.851230e+08 4.532920e+08 2.369680e+15 2.788855e+15 5.842119e+09 1.073555e-15
65.604465 3.851123e+08 4.532559e+08 2.380540e+15 2.801638e+15 5.724472e+09 1.054579e-15
65.932487 3.850951e+08 4.532133e+08 2.391455e+15 2.814484e+15 5.611121e+09 1.035921e-15
66.262149 3.850795e+08 4.531724e+08 2.402424e+15 2.827392e+15 5.499460e+09 1.017598e-15
66.593460 3.850686e+08 4.531364e+08 2.413447e+15 2.840365e+15 5.388548e+09 9.995935e-16
66.926427 3.850552e+08 4.530979e+08 2.424524e+15 2.853401e+15 5.280517e+09 9.822546e-16
67.261060 3.850353e+08 4.530529e+08 2.435657e+15 2.866501e+15 5.176510e+09 9.652285e-16
67.597365 3.850164e+08 4.530090e+08 2.446845e+15 2.879665e+15 5.074179e+09 9.475672e-16
67.935352 3.850022e+08 4.529699e+08 2.458088e+15 2.892894e+15 4.972514e+09 9.300989e-16
68.275028 3.849907e+08 4.529337e+08 2.469387e+15 2.906187e+15 4.872036e+09 9.134256e-16
68.616404 3.849940e+08 4.529125e+08 2.480743e+15 2.919547e+15 4.769471e+09 8.970867e-16
68.959486 3.849927e+08 4.528868e+08 2.492155e+15 2.932972e+15 4.670205e+09 8.808109e-16
69.304283 3.849760e+08 4.528455e+08 2.503624e+15 2.946464e+15 4.577040e+09 8.647970e-16
69.650804 3.849617e+08 4.528067e+08 2.515150e+15 2.960022e+15 4.485064e+09 8.488643e-16
69.999058 3.849612e+08 4.527820e+08 2.526733e+15 2.973646e+15 4.391309e+09 8.331924e-16
70.349054 3.849594e+08 4.527560e+08 2.538374e+15 2.987338e+15 4.299768e+09 8.181852e-16
70.700799 3.849519e+08 4.527245e+08 2.550073e+15 3.001098e+15 4.211470e+09 8.034886e-16
71.054303 3.849450e+08 4.526935e+08 2.561831e+15 3.014925e+15 4.124804e+09 7.883230e-16
71.409575 3.849417e+08 4.526663e+08 2.573647e+15 3.028821e+15 4.038968e+09 7.732980e-16
71.766622 3.849388e+08 4.526396e+08 2.585522e+15 3.042785e+15 3.954767e+09 7.588957e-16
72.125456 3.849393e+08 4.526164e+08 2.597456e+15 3.056818e+15 3.871465e+09 7.447996e-16
72.486083 3.849405e+08 4.525939e+08 2.609450e+15 3.070921e+15 3.789708e+09 7.308225e-16
72.848513 3.849464e+08 4.525764e+08 2.621504e+15 3.085094e+15 3.708516e+09 7.170826e-16
73.212756 3.849513e+08 4.525578e+08 2.633619e+15 3.099337e+15 3.629232e+09 7.038605e-16
73.578820 3.849514e+08 4.525346e+08 2.645794e+15 3.113650e+15 3.552601e+09 6.909140e-16
73.946714 3.849519e+08 4.525118e+08 2.658030e+15 3.128034e+15 3.477471e+09 6.776266e-16
74.316447 3.849547e+08 4.524915e+08 2.670327e+15 3.142490e+15 3.403362e+09 6.644658e-16
74.688029 3.849584e+08 4.524721e+08 2.682686e+15 3.157017e+15 3.330599e+09 6.518238e-16
75.061470 3.849680e+08 4.524588e+08 2.695107e+15 3.171616e+15 3.258108e+09 6.394590e-16
75.436777 3.849761e+08 4.524440e+08 2.707590e+15 3.186288e+15 3.187428e+09 6.271636e-16
75.813961 3.849771e+08 4.524222e+08 2.720136e+15 3.201032e+15 3.119636e+09 6.150719e-16
76.193031 3.849787e+08 4.524011e+08 2.732745e+15 3.215850e+15 3.053105e+09 6.030611e-16
76.573996 3.849858e+08 4.523857e+08 2.745416e+15 3.230741e+15 2.986887e+09 5.912554e-16
76.956866 3.849931e+08 4.523705e+08 2.758152e+15 3.245706e+15 2.922001e+09 5.798844e-16
77.341650 3.850036e+08 4.523586e+08 2.770951e+15 3.260745e+15 2.857889e+09 5.687569e-16
77.728358 3.850145e+08 4.523473e+08 2.783814e+15 3.275859e+15 2.795027e+09 5.573521e-16
78.117000 3.850305e+08 4.523411e+08 2.796743e+15 3.291048e+15 2.732589e+09 5.460812e-16
78.507585 3.850451e+08 4.523337e+08 2.809736e+15 3.306313e+15 2.671713e+09 5.353020e-16
78.900123 3.850535e+08 4.523201e+08 2.822795e+15 3.321654e+15 2.613214e+09 5.247598e-16
79.294624 3.850628e+08 4.523075e+08 2.835920e+15 3.337071e+15 2.555791e+09 5.142299e-16
79.691097 3.850788e+08 4.523018e+08 2.849110e+15 3.352565e+15 2.498445e+09 5.038886e-16
80.089552 3.850949e+08 4.522963e+08 2.862367e+15 3.368136e+15 2.442312e+09 4.940090e-16
80.490000 3.851125e+08 4.522925e+08 2.875691e+15 3.383785e+15 2.387129e+09 4.843377e-16
80.892450 3.851306e+08 4.522892e+08 2.889082e+15 3.399512e+15 2.333059e+09 4.746901e-16
81.296912 3.851522e+08 4.522896e+08 2.902540e+15 3.415318e+15 2.279610e+09 4.652138e-16
81.703397 3.851730e+08 4.522892e+08 2.916067e+15 3.431202e+15 2.227437e+09 4.554522e-16
82.111914 3.851917e+08 4.522869e+08 2.929662e+15 3.447166e+15 2.176723e+09 4.458360e-16
82.522473 3.852102e+08 4.522845e+08 2.943326e+15 3.463210e+15 2.127131e+09 4.369683e-16
82.935086 3.852289e+08 4.522823e+08 2.957058e+15 3.479334e+15 2.078600e+09 4.282875e-16
83.349761 3.852495e+08 4.522821e+08 2.970860e+15 3.495538e+15 2.030846e+09 4.193512e-16
83.766510 3.852775e+08 4.522895e+08 2.984732e+15 3.511823e+15 1.983079e+09 4.105675e-16
84.185343 3.853028e+08 4.522942e+08 2.998674e+15 3.528190e+15 1.936764e+09 4.021383e-16
84.606269 3.853205e+08 4.522914e+08 3.012687e+15 3.544640e+15 1.892508e+09 3.938822e-16
85.029301 3.853403e+08 4.522909e+08 3.026770e+15 3.561171e+15 1.848930e+09 3.856795e-16
85.454447 3.853669e+08 4.522972e+08 3.040925e+15 3.577785e+15 1.805420e+09 3.776422e-16
85.881719 3.853936e+08 4.523038e+08 3.055151e+15 3.594482e+15 1.762852e+09 3.696675e-16
86.311128 3.854214e+08 4.523116e+08 3.069449e+15 3.611263e+15 1.721099e+09 3.618531e-16
86.742684 3.854479e+08 4.523181e+08 3.083820e+15 3.628128e+15 1.680459e+09 3.540645e-16
87.176397 3.854714e+08 4.523218e+08 3.098264e+15 3.645077e+15 1.641078e+09 3.464520e-16
87.612279 3.854962e+08 4.523267e+08 3.112781e+15 3.662112e+15 1.602436e+09 3.391160e-16
88.050340 3.855239e+08 4.523348e+08 3.127372e+15 3.679232e+15 1.564306e+09 3.319261e-16
88.490592 3.855526e+08 4.523441e+08 3.142036e+15 3.696438e+15 1.526907e+09 3.248246e-16
88.933045 3.855839e+08 4.523561e+08 3.156775e+15 3.713730e+15 1.490059e+09 3.178532e-16
89.377710 3.856148e+08 4.523678e+08 3.171589e+15 3.731109e+15 1.454094e+09 3.108911e-16
89.824599 3.856453e+08 4.523792e+08 3.186478e+15 3.748575e+15 1.418999e+09 3.041086e-16
90.273722 3.856751e+08 4.523900e+08 3.201442e+15 3.766130e+15 1.384777e+09 2.976174e-16
90.725090 3.857039e+08 4.523999e+08 3.216483e+15 3.783772e+15 1.351440e+09 2.912400e-16
91.178716 3.857351e+08 4.524123e+08 3.231600e+15 3.801503e+15 1.318612e+09 2.848864e-16
91.634609 3.857707e+08 4.524291e+08 3.246794e+15 3.819323e+15 1.286094e+09 2.786553e-16
92.092783 3.858088e+08 4.524487e+08 3.262065e+15 3.837233e+15 1.254067e+09 2.724979e-16
92.553246 3.858509e+08 4.524724e+08 3.277414e+15 3.855233e+15 1.222395e+09 2.664484e-16
93.016013 3.858898e+08 4.524929e+08 3.292842e+15 3.873325e+15 1.191783e+09 2.604424e-16
93.481093 3.859251e+08 4.525099e+08 3.308348e+15 3.891507e+15 1.162241e+09 2.546070e-16
93.948498 3.859605e+08 4.525271e+08 3.323933e+15 3.909781e+15 1.133372e+09 2.489946e-16
94.418241 3.859962e+08 4.525447e+08 3.339597e+15 3.928147e+15 1.105158e+09 2.434610e-16
94.890332 3.860328e+08 4.525633e+08 3.355342e+15 3.946606e+15 1.077516e+09 2.379473e-16
95.364784 3.860703e+08 4.525830e+08 3.371166e+15 3.965158e+15 1.050447e+09 2.325445e-16
95.841607 3.861085e+08 4.526033e+08 3.387071e+15 3.983803e+15 1.023964e+09 2.272384e-16
96.320816 3.861471e+08 4.526242e+08 3.403058e+15 4.002542e+15 9.980653e+08 2.220229e-16
96.802420 3.861879e+08 4.526474e+08 3.419125e+15 4.021376e+15 9.726026e+08 2.168795e-16
97.286432 3.862303e+08 4.526723e+08 3.435275e+15 4.040305e+15 9.476126e+08 2.118706e-16
97.772864 3.862752e+08 4.526997e+08 3.451508e+15 4.059330e+15 9.230279e+08 2.069963e-16
98.261728 3.863215e+08 4.527288e+08 3.467823e+15 4.078451e+15 8.989202e+08 2.022291e-16
98.753037 3.863654e+08 4.527555e+08 3.484222e+15 4.097669e+15 8.755927e+08 1.975663e-16
99.246802 3.864078e+08 4.527808e+08 3.500705e+15 4.116984e+15 8.529420e+08 1.929296e-16
99.743036 3.864528e+08 4.528088e+08 3.517272e+15 4.136397e+15 8.306431e+08 1.883303e-16
100.241751 3.864988e+08 4.528379e+08 3.533924e+15 4.155908e+15 8.088191e+08 1.839248e-16
