1.2685E-08 7.6135E-02 6.0563E-16 1.3934E+00 2.2902E+00
4.0113E-08 7.6135E-02 1.4253E-15 1.3934E+00 2.2902E+00
1.2685E-07 7.6135E-02 4.5072E-15 1.3934E+00 2.2902E+00
4.0113E-07 7.6135E-02 1.4253E-14 1.3934E+00 2.2902E+00
1.2685E-06 7.6135E-02 4.5072E-14 1.3934E+00 2.2902E+00
4.0113E-06 7.6135E-02 1.4253E-13 1.3934E+00 2.2902E+00
1.2685E-05 7.6135E-02 4.5072E-13 1.3934E+00 2.2902E+00
4.0113E-05 7.6135E-02 1.4253E-12 1.3934E+00 2.2902E+00
1.2685E-04 7.6135E-02 4.5072E-12 1.3934E+00 2.2902E+00
4.0113E-04 7.6135E-02 1.4253E-11 1.3934E+00 2.2902E+00
1.2685E-03 7.6135E-02 4.5072E-11 1.3934E+00 2.2902E+00
4.0113E-03 7.6135E-02 1.4253E-10 1.3934E+00 2.2902E+00
1.2685E-02 7.6135E-02 4.5072E-10 1.3934E+00 2.2902E+00
4.0113E-02 7.6135E-02 1.4255E-09 1.3934E+00 2.2902E+00
1.2685E-01 7.6135E-02 4.5081E-09 1.3934E+00 2.2902E+00
