4.0020E-13 2.5604E-01 3.0263E-05 1.3933E+00 2.2831E+00
1.2655E-12 2.5605E-01 7.0539E-05 1.3933E+00 2.2829E+00
4.0020E-12 2.5606E-01 2.1874E-04 1.3933E+00 2.2827E+00
1.2655E-11 2.5608E-01 6.4251E-04 1.3932E+00 2.2823E+00
4.0020E-11 2.5614E-01 1.6752E-03 1.3932E+00 2.2819E+00
1.2655E-10 2.5626E-01 3.5582E-03 1.3932E+00 2.2813E+00
4.0020E-10 2.5653E-01 6.2378E-03 1.3932E+00 2.2807E+00
1.2655E-09 2.5708E-01 1.1286E-02 1.3932E+00 2.2797E+00
4.0020E-09 2.5815E-01 2.4270E-02 1.3931E+00 2.2783E+00
1.2655E-08 2.6003E-01 5.2323E-02 1.3931E+00 2.2765E+00
4.0020E-08 2.6293E-01 1.0088E-01 1.3930E+00 2.2745E+00
1.2655E-07 2.6669E-01 1.7515E-01 1.3930E+00 2.2723E+00
4.0020E-07 2.7164E-01 2.7868E-01 1.3929E+00 2.2701E+00
1.2655E-06 2.7873E-01 4.2978E-01 1.3928E+00 2.2677E+00
4.0020E-06 2.9025E-01 6.7087E-01 1.3927E+00 2.2652E+00
