2.0795E-12 2.5448E-01 3.4005E-07 1.3934E+00 2.2880E+00
6.5760E-12 2.5448E-01 5.1062E-07 1.3934E+00 2.2873E+00
2.0795E-11 2.5448E-01 8.4613E-07 1.3934E+00 2.2864E+00
6.5760E-11 2.5447E-01 1.1779E-06 1.3933E+00 2.2856E+00
2.0795E-10 2.5447E-01 1.4607E-06 1.3933E+00 2.2851E+00
6.5760E-10 2.5447E-01 1.7809E-06 1.3933E+00 2.2849E+00
2.0795E-09 2.5447E-01 2.4267E-06 1.3933E+00 2.2848E+00
6.5760E-09 2.5448E-01 4.1502E-06 1.3933E+00 2.2848E+00
2.0795E-08 2.5448E-01 9.3001E-06 1.3933E+00 2.2847E+00
6.5760E-08 2.5450E-01 2.4956E-05 1.3933E+00 2.2847E+00
2.0795E-07 2.5455E-01 7.0571E-05 1.3933E+00 2.2847E+00
6.5760E-07 2.5466E-01 2.0220E-04 1.3933E+00 2.2846E+00
2.0795E-06 2.5490E-01 5.7373E-04 1.3933E+00 2.2846E+00
6.5760E-06 2.5545E-01 1.6713E-03 1.3933E+00 2.2845E+00
2.0795E-05 2.5660E-01 4.8543E-03 1.3933E+00 2.2843E+00
