6.5913E-14 2.5834E-01 1.8404E-01 1.3921E+00 2.2517E+00
2.0844E-13 2.5853E-01 2.2714E-01 1.3920E+00 2.2496E+00
6.5913E-13 2.5879E-01 2.7861E-01 1.3918E+00 2.2461E+00
2.0844E-12 2.5915E-01 2.8629E-01 1.3916E+00 2.2437E+00
6.5913E-12 2.5960E-01 2.7275E-01 1.3915E+00 2.2421E+00
2.0844E-11 2.6010E-01 2.6911E-01 1.3914E+00 2.2404E+00
6.5913E-11 2.6078E-01 2.9763E-01 1.3912E+00 2.2377E+00
2.0844E-10 2.6202E-01 3.7369E-01 1.3909E+00 2.2342E+00
6.5913E-10 2.6440E-01 5.2030E-01 1.3907E+00 2.2313E+00
2.0844E-09 2.6953E-01 7.5735E-01 1.3906E+00 2.2294E+00
6.5913E-09 2.8069E-01 1.1569E+00 1.3905E+00 2.2280E+00
2.0844E-08 3.0569E-01 1.8778E+00 1.3904E+00 2.2262E+00
6.5913E-08 3.6462E-01 3.1942E+00 1.3902E+00 2.2234E+00
2.0844E-07 4.9529E-01 5.7640E+00 1.3900E+00 2.2200E+00
6.5913E-07 8.1715E-01 1.0511E+01 1.3897E+00 2.2166E+00
