6.5913E-11 2.3676E-01 6.7374E-13 1.3934E+00 2.2902E+00
2.0844E-10 2.3676E-01 1.5856E-12 1.3934E+00 2.2902E+00
6.5913E-10 2.3676E-01 5.0141E-12 1.3934E+00 2.2902E+00
2.0844E-09 2.3676E-01 1.5856E-11 1.3934E+00 2.2902E+00
6.5913E-09 2.3676E-01 5.0141E-11 1.3934E+00 2.2902E+00
2.0844E-08 2.3676E-01 1.5856E-10 1.3934E+00 2.2902E+00
6.5913E-08 2.3676E-01 5.0140E-10 1.3934E+00 2.2902E+00
2.0844E-07 2.3676E-01 1.5856E-09 1.3934E+00 2.2902E+00
6.5913E-07 2.3676E-01 5.0140E-09 1.3934E+00 2.2902E+00
2.0844E-06 2.3676E-01 1.5885E-08 1.3934E+00 2.2902E+00
6.5913E-06 2.3676E-01 5.4312E-08 1.3934E+00 2.2902E+00
2.0844E-05 2.3676E-01 1.9533E-07 1.3934E+00 2.2902E+00
6.5913E-05 2.3676E-01 6.3254E-07 1.3934E+00 2.2902E+00
2.0844E-04 2.3676E-01 2.0260E-06 1.3934E+00 2.2902E+00
6.5913E-04 2.3677E-01 6.4077E-06 1.3934E+00 2.2902E+00
