1.4182E-16 1.1967E-01 7.0914E+01 5.9215E-01 5.9224E-01
4.4847E-16 1.1968E-01 7.0915E+01 5.9215E-01 5.9224E-01
1.4182E-15 1.1210E-01 9.9954E+01 5.4777E-01 5.4782E-01
4.4847E-15 9.5714E-02 1.4593E+02 4.6079E-01 4.6082E-01
1.4182E-14 7.4135E-02 1.4848E+02 3.5012E-01 3.5014E-01
4.4847E-14 5.6364E-02 1.4317E+02 2.6035E-01 2.6036E-01
1.4182E-13 3.7006E-02 1.3564E+02 1.6403E-01 1.6404E-01
4.4847E-13 2.1976E-02 1.3584E+02 9.0296E-02 9.0303E-02
1.4182E-12 1.7129E-02 1.4429E+02 6.4682E-02 6.4688E-02
4.4847E-12 1.0986E-02 1.6284E+02 3.1452E-02 3.1456E-02
1.4182E-11 1.1220E-02 1.7640E+02 2.1570E-02 2.1574E-02
4.4847E-11 1.2724E-02 1.8234E+02 1.1492E-02 1.1495E-02
1.4182E-10 1.8948E-02 1.5522E+02 5.9401E-03 5.9417E-03
4.4847E-10 3.0106E-02 1.6493E+02 4.0477E-03 4.0488E-03
1.4182E-09 4.8760E-02 1.9573E+02 1.9548E-03 1.9553E-03
