j EnclosedMass[g] radius[cm] velocity[cm/s] density[g/cc] X_H X_He
1 1.401e+29 1.009e+14 1.000e+07 1.181e-12 7.000e-01 2.800e-01
2 2.821e+29 1.019e+14 1.000e+07 1.164e-12 7.000e-01 2.800e-01
3 4.259e+29 1.028e+14 1.000e+07 1.146e-12 7.000e-01 2.800e-01
4 5.716e+29 1.038e+14 1.000e+07 1.130e-12 7.000e-01 2.800e-01
5 7.192e+29 1.047e+14 1.000e+07 1.113e-12 7.000e-01 2.800e-01
6 8.686e+29 1.057e+14 1.000e+07 1.097e-12 7.000e-01 2.800e-01
7 1.020e+30 1.067e+14 1.000e+07 1.081e-12 7.000e-01 2.800e-01
8 1.173e+30 1.077e+14 1.000e+07 1.065e-12 7.000e-01 2.800e-01
9 1.329e+30 1.087e+14 1.000e+07 1.049e-12 7.000e-01 2.800e-01
10 1.486e+30 1.097e+14 1.000e+07 1.033e-12 7.000e-01 2.800e-01
11 1.646e+30 1.107e+14 1.000e+07 1.018e-12 7.000e-01 2.800e-01
12 1.807e+30 1.117e+14 1.000e+07 1.003e-12 7.000e-01 2.800e-01
13 1.971e+30 1.127e+14 1.000e+07 9.884e-13 7.000e-01 2.800e-01
14 2.136e+30 1.138e+14 1.000e+07 9.738e-13 7.000e-01 2.800e-01
15 2.304e+30 1.148e+14 1.000e+07 9.594e-13 7.000e-01 2.800e-01
16 2.474e+30 1.159e+14 1.000e+07 9.452e-13 7.000e-01 2.800e-01
17 2.646e+30 1.170e+14 1.000e+07 9.312e-13 7.000e-01 2.800e-01
18 2.820e+30 1.181e+14 1.000e+07 9.174e-13 7.000e-01 2.800e-01
19 2.997e+30 1.192e+14 1.000e+07 9.038e-13 7.000e-01 2.800e-01
20 3.176e+30 1.203e+14 1.000e+07 8.904e-13 7.000e-01 2.800e-01
21 3.357e+30 1.214e+14 1.000e+07 8.772e-13 7.000e-01 2.800e-01
22 3.540e+30 1.225e+14 1.000e+07 8.641e-13 7.000e-01 2.800e-01
23 3.726e+30 1.236e+14 1.000e+07 8.513e-13 7.000e-01 2.800e-01
24 3.914e+30 1.248e+14 1.000e+07 8.386e-13 7.000e-01 2.800e-01
25 4.105e+30 1.260e+14 1.000e+07 8.261e-13 7.000e-01 2.800e-01
26 4.298e+30 1.271e+14 1.000e+07 8.138e-13 7.000e-01 2.800e-01
27 4.493e+30 1.283e+14 1.000e+07 8.017e-13 7.000e-01 2.800e-01
28 4.691e+30 1.295e+14 1.000e+07 7.897e-13 7.000e-01 2.800e-01
29 4.891e+30 1.307e+14 1.000e+07 7.779e-13 7.000e-01 2.800e-01
30 5.094e+30 1.319e+14 1.000e+07 7.663e-13 7.000e-01 2.800e-01
31 5.300e+30 1.331e+14 1.000e+07 7.549e-13 7.000e-01 2.800e-01
32 5.508e+30 1.344e+14 1.000e+07 7.436e-13 7.000e-01 2.800e-01
33 5.719e+30 1.356e+14 1.000e+07 7.324e-13 7.000e-01 2.800e-01
34 5.933e+30 1.369e+14 1.000e+07 7.215e-13 7.000e-01 2.800e-01
35 6.149e+30 1.381e+14 1.000e+07 7.106e-13 7.000e-01 2.800e-01
36 6.368e+30 1.394e+14 1.000e+07 7.000e-13 7.000e-01 2.800e-01
37 6.589e+30 1.407e+14 1.000e+07 6.894e-13 7.000e-01 2.800e-01
38 6.814e+30 1.420e+14 1.000e+07 6.791e-13 7.000e-01 2.800e-01
39 7.041e+30 1.433e+14 1.000e+07 6.689e-13 7.000e-01 2.800e-01
40 7.271e+30 1.447e+14 1.000e+07 6.588e-13 7.000e-01 2.800e-01
41 7.504e+30 1.460e+14 1.000e+07 6.489e-13 7.000e-01 2.800e-01
42 7.740e+30 1.473e+14 1.000e+07 6.391e-13 7.000e-01 2.800e-01
43 7.979e+30 1.487e+14 1.000e+07 6.294e-13 7.000e-01 2.800e-01
44 8.221e+30 1.501e+14 1.000e+07 6.199e-13 7.000e-01 2.800e-01
45 8.466e+30 1.515e+14 1.000e+07 6.106e-13 7.000e-01 2.800e-01
46 8.714e+30 1.529e+14 1.000e+07 6.013e-13 7.000e-01 2.800e-01
47 8.966e+30 1.543e+14 1.000e+07 5.922e-13 7.000e-01 2.800e-01
48 9.220e+30 1.557e+14 1.000e+07 5.832e-13 7.000e-01 2.800e-01
49 9.477e+30 1.572e+14 1.000e+07 5.744e-13 7.000e-01 2.800e-01
50 9.738e+30 1.586e+14 1.000e+07 5.657e-13 7.000e-01 2.800e-01
51 1.000e+31 1.601e+14 1.000e+07 5.571e-13 7.000e-01 2.800e-01
52 1.027e+31 1.616e+14 1.000e+07 5.486e-13 7.000e-01 2.800e-01
53 1.054e+31 1.631e+14 1.000e+07 5.402e-13 7.000e-01 2.800e-01
54 1.081e+31 1.646e+14 1.000e+07 5.320e-13 7.000e-01 2.800e-01
55 1.109e+31 1.661e+14 1.000e+07 5.239e-13 7.000e-01 2.800e-01
56 1.137e+31 1.677e+14 1.000e+07 5.159e-13 7.000e-01 2.800e-01
57 1.166e+31 1.692e+14 1.000e+07 5.080e-13 7.000e-01 2.800e-01
58 1.194e+31 1.708e+14 1.000e+07 5.002e-13 7.000e-01 2.800e-01
59 1.223e+31 1.724e+14 1.000e+07 4.926e-13 7.000e-01 2.800e-01
60 1.253e+31 1.740e+14 1.000e+07 4.850e-13 7.000e-01 2.800e-01
61 1.283e+31 1.756e+14 1.000e+07 4.776e-13 7.000e-01 2.800e-01
62 1.313e+31 1.772e+14 1.000e+07 4.703e-13 7.000e-01 2.800e-01
63 1.344e+31 1.789e+14 1.000e+07 4.630e-13 7.000e-01 2.800e-01
64 1.375e+31 1.805e+14 1.000e+07 4.559e-13 7.000e-01 2.800e-01
65 1.406e+31 1.822e+14 1.000e+07 4.489e-13 7.000e-01 2.800e-01
66 1.438e+31 1.839e+14 1.000e+07 4.420e-13 7.000e-01 2.800e-01
67 1.470e+31 1.856e+14 1.000e+07 4.352e-13 7.000e-01 2.800e-01
68 1.502e+31 1.873e+14 1.000e+07 4.284e-13 7.000e-01 2.800e-01
69 1.535e+31 1.890e+14 1.000e+07 4.218e-13 7.000e-01 2.800e-01
70 1.568e+31 1.908e+14 1.000e+07 4.153e-13 7.000e-01 2.800e-01
71 1.602e+31 1.926e+14 1.000e+07 4.089e-13 7.000e-01 2.800e-01
72 1.636e+31 1.943e+14 1.000e+07 4.025e-13 7.000e-01 2.800e-01
73 1.671e+31 1.961e+14 1.000e+07 3.963e-13 7.000e-01 2.800e-01
74 1.706e+31 1.980e+14 1.000e+07 3.901e-13 7.000e-01 2.800e-01
75 1.741e+31 1.998e+14 1.000e+07 3.840e-13 7.000e-01 2.800e-01
76 1.777e+31 2.017e+14 1.000e+07 3.781e-13 7.000e-01 2.800e-01
77 1.813e+31 2.035e+14 1.000e+07 3.722e-13 7.000e-01 2.800e-01
78 1.850e+31 2.054e+14 1.000e+07 3.664e-13 7.000e-01 2.800e-01
79 1.887e+31 2.073e+14 1.000e+07 3.606e-13 7.000e-01 2.800e-01
80 1.924e+31 2.092e+14 1.000e+07 3.550e-13 7.000e-01 2.800e-01
81 1.962e+31 2.112e+14 1.000e+07 3.494e-13 7.000e-01 2.800e-01
82 2.001e+31 2.131e+14 1.000e+07 3.440e-13 7.000e-01 2.800e-01
83 2.040e+31 2.151e+14 1.000e+07 3.386e-13 7.000e-01 2.800e-01
84 2.079e+31 2.171e+14 1.000e+07 3.332e-13 7.000e-01 2.800e-01
85 2.119e+31 2.191e+14 1.000e+07 3.280e-13 7.000e-01 2.800e-01
86 2.159e+31 2.212e+14 1.000e+07 3.228e-13 7.000e-01 2.800e-01
87 2.200e+31 2.232e+14 1.000e+07 3.177e-13 7.000e-01 2.800e-01
88 2.241e+31 2.253e+14 1.000e+07 3.127e-13 7.000e-01 2.800e-01
89 2.283e+31 2.274e+14 1.000e+07 3.078e-13 7.000e-01 2.800e-01
90 2.325e+31 2.295e+14 1.000e+07 3.029e-13 7.000e-01 2.800e-01
91 2.368e+31 2.316e+14 1.000e+07 2.981e-13 7.000e-01 2.800e-01
92 2.411e+31 2.337e+14 1.000e+07 2.934e-13 7.000e-01 2.800e-01
93 2.455e+31 2.359e+14 1.000e+07 2.887e-13 7.000e-01 2.800e-01
94 2.499e+31 2.381e+14 1.000e+07 2.841e-13 7.000e-01 2.800e-01
95 2.544e+31 2.403e+14 1.000e+07 2.796e-13 7.000e-01 2.800e-01
96 2.589e+31 2.425e+14 1.000e+07 2.751e-13 7.000e-01 2.800e-01
97 2.635e+31 2.448e+14 1.000e+07 2.708e-13 7.000e-01 2.800e-01
98 2.682e+31 2.471e+14 1.000e+07 2.664e-13 7.000e-01 2.800e-01
99 2.729e+31 2.493e+14 1.000e+07 2.622e-13 7.000e-01 2.800e-01
100 2.776e+31 2.517e+14 1.000e+07 2.580e-13 7.000e-01 2.800e-01
101 2.824e+31 2.540e+14 1.000e+07 2.538e-13 7.000e-01 2.800e-01
102 2.873e+31 2.563e+14 1.000e+07 2.497e-13 7.000e-01 2.800e-01
103 2.922e+31 2.587e+14 1.000e+07 2.457e-13 7.000e-01 2.800e-01
104 2.971e+31 2.611e+14 1.000e+07 2.418e-13 7.000e-01 2.800e-01
105 3.022e+31 2.635e+14 1.000e+07 2.379e-13 7.000e-01 2.800e-01
106 3.072e+31 2.660e+14 1.000e+07 2.340e-13 7.000e-01 2.800e-01
107 3.124e+31 2.684e+14 1.000e+07 2.302e-13 7.000e-01 2.800e-01
108 3.176e+31 2.709e+14 1.000e+07 2.265e-13 7.000e-01 2.800e-01
109 3.228e+31 2.734e+14 1.000e+07 2.228e-13 7.000e-01 2.800e-01
110 3.282e+31 2.760e+14 1.000e+07 2.192e-13 7.000e-01 2.800e-01
111 3.335e+31 2.785e+14 1.000e+07 2.156e-13 7.000e-01 2.800e-01
112 3.390e+31 2.811e+14 1.000e+07 2.121e-13 7.000e-01 2.800e-01
113 3.445e+31 2.837e+14 1.000e+07 2.087e-13 7.000e-01 2.800e-01
114 3.501e+31 2.864e+14 1.000e+07 2.053e-13 7.000e-01 2.800e-01
115 3.557e+31 2.890e+14 1.000e+07 2.019e-13 7.000e-01 2.800e-01
116 3.614e+31 2.917e+14 1.000e+07 1.986e-13 7.000e-01 2.800e-01
117 3.671e+31 2.944e+14 1.000e+07 1.953e-13 7.000e-01 2.800e-01
118 3.729e+31 2.971e+14 1.000e+07 1.921e-13 7.000e-01 2.800e-01
119 3.788e+31 2.999e+14 1.000e+07 1.890e-13 7.000e-01 2.800e-01
120 3.848e+31 3.027e+14 1.000e+07 1.859e-13 7.000e-01 2.800e-01
121 3.908e+31 3.055e+14 1.000e+07 1.828e-13 7.000e-01 2.800e-01
122 3.969e+31 3.083e+14 1.000e+07 1.798e-13 7.000e-01 2.800e-01
123 4.030e+31 3.112e+14 1.000e+07 1.768e-13 7.000e-01 2.800e-01
124 4.092e+31 3.140e+14 1.000e+07 1.738e-13 7.000e-01 2.800e-01
125 4.155e+31 3.170e+14 1.000e+07 1.710e-13 7.000e-01 2.800e-01
126 4.219e+31 3.199e+14 1.000e+07 1.681e-13 7.000e-01 2.800e-01
127 4.283e+31 3.229e+14 1.000e+07 1.653e-13 7.000e-01 2.800e-01
128 4.348e+31 3.259e+14 1.000e+07 1.626e-13 7.000e-01 2.800e-01
129 4.413e+31 3.289e+14 1.000e+07 1.598e-13 7.000e-01 2.800e-01
130 4.480e+31 3.319e+14 1.000e+07 1.572e-13 7.000e-01 2.800e-01
131 4.547e+31 3.350e+14 1.000e+07 1.545e-13 7.000e-01 2.800e-01
132 4.615e+31 3.381e+14 1.000e+07 1.519e-13 7.000e-01 2.800e-01
133 4.683e+31 3.412e+14 1.000e+07 1.494e-13 7.000e-01 2.800e-01
134 4.752e+31 3.444e+14 1.000e+07 1.468e-13 7.000e-01 2.800e-01
135 4.822e+31 3.476e+14 1.000e+07 1.444e-13 7.000e-01 2.800e-01
136 4.893e+31 3.508e+14 1.000e+07 1.419e-13 7.000e-01 2.800e-01
137 4.965e+31 3.541e+14 1.000e+07 1.395e-13 7.000e-01 2.800e-01
138 5.037e+31 3.574e+14 1.000e+07 1.371e-13 7.000e-01 2.800e-01
139 5.110e+31 3.607e+14 1.000e+07 1.348e-13 7.000e-01 2.800e-01
140 5.184e+31 3.640e+14 1.000e+07 1.325e-13 7.000e-01 2.800e-01
141 5.258e+31 3.674e+14 1.000e+07 1.303e-13 7.000e-01 2.800e-01
142 5.334e+31 3.708e+14 1.000e+07 1.280e-13 7.000e-01 2.800e-01
143 5.410e+31 3.742e+14 1.000e+07 1.258e-13 7.000e-01 2.800e-01
144 5.487e+31 3.777e+14 1.000e+07 1.237e-13 7.000e-01 2.800e-01
145 5.564e+31 3.812e+14 1.000e+07 1.215e-13 7.000e-01 2.800e-01
146 5.643e+31 3.847e+14 1.000e+07 1.195e-13 7.000e-01 2.800e-01
147 5.722e+31 3.883e+14 1.000e+07 1.174e-13 7.000e-01 2.800e-01
148 5.803e+31 3.919e+14 1.000e+07 1.154e-13 7.000e-01 2.800e-01
149 5.884e+31 3.955e+14 1.000e+07 1.134e-13 7.000e-01 2.800e-01
150 5.965e+31 3.992e+14 1.000e+07 1.114e-13 7.000e-01 2.800e-01
151 6.048e+31 4.029e+14 1.000e+07 1.095e-13 7.000e-01 2.800e-01
152 6.131e+31 4.066e+14 1.000e+07 1.076e-13 7.000e-01 2.800e-01
153 6.216e+31 4.104e+14 1.000e+07 1.057e-13 7.000e-01 2.800e-01
154 6.301e+31 4.142e+14 1.000e+07 1.038e-13 7.000e-01 2.800e-01
155 6.387e+31 4.181e+14 1.000e+07 1.020e-13 7.000e-01 2.800e-01
156 6.474e+31 4.219e+14 1.000e+07 1.002e-13 7.000e-01 2.800e-01
157 6.562e+31 4.259e+14 1.000e+07 9.845e-14 7.000e-01 2.800e-01
158 6.650e+31 4.298e+14 1.000e+07 9.671e-14 7.000e-01 2.800e-01
159 6.740e+31 4.338e+14 1.000e+07 9.501e-14 7.000e-01 2.800e-01
160 6.830e+31 4.378e+14 1.000e+07 9.332e-14 7.000e-01 2.800e-01
161 6.922e+31 4.419e+14 1.000e+07 9.167e-14 7.000e-01 2.800e-01
162 7.014e+31 4.460e+14 1.000e+07 9.004e-14 7.000e-01 2.800e-01
163 7.107e+31 4.501e+14 1.000e+07 8.843e-14 7.000e-01 2.800e-01
164 7.201e+31 4.543e+14 1.000e+07 8.685e-14 7.000e-01 2.800e-01
165 7.296e+31 4.585e+14 1.000e+07 8.530e-14 7.000e-01 2.800e-01
166 7.392e+31 4.627e+14 1.000e+07 8.377e-14 7.000e-01 2.800e-01
167 7.488e+31 4.670e+14 1.000e+07 8.227e-14 7.000e-01 2.800e-01
168 7.586e+31 4.714e+14 1.000e+07 8.078e-14 7.000e-01 2.800e-01
169 7.685e+31 4.757e+14 1.000e+07 7.933e-14 7.000e-01 2.800e-01
170 7.784e+31 4.801e+14 1.000e+07 7.789e-14 7.000e-01 2.800e-01
171 7.885e+31 4.846e+14 1.000e+07 7.648e-14 7.000e-01 2.800e-01
172 7.986e+31 4.891e+14 1.000e+07 7.509e-14 7.000e-01 2.800e-01
173 8.088e+31 4.936e+14 1.000e+07 7.372e-14 7.000e-01 2.800e-01
174 8.192e+31 4.982e+14 1.000e+07 7.238e-14 7.000e-01 2.800e-01
175 8.296e+31 5.028e+14 1.000e+07 7.105e-14 7.000e-01 2.800e-01
176 8.401e+31 5.075e+14 1.000e+07 6.975e-14 7.000e-01 2.800e-01
177 8.507e+31 5.122e+14 1.000e+07 6.847e-14 7.000e-01 2.800e-01
178 8.614e+31 5.169e+14 1.000e+07 6.721e-14 7.000e-01 2.800e-01
179 8.723e+31 5.217e+14 1.000e+07 6.597e-14 7.000e-01 2.800e-01
180 8.832e+31 5.266e+14 1.000e+07 6.475e-14 7.000e-01 2.800e-01
181 8.942e+31 5.314e+14 1.000e+07 6.354e-14 7.000e-01 2.800e-01
182 9.053e+31 5.364e+14 1.000e+07 6.236e-14 7.000e-01 2.800e-01
183 9.165e+31 5.413e+14 1.000e+07 6.120e-14 7.000e-01 2.800e-01
184 9.278e+31 5.464e+14 1.000e+07 6.006e-14 7.000e-01 2.800e-01
185 9.392e+31 5.514e+14 1.000e+07 5.893e-14 7.000e-01 2.800e-01
186 9.507e+31 5.565e+14 1.000e+07 5.783e-14 7.000e-01 2.800e-01
187 9.623e+31 5.617e+14 1.000e+07 5.674e-14 7.000e-01 2.800e-01
188 9.740e+31 5.669e+14 1.000e+07 5.567e-14 7.000e-01 2.800e-01
189 9.858e+31 5.722e+14 1.000e+07 5.461e-14 7.000e-01 2.800e-01
190 9.977e+31 5.775e+14 1.000e+07 5.358e-14 7.000e-01 2.800e-01
191 1.010e+32 5.828e+14 1.000e+07 5.256e-14 7.000e-01 2.800e-01
192 1.022e+32 5.882e+14 1.000e+07 5.156e-14 7.000e-01 2.800e-01
193 1.034e+32 5.937e+14 1.000e+07 5.057e-14 7.000e-01 2.800e-01
194 1.046e+32 5.992e+14 1.000e+07 4.960e-14 7.000e-01 2.800e-01
195 1.059e+32 6.047e+14 1.000e+07 4.865e-14 7.000e-01 2.800e-01
196 1.071e+32 6.103e+14 1.000e+07 4.771e-14 7.000e-01 2.800e-01
197 1.084e+32 6.160e+14 1.000e+07 4.679e-14 7.000e-01 2.800e-01
198 1.097e+32 6.217e+14 1.000e+07 4.588e-14 7.000e-01 2.800e-01
199 1.110e+32 6.275e+14 1.000e+07 4.499e-14 7.000e-01 2.800e-01
200 1.122e+32 6.333e+14 1.000e+07 4.412e-14 7.000e-01 2.800e-01
201 1.136e+32 6.392e+14 1.000e+07 4.326e-14 7.000e-01 2.800e-01
202 1.149e+32 6.451e+14 1.000e+07 4.241e-14 7.000e-01 2.800e-01
203 1.162e+32 6.511e+14 1.000e+07 4.158e-14 7.000e-01 2.800e-01
204 1.175e+32 6.571e+14 1.000e+07 4.076e-14 7.000e-01 2.800e-01
205 1.189e+32 6.632e+14 1.000e+07 3.995e-14 7.000e-01 2.800e-01
206 1.202e+32 6.693e+14 1.000e+07 3.916e-14 7.000e-01 2.800e-01
207 1.216e+32 6.756e+14 1.000e+07 3.839e-14 7.000e-01 2.800e-01
208 1.230e+32 6.818e+14 1.000e+07 3.762e-14 7.000e-01 2.800e-01
209 1.244e+32 6.881e+14 1.000e+07 3.687e-14 7.000e-01 2.800e-01
210 1.258e+32 6.945e+14 1.000e+07 3.613e-14 7.000e-01 2.800e-01
211 1.272e+32 7.010e+14 1.000e+07 3.541e-14 7.000e-01 2.800e-01
212 1.286e+32 7.075e+14 1.000e+07 3.469e-14 7.000e-01 2.800e-01
213 1.300e+32 7.140e+14 1.000e+07 3.399e-14 7.000e-01 2.800e-01
214 1.314e+32 7.206e+14 1.000e+07 3.331e-14 7.000e-01 2.800e-01
215 1.329e+32 7.273e+14 1.000e+07 3.263e-14 7.000e-01 2.800e-01
216 1.344e+32 7.341e+14 1.000e+07 3.196e-14 7.000e-01 2.800e-01
217 1.358e+32 7.409e+14 1.000e+07 3.131e-14 7.000e-01 2.800e-01
218 1.373e+32 7.477e+14 1.000e+07 3.067e-14 7.000e-01 2.800e-01
219 1.388e+32 7.547e+14 1.000e+07 3.004e-14 7.000e-01 2.800e-01
220 1.403e+32 7.617e+14 1.000e+07 2.942e-14 7.000e-01 2.800e-01
221 1.418e+32 7.687e+14 1.000e+07 2.881e-14 7.000e-01 2.800e-01
222 1.433e+32 7.759e+14 1.000e+07 2.821e-14 7.000e-01 2.800e-01
223 1.449e+32 7.830e+14 1.000e+07 2.762e-14 7.000e-01 2.800e-01
224 1.464e+32 7.903e+14 1.000e+07 2.705e-14 7.000e-01 2.800e-01
225 1.480e+32 7.976e+14 1.000e+07 2.648e-14 7.000e-01 2.800e-01
226 1.495e+32 8.050e+14 1.000e+07 2.592e-14 7.000e-01 2.800e-01
227 1.511e+32 8.125e+14 1.000e+07 2.538e-14 7.000e-01 2.800e-01
228 1.527e+32 8.200e+14 1.000e+07 2.484e-14 7.000e-01 2.800e-01
229 1.543e+32 8.276e+14 1.000e+07 2.431e-14 7.000e-01 2.800e-01
230 1.559e+32 8.353e+14 1.000e+07 2.380e-14 7.000e-01 2.800e-01
231 1.575e+32 8.430e+14 1.000e+07 2.329e-14 7.000e-01 2.800e-01
232 1.591e+32 8.509e+14 1.000e+07 2.279e-14 7.000e-01 2.800e-01
233 1.607e+32 8.588e+14 1.000e+07 2.230e-14 7.000e-01 2.800e-01
234 1.624e+32 8.667e+14 1.000e+07 2.182e-14 7.000e-01 2.800e-01
235 1.640e+32 8.747e+14 1.000e+07 2.135e-14 7.000e-01 2.800e-01
236 1.657e+32 8.829e+14 1.000e+07 2.088e-14 7.000e-01 2.800e-01
237 1.673e+32 8.910e+14 1.000e+07 2.043e-14 7.000e-01 2.800e-01
238 1.690e+32 8.993e+14 1.000e+07 1.998e-14 7.000e-01 2.800e-01
239 1.707e+32 9.076e+14 1.000e+07 1.954e-14 7.000e-01 2.800e-01
240 1.724e+32 9.161e+14 1.000e+07 1.911e-14 7.000e-01 2.800e-01
241 1.741e+32 9.246e+14 1.000e+07 1.869e-14 7.000e-01 2.800e-01
242 1.758e+32 9.331e+14 1.000e+07 1.828e-14 7.000e-01 2.800e-01
243 1.775e+32 9.418e+14 1.000e+07 1.787e-14 7.000e-01 2.800e-01
244 1.793e+32 9.505e+14 1.000e+07 1.747e-14 7.000e-01 2.800e-01
245 1.810e+32 9.593e+14 1.000e+07 1.708e-14 7.000e-01 2.800e-01
246 1.828e+32 9.682e+14 1.000e+07 1.670e-14 7.000e-01 2.800e-01
247 1.845e+32 9.772e+14 1.000e+07 1.632e-14 7.000e-01 2.800e-01
248 1.863e+32 9.863e+14 1.000e+07 1.595e-14 7.000e-01 2.800e-01
249 1.881e+32 9.954e+14 1.000e+07 1.559e-14 7.000e-01 2.800e-01
250 1.898e+32 1.005e+15 1.000e+07 1.523e-14 7.000e-01 2.800e-01
251 1.916e+32 1.014e+15 1.000e+07 1.488e-14 7.000e-01 2.800e-01
252 1.934e+32 1.023e+15 1.000e+07 1.454e-14 7.000e-01 2.800e-01
253 1.952e+32 1.033e+15 1.000e+07 1.421e-14 7.000e-01 2.800e-01
254 1.971e+32 1.042e+15 1.000e+07 1.388e-14 7.000e-01 2.800e-01
255 1.989e+32 1.052e+15 1.000e+07 1.355e-14 7.000e-01 2.800e-01
256 2.007e+32 1.062e+15 1.000e+07 1.324e-14 7.000e-01 2.800e-01
257 2.025e+32 1.072e+15 1.000e+07 1.293e-14 7.000e-01 2.800e-01
258 2.044e+32 1.082e+15 1.000e+07 1.262e-14 7.000e-01 2.800e-01
259 2.062e+32 1.092e+15 1.000e+07 1.233e-14 7.000e-01 2.800e-01
260 2.081e+32 1.102e+15 1.000e+07 1.203e-14 7.000e-01 2.800e-01
261 2.100e+32 1.112e+15 1.000e+07 1.175e-14 7.000e-01 2.800e-01
262 2.118e+32 1.122e+15 1.000e+07 1.147e-14 7.000e-01 2.800e-01
263 2.137e+32 1.133e+15 1.000e+07 1.119e-14 7.000e-01 2.800e-01
264 2.156e+32 1.143e+15 1.000e+07 1.092e-14 7.000e-01 2.800e-01
265 2.175e+32 1.154e+15 1.000e+07 1.066e-14 7.000e-01 2.800e-01
266 2.194e+32 1.164e+15 1.000e+07 1.040e-14 7.000e-01 2.800e-01
267 2.213e+32 1.175e+15 1.000e+07 1.015e-14 7.000e-01 2.800e-01
268 2.232e+32 1.186e+15 1.000e+07 9.901e-15 7.000e-01 2.800e-01
269 2.251e+32 1.197e+15 1.000e+07 9.658e-15 7.000e-01 2.800e-01
270 2.270e+32 1.208e+15 1.000e+07 9.420e-15 7.000e-01 2.800e-01
271 2.289e+32 1.219e+15 1.000e+07 9.187e-15 7.000e-01 2.800e-01
272 2.309e+32 1.231e+15 1.000e+07 8.959e-15 7.000e-01 2.800e-01
273 2.328e+32 1.242e+15 1.000e+07 8.736e-15 7.000e-01 2.800e-01
274 2.347e+32 1.254e+15 1.000e+07 8.517e-15 7.000e-01 2.800e-01
275 2.367e+32 1.265e+15 1.000e+07 8.303e-15 7.000e-01 2.800e-01
276 2.386e+32 1.277e+15 1.000e+07 8.093e-15 7.000e-01 2.800e-01
277 2.406e+32 1.289e+15 1.000e+07 7.888e-15 7.000e-01 2.800e-01
278 2.425e+32 1.301e+15 1.000e+07 7.687e-15 7.000e-01 2.800e-01
279 2.445e+32 1.313e+15 1.000e+07 7.490e-15 7.000e-01 2.800e-01
280 2.464e+32 1.325e+15 1.000e+07 7.298e-15 7.000e-01 2.800e-01
281 2.484e+32 1.337e+15 1.000e+07 7.110e-15 7.000e-01 2.800e-01
282 2.504e+32 1.350e+15 1.000e+07 6.926e-15 7.000e-01 2.800e-01
283 2.523e+32 1.362e+15 1.000e+07 6.746e-15 7.000e-01 2.800e-01
284 2.543e+32 1.375e+15 1.000e+07 6.569e-15 7.000e-01 2.800e-01
285 2.563e+32 1.388e+15 1.000e+07 6.397e-15 7.000e-01 2.800e-01
286 2.583e+32 1.401e+15 1.000e+07 6.228e-15 7.000e-01 2.800e-01
287 2.602e+32 1.414e+15 1.000e+07 6.063e-15 7.000e-01 2.800e-01
288 2.622e+32 1.427e+15 1.000e+07 5.902e-15 7.000e-01 2.800e-01
289 2.642e+32 1.440e+15 1.000e+07 5.745e-15 7.000e-01 2.800e-01
290 2.662e+32 1.453e+15 1.000e+07 5.590e-15 7.000e-01 2.800e-01
291 2.682e+32 1.467e+15 1.000e+07 5.440e-15 7.000e-01 2.800e-01
292 2.701e+32 1.480e+15 1.000e+07 5.293e-15 7.000e-01 2.800e-01
293 2.721e+32 1.494e+15 1.000e+07 5.149e-15 7.000e-01 2.800e-01
294 2.741e+32 1.508e+15 1.000e+07 5.008e-15 7.000e-01 2.800e-01
295 2.761e+32 1.522e+15 1.000e+07 4.871e-15 7.000e-01 2.800e-01
296 2.781e+32 1.536e+15 1.000e+07 4.736e-15 7.000e-01 2.800e-01
297 2.801e+32 1.550e+15 1.000e+07 4.605e-15 7.000e-01 2.800e-01
298 2.820e+32 1.565e+15 1.000e+07 4.477e-15 7.000e-01 2.800e-01
299 2.840e+32 1.579e+15 1.000e+07 4.352e-15 7.000e-01 2.800e-01
300 2.860e+32 1.594e+15 1.000e+07 4.230e-15 7.000e-01 2.800e-01
301 2.880e+32 1.608e+15 1.000e+07 4.110e-15 7.000e-01 2.800e-01
302 2.899e+32 1.623e+15 1.000e+07 3.994e-15 7.000e-01 2.800e-01
303 2.919e+32 1.638e+15 1.000e+07 3.880e-15 7.000e-01 2.800e-01
304 2.939e+32 1.654e+15 1.000e+07 3.769e-15 7.000e-01 2.800e-01
305 2.958e+32 1.669e+15 1.000e+07 3.661e-15 7.000e-01 2.800e-01
306 2.978e+32 1.684e+15 1.000e+07 3.555e-15 7.000e-01 2.800e-01
307 2.998e+32 1.700e+15 1.000e+07 3.452e-15 7.000e-01 2.800e-01
308 3.017e+32 1.716e+15 1.000e+07 3.351e-15 7.000e-01 2.800e-01
309 3.037e+32 1.732e+15 1.000e+07 3.253e-15 7.000e-01 2.800e-01
310 3.056e+32 1.748e+15 1.000e+07 3.157e-15 7.000e-01 2.800e-01
311 3.075e+32 1.764e+15 1.000e+07 3.064e-15 7.000e-01 2.800e-01
312 3.095e+32 1.780e+15 1.000e+07 2.972e-15 7.000e-01 2.800e-01
313 3.114e+32 1.797e+15 1.000e+07 2.884e-15 7.000e-01 2.800e-01
314 3.133e+32 1.813e+15 1.000e+07 2.797e-15 7.000e-01 2.800e-01
315 3.153e+32 1.830e+15 1.000e+07 2.713e-15 7.000e-01 2.800e-01
316 3.172e+32 1.847e+15 1.000e+07 2.630e-15 7.000e-01 2.800e-01
317 3.191e+32 1.864e+15 1.000e+07 2.550e-15 7.000e-01 2.800e-01
318 3.210e+32 1.882e+15 1.000e+07 2.472e-15 7.000e-01 2.800e-01
319 3.229e+32 1.899e+15 1.000e+07 2.396e-15 7.000e-01 2.800e-01
320 3.248e+32 1.917e+15 1.000e+07 2.322e-15 7.000e-01 2.800e-01
321 3.266e+32 1.935e+15 1.000e+07 2.249e-15 7.000e-01 2.800e-01
322 3.285e+32 1.952e+15 1.000e+07 2.179e-15 7.000e-01 2.800e-01
323 3.304e+32 1.971e+15 1.000e+07 2.110e-15 7.000e-01 2.800e-01
324 3.322e+32 1.989e+15 1.000e+07 2.044e-15 7.000e-01 2.800e-01
325 3.341e+32 2.007e+15 1.000e+07 1.979e-15 7.000e-01 2.800e-01
326 3.359e+32 2.026e+15 1.000e+07 1.916e-15 7.000e-01 2.800e-01
327 3.378e+32 2.045e+15 1.000e+07 1.854e-15 7.000e-01 2.800e-01
328 3.396e+32 2.064e+15 1.000e+07 1.794e-15 7.000e-01 2.800e-01
329 3.414e+32 2.083e+15 1.000e+07 1.736e-15 7.000e-01 2.800e-01
330 3.432e+32 2.102e+15 1.000e+07 1.679e-15 7.000e-01 2.800e-01
331 3.450e+32 2.122e+15 1.000e+07 1.624e-15 7.000e-01 2.800e-01
332 3.468e+32 2.141e+15 1.000e+07 1.571e-15 7.000e-01 2.800e-01
333 3.485e+32 2.161e+15 1.000e+07 1.519e-15 7.000e-01 2.800e-01
334 3.503e+32 2.181e+15 1.000e+07 1.468e-15 7.000e-01 2.800e-01
335 3.520e+32 2.201e+15 1.000e+07 1.419e-15 7.000e-01 2.800e-01
336 3.538e+32 2.222e+15 1.000e+07 1.371e-15 7.000e-01 2.800e-01
337 3.555e+32 2.242e+15 1.000e+07 1.325e-15 7.000e-01 2.800e-01
338 3.572e+32 2.263e+15 1.000e+07 1.280e-15 7.000e-01 2.800e-01
339 3.589e+32 2.284e+15 1.000e+07 1.236e-15 7.000e-01 2.800e-01
340 3.606e+32 2.305e+15 1.000e+07 1.193e-15 7.000e-01 2.800e-01
341 3.623e+32 2.327e+15 1.000e+07 1.152e-15 7.000e-01 2.800e-01
342 3.639e+32 2.348e+15 1.000e+07 1.112e-15 7.000e-01 2.800e-01
343 3.656e+32 2.370e+15 1.000e+07 1.073e-15 7.000e-01 2.800e-01
344 3.672e+32 2.392e+15 1.000e+07 1.035e-15 7.000e-01 2.800e-01
345 3.688e+32 2.414e+15 1.000e+07 9.987e-16 7.000e-01 2.800e-01
346 3.704e+32 2.437e+15 1.000e+07 9.632e-16 7.000e-01 2.800e-01
347 3.720e+32 2.459e+15 1.000e+07 9.287e-16 7.000e-01 2.800e-01
348 3.736e+32 2.482e+15 1.000e+07 8.953e-16 7.000e-01 2.800e-01
349 3.752e+32 2.505e+15 1.000e+07 8.629e-16 7.000e-01 2.800e-01
350 3.767e+32 2.528e+15 1.000e+07 8.315e-16 7.000e-01 2.800e-01
351 3.783e+32 2.552e+15 1.000e+07 8.011e-16 7.000e-01 2.800e-01
352 3.798e+32 2.575e+15 1.000e+07 7.716e-16 7.000e-01 2.800e-01
353 3.813e+32 2.599e+15 1.000e+07 7.430e-16 7.000e-01 2.800e-01
354 3.828e+32 2.623e+15 1.000e+07 7.154e-16 7.000e-01 2.800e-01
355 3.843e+32 2.648e+15 1.000e+07 6.886e-16 7.000e-01 2.800e-01
356 3.857e+32 2.672e+15 1.000e+07 6.627e-16 7.000e-01 2.800e-01
357 3.872e+32 2.697e+15 1.000e+07 6.376e-16 7.000e-01 2.800e-01
358 3.886e+32 2.722e+15 1.000e+07 6.133e-16 7.000e-01 2.800e-01
359 3.900e+32 2.747e+15 1.000e+07 5.898e-16 7.000e-01 2.800e-01
360 3.914e+32 2.773e+15 1.000e+07 5.670e-16 7.000e-01 2.800e-01
361 3.928e+32 2.798e+15 1.000e+07 5.450e-16 7.000e-01 2.800e-01
362 3.941e+32 2.824e+15 1.000e+07 5.238e-16 7.000e-01 2.800e-01
363 3.955e+32 2.850e+15 1.000e+07 5.032e-16 7.000e-01 2.800e-01
364 3.968e+32 2.877e+15 1.000e+07 4.834e-16 7.000e-01 2.800e-01
365 3.981e+32 2.904e+15 1.000e+07 4.642e-16 7.000e-01 2.800e-01
366 3.994e+32 2.930e+15 1.000e+07 4.456e-16 7.000e-01 2.800e-01
367 4.007e+32 2.958e+15 1.000e+07 4.277e-16 7.000e-01 2.800e-01
368 4.020e+32 2.985e+15 1.000e+07 4.104e-16 7.000e-01 2.800e-01
369 4.032e+32 3.013e+15 1.000e+07 3.937e-16 7.000e-01 2.800e-01
370 4.044e+32 3.041e+15 1.000e+07 3.776e-16 7.000e-01 2.800e-01
371 4.056e+32 3.069e+15 1.000e+07 3.621e-16 7.000e-01 2.800e-01
372 4.068e+32 3.097e+15 1.000e+07 3.471e-16 7.000e-01 2.800e-01
373 4.080e+32 3.126e+15 1.000e+07 3.326e-16 7.000e-01 2.800e-01
374 4.092e+32 3.155e+15 1.000e+07 3.187e-16 7.000e-01 2.800e-01
375 4.103e+32 3.184e+15 1.000e+07 3.052e-16 7.000e-01 2.800e-01
376 4.114e+32 3.214e+15 1.000e+07 2.923e-16 7.000e-01 2.800e-01
377 4.125e+32 3.244e+15 1.000e+07 2.798e-16 7.000e-01 2.800e-01
378 4.136e+32 3.274e+15 1.000e+07 2.678e-16 7.000e-01 2.800e-01
379 4.147e+32 3.304e+15 1.000e+07 2.562e-16 7.000e-01 2.800e-01
380 4.157e+32 3.335e+15 1.000e+07 2.451e-16 7.000e-01 2.800e-01
381 4.167e+32 3.366e+15 1.000e+07 2.343e-16 7.000e-01 2.800e-01
382 4.178e+32 3.397e+15 1.000e+07 2.240e-16 7.000e-01 2.800e-01
383 4.188e+32 3.428e+15 1.000e+07 2.141e-16 7.000e-01 2.800e-01
384 4.197e+32 3.460e+15 1.000e+07 2.045e-16 7.000e-01 2.800e-01
385 4.207e+32 3.492e+15 1.000e+07 1.954e-16 7.000e-01 2.800e-01
386 4.216e+32 3.524e+15 1.000e+07 1.865e-16 7.000e-01 2.800e-01
387 4.226e+32 3.557e+15 1.000e+07 1.781e-16 7.000e-01 2.800e-01
388 4.235e+32 3.590e+15 1.000e+07 1.699e-16 7.000e-01 2.800e-01
389 4.244e+32 3.623e+15 1.000e+07 1.621e-16 7.000e-01 2.800e-01
390 4.252e+32 3.657e+15 1.000e+07 1.546e-16 7.000e-01 2.800e-01
391 4.261e+32 3.691e+15 1.000e+07 1.474e-16 7.000e-01 2.800e-01
392 4.269e+32 3.725e+15 1.000e+07 1.405e-16 7.000e-01 2.800e-01
393 4.277e+32 3.760e+15 1.000e+07 1.338e-16 7.000e-01 2.800e-01
394 4.286e+32 3.795e+15 1.000e+07 1.275e-16 7.000e-01 2.800e-01
395 4.293e+32 3.830e+15 1.000e+07 1.214e-16 7.000e-01 2.800e-01
396 4.301e+32 3.865e+15 1.000e+07 1.155e-16 7.000e-01 2.800e-01
397 4.309e+32 3.901e+15 1.000e+07 1.099e-16 7.000e-01 2.800e-01
398 4.316e+32 3.937e+15 1.000e+07 1.046e-16 7.000e-01 2.800e-01
399 4.323e+32 3.974e+15 1.000e+07 9.942e-17 7.000e-01 2.800e-01
400 4.330e+32 4.011e+15 1.000e+07 9.451e-17 7.000e-01 2.800e-01
401 4.337e+32 4.048e+15 1.000e+07 8.981e-17 7.000e-01 2.800e-01
402 4.344e+32 4.085e+15 1.000e+07 8.531e-17 7.000e-01 2.800e-01
403 4.350e+32 4.123e+15 1.000e+07 8.101e-17 7.000e-01 2.800e-01
404 4.357e+32 4.161e+15 1.000e+07 7.690e-17 7.000e-01 2.800e-01
405 4.363e+32 4.200e+15 1.000e+07 7.297e-17 7.000e-01 2.800e-01
406 4.369e+32 4.239e+15 1.000e+07 6.922e-17 7.000e-01 2.800e-01
407 4.375e+32 4.278e+15 1.000e+07 6.564e-17 7.000e-01 2.800e-01
408 4.381e+32 4.318e+15 1.000e+07 6.222e-17 7.000e-01 2.800e-01
409 4.386e+32 4.358e+15 1.000e+07 5.895e-17 7.000e-01 2.800e-01
410 4.392e+32 4.398e+15 1.000e+07 5.584e-17 7.000e-01 2.800e-01
411 4.397e+32 4.439e+15 1.000e+07 5.287e-17 7.000e-01 2.800e-01
412 4.402e+32 4.480e+15 1.000e+07 5.004e-17 7.000e-01 2.800e-01
413 4.408e+32 4.522e+15 1.000e+07 4.735e-17 7.000e-01 2.800e-01
414 4.412e+32 4.564e+15 1.000e+07 4.478e-17 7.000e-01 2.800e-01
415 4.417e+32 4.606e+15 1.000e+07 4.233e-17 7.000e-01 2.800e-01
416 4.422e+32 4.649e+15 1.000e+07 4.001e-17 7.000e-01 2.800e-01
417 4.426e+32 4.692e+15 1.000e+07 3.779e-17 7.000e-01 2.800e-01
418 4.431e+32 4.735e+15 1.000e+07 3.569e-17 7.000e-01 2.800e-01
419 4.435e+32 4.779e+15 1.000e+07 3.368e-17 7.000e-01 2.800e-01
420 4.439e+32 4.824e+15 1.000e+07 3.178e-17 7.000e-01 2.800e-01
421 4.443e+32 4.868e+15 1.000e+07 2.997e-17 7.000e-01 2.800e-01
422 4.447e+32 4.913e+15 1.000e+07 2.826e-17 7.000e-01 2.800e-01
423 4.451e+32 4.959e+15 1.000e+07 2.663e-17 7.000e-01 2.800e-01
424 4.454e+32 5.005e+15 1.000e+07 2.508e-17 7.000e-01 2.800e-01
425 4.458e+32 5.051e+15 1.000e+07 2.361e-17 7.000e-01 2.800e-01
426 4.461e+32 5.098e+15 1.000e+07 2.222e-17 7.000e-01 2.800e-01
427 4.465e+32 5.145e+15 1.000e+07 2.091e-17 7.000e-01 2.800e-01
428 4.468e+32 5.193e+15 1.000e+07 1.966e-17 7.000e-01 2.800e-01
429 4.471e+32 5.241e+15 1.000e+07 1.848e-17 7.000e-01 2.800e-01
430 4.474e+32 5.290e+15 1.000e+07 1.736e-17 7.000e-01 2.800e-01
431 4.477e+32 5.339e+15 1.000e+07 1.630e-17 7.000e-01 2.800e-01
432 4.479e+32 5.388e+15 1.000e+07 1.530e-17 7.000e-01 2.800e-01
433 4.482e+32 5.438e+15 1.000e+07 1.435e-17 7.000e-01 2.800e-01
434 4.485e+32 5.489e+15 1.000e+07 1.346e-17 7.000e-01 2.800e-01
435 4.487e+32 5.540e+15 1.000e+07 1.262e-17 7.000e-01 2.800e-01
436 4.489e+32 5.591e+15 1.000e+07 1.182e-17 7.000e-01 2.800e-01
437 4.492e+32 5.643e+15 1.000e+07 1.107e-17 7.000e-01 2.800e-01
438 4.494e+32 5.695e+15 1.000e+07 1.036e-17 7.000e-01 2.800e-01
439 4.496e+32 5.748e+15 1.000e+07 9.693e-18 7.000e-01 2.800e-01
440 4.498e+32 5.801e+15 1.000e+07 9.063e-18 7.000e-01 2.800e-01
441 4.500e+32 5.855e+15 1.000e+07 8.470e-18 7.000e-01 2.800e-01
442 4.502e+32 5.909e+15 1.000e+07 7.913e-18 7.000e-01 2.800e-01
443 4.504e+32 5.964e+15 1.000e+07 7.388e-18 7.000e-01 2.800e-01
444 4.506e+32 6.019e+15 1.000e+07 6.894e-18 7.000e-01 2.800e-01
445 4.507e+32 6.075e+15 1.000e+07 6.430e-18 7.000e-01 2.800e-01
446 4.509e+32 6.132e+15 1.000e+07 5.995e-18 7.000e-01 2.800e-01
447 4.510e+32 6.188e+15 1.000e+07 5.585e-18 7.000e-01 2.800e-01
448 4.512e+32 6.246e+15 1.000e+07 5.202e-18 7.000e-01 2.800e-01
449 4.513e+32 6.304e+15 1.000e+07 4.841e-18 7.000e-01 2.800e-01
450 4.515e+32 6.362e+15 1.000e+07 4.504e-18 7.000e-01 2.800e-01
451 4.516e+32 6.421e+15 1.000e+07 4.187e-18 7.000e-01 2.800e-01
452 4.517e+32 6.481e+15 1.000e+07 3.891e-18 7.000e-01 2.800e-01
453 4.518e+32 6.541e+15 1.000e+07 3.614e-18 7.000e-01 2.800e-01
454 4.519e+32 6.601e+15 1.000e+07 3.354e-18 7.000e-01 2.800e-01
455 4.520e+32 6.663e+15 1.000e+07 3.112e-18 7.000e-01 2.800e-01
456 4.521e+32 6.724e+15 1.000e+07 2.885e-18 7.000e-01 2.800e-01
457 4.522e+32 6.787e+15 1.000e+07 2.674e-18 7.000e-01 2.800e-01
458 4.523e+32 6.850e+15 1.000e+07 2.476e-18 7.000e-01 2.800e-01
459 4.524e+32 6.913e+15 1.000e+07 2.292e-18 7.000e-01 2.800e-01
460 4.525e+32 6.977e+15 1.000e+07 2.120e-18 7.000e-01 2.800e-01
461 4.526e+32 7.042e+15 1.000e+07 1.960e-18 7.000e-01 2.800e-01
462 4.526e+32 7.107e+15 1.000e+07 1.811e-18 7.000e-01 2.800e-01
463 4.527e+32 7.173e+15 1.000e+07 1.672e-18 7.000e-01 2.800e-01
464 4.528e+32 7.240e+15 1.000e+07 1.543e-18 7.000e-01 2.800e-01
465 4.529e+32 7.307e+15 1.000e+07 1.423e-18 7.000e-01 2.800e-01
466 4.529e+32 7.375e+15 1.000e+07 1.311e-18 7.000e-01 2.800e-01
467 4.530e+32 7.443e+15 1.000e+07 1.208e-18 7.000e-01 2.800e-01
468 4.530e+32 7.512e+15 1.000e+07 1.112e-18 7.000e-01 2.800e-01
469 4.531e+32 7.582e+15 1.000e+07 1.023e-18 7.000e-01 2.800e-01
470 4.531e+32 7.652e+15 1.000e+07 9.402e-19 7.000e-01 2.800e-01
471 4.532e+32 7.723e+15 1.000e+07 8.638e-19 7.000e-01 2.800e-01
472 4.532e+32 7.794e+15 1.000e+07 7.931e-19 7.000e-01 2.800e-01
473 4.533e+32 7.867e+15 1.000e+07 7.276e-19 7.000e-01 2.800e-01
474 4.533e+32 7.940e+15 1.000e+07 6.671e-19 7.000e-01 2.800e-01
475 4.533e+32 8.013e+15 1.000e+07 6.113e-19 7.000e-01 2.800e-01
476 4.534e+32 8.088e+15 1.000e+07 5.597e-19 7.000e-01 2.800e-01
477 4.534e+32 8.163e+15 1.000e+07 5.121e-19 7.000e-01 2.800e-01
478 4.534e+32 8.238e+15 1.000e+07 4.683e-19 7.000e-01 2.800e-01
479 4.535e+32 8.315e+15 1.000e+07 4.279e-19 7.000e-01 2.800e-01
480 4.535e+32 8.392e+15 1.000e+07 3.907e-19 7.000e-01 2.800e-01
481 4.535e+32 8.469e+15 1.000e+07 3.565e-19 7.000e-01 2.800e-01
482 4.535e+32 8.548e+15 1.000e+07 3.250e-19 7.000e-01 2.800e-01
483 4.536e+32 8.627e+15 1.000e+07 2.961e-19 7.000e-01 2.800e-01
484 4.536e+32 8.707e+15 1.000e+07 2.696e-19 7.000e-01 2.800e-01
485 4.536e+32 8.788e+15 1.000e+07 2.453e-19 7.000e-01 2.800e-01
486 4.536e+32 8.869e+15 1.000e+07 2.230e-19 7.000e-01 2.800e-01
487 4.536e+32 8.952e+15 1.000e+07 2.026e-19 7.000e-01 2.800e-01
488 4.536e+32 9.035e+15 1.000e+07 1.839e-19 7.000e-01 2.800e-01
489 4.537e+32 9.118e+15 1.000e+07 1.668e-19 7.000e-01 2.800e-01
490 4.537e+32 9.203e+15 1.000e+07 1.511e-19 7.000e-01 2.800e-01
491 4.537e+32 9.288e+15 1.000e+07 1.369e-19 7.000e-01 2.800e-01
492 4.537e+32 9.374e+15 1.000e+07 1.238e-19 7.000e-01 2.800e-01
493 4.537e+32 9.461e+15 1.000e+07 1.120e-19 7.000e-01 2.800e-01
494 4.537e+32 9.549e+15 1.000e+07 1.012e-19 7.000e-01 2.800e-01
495 4.537e+32 9.638e+15 1.000e+07 9.132e-20 7.000e-01 2.800e-01
496 4.537e+32 9.727e+15 1.000e+07 8.236e-20 7.000e-01 2.800e-01
497 4.537e+32 9.817e+15 1.000e+07 7.423e-20 7.000e-01 2.800e-01
498 4.538e+32 9.908e+15 1.000e+07 6.684e-20 7.000e-01 2.800e-01
499 4.538e+32 1.000e+16 1.000e+07 6.013e-20 7.000e-01 2.800e-01
