-8.0 -7.5 -7.0 -6.5 -6.0 -5.5 -5.0 -4.5 -4.0 -3.5 -3.0 -2.5 -2.0 -1.5
3.200000 -4.985900 -4.579700 -3.941700 -3.246200 -2.700900 -2.428200 -2.341600 -2.315400 -2.306300 -2.302500 -2.300700 -2.299800 -2.299000 -2.298100
3.250000 -5.074600 -5.055900 -4.982800 -4.758100 -4.297900 -3.620200 -2.906000 -2.366600 -2.093300 -1.998000 -1.966800 -1.955300 -1.950300 -1.947800
3.300000 -4.964000 -4.996400 -5.001800 -4.989700 -4.947200 -4.812500 -4.480500 -3.910000 -3.197500 -2.544900 -2.107900 -1.909400 -1.840200 -1.816000
3.350000 -4.539200 -4.637400 -4.735900 -4.818900 -4.869100 -4.880000 -4.849700 -4.732800 -4.419400 -3.860300 -3.163600 -2.504800 -2.016200 -1.754200
3.400000 -4.237600 -4.280500 -4.340700 -4.417400 -4.508000 -4.603100 -4.685600 -4.733400 -4.723500 -4.608300 -4.285700 -3.727700 -3.041300 -2.394200
3.450000 -4.172000 -4.156600 -4.147200 -4.152700 -4.179500 -4.226100 -4.288000 -4.357400 -4.415400 -4.432400 -4.373500 -4.181700 -3.782300 -3.221000
3.500000 -4.110400 -4.135100 -4.137100 -4.123400 -4.100300 -4.075300 -4.057600 -4.051100 -4.044800 -4.016500 -3.950000 -3.833100 -3.644300 -3.357900
3.550000 -3.661900 -3.804000 -3.921500 -4.006400 -4.053400 -4.063400 -4.041900 -3.990400 -3.902000 -3.768400 -3.591500 -3.379900 -3.138400 -2.875200
3.600000 -2.897700 -3.105300 -3.299500 -3.479000 -3.640600 -3.777800 -3.878100 -3.923200 -3.890400 -3.756000 -3.512500 -3.188200 -2.832800 -2.481400
3.650000 -2.059900 -2.290900 -2.515100 -2.729500 -2.931700 -3.119200 -3.285800 -3.420200 -3.497400 -3.481700 -3.343800 -3.074000 -2.700100 -2.277100
3.700000 -1.309900 -1.534400 -1.762900 -1.990600 -2.212700 -2.425700 -2.621300 -2.787300 -2.895800 -2.914800 -2.827000 -2.644700 -2.386400 -2.060900
3.750000 -0.760400 -0.920500 -1.112200 -1.320800 -1.535700 -1.747500 -1.947100 -2.116400 -2.225100 -2.238700 -2.149700 -1.982400 -1.767300 -1.519500
3.800000 -0.562300 -0.599400 -0.676700 -0.797800 -0.950700 -1.118100 -1.281700 -1.419800 -1.503900 -1.508600 -1.427700 -1.280600 -1.092300 -0.879300
3.850000 -0.537800 -0.532100 -0.527700 -0.529400 -0.549100 -0.596200 -0.659100 -0.715300 -0.742700 -0.725200 -0.656300 -0.541000 -0.390100 -0.212800
3.900000 -0.538800 -0.529200 -0.511700 -0.477200 -0.416100 -0.326600 -0.221900 -0.125400 -0.043100 0.032600 0.112400 0.206100 0.319200 0.455100
3.950000 -0.540700 -0.533800 -0.517000 -0.479000 -0.402100 -0.265700 -0.059000 0.198100 0.448800 0.644100 0.785800 0.896600 0.997400 1.103500
4.000000 -0.525800 -0.532100 -0.527100 -0.500900 -0.434300 -0.296200 -0.063900 0.261700 0.635500 0.980900 1.248200 1.435500 1.570500 1.681300
4.050000 -0.499500 -0.499900 -0.499600 -0.487600 -0.438600 -0.316500 -0.090700 0.246100 0.659600 1.090100 1.481200 1.789300 2.008400 2.162800
4.100000 -0.498200 -0.495500 -0.489500 -0.473400 -0.431600 -0.332400 -0.138000 0.173400 0.581100 1.037300 1.495200 1.911700 2.245200 2.484600
4.150000 -0.483500 -0.473900 -0.462400 -0.443600 -0.399600 -0.302500 -0.123700 0.154000 0.528100 0.973100 1.448900 1.917100 2.340000 2.681300
4.200000 -0.489700 -0.477200 -0.458900 -0.433600 -0.388600 -0.298500 -0.131700 0.130100 0.480700 0.897100 1.360600 1.847800 2.326900 2.757900
4.250000 -0.487400 -0.478400 -0.462100 -0.435900 -0.387600 -0.297400 -0.142000 0.100100 0.437400 0.851800 1.309800 1.793500 2.293300 2.778500
4.300000 -0.480700 -0.471100 -0.455900 -0.431400 -0.387700 -0.302800 -0.149800 0.089600 0.418200 0.828500 1.293800 1.783600 2.282800 2.785700
4.350000 -0.470100 -0.459000 -0.437900 -0.405400 -0.356300 -0.271900 -0.124300 0.111900 0.440900 0.848800 1.312300 1.808400 2.313700 2.815400
4.400000 -0.452600 -0.447000 -0.429100 -0.394900 -0.339700 -0.252600 -0.113400 0.111000 0.441400 0.864300 1.339300 1.840200 2.357300 2.874500
4.450000 -0.443300 -0.431400 -0.409200 -0.371900 -0.308900 -0.214100 -0.074800 0.139800 0.457600 0.875800 1.362200 1.880800 2.408100 2.933000
4.500000 -0.424200 -0.411600 -0.391100 -0.354100 -0.284300 -0.174500 -0.020800 0.199700 0.512100 0.917700 1.396800 1.921200 2.461700 2.998300
4.55 -0.425 -0.413 -0.394 -0.358 -0.283 -0.153 0.030 0.268 0.582 0.980 1.449 1.962 2.495 3.047
4.60 -0.428 -0.415 -0.396 -0.360 -0.288 -0.157 0.051 0.340 0.693 1.097 1.553 2.049 2.570 3.114
4.65 -0.425 -0.415 -0.398 -0.365 -0.298 -0.170 0.040 0.349 0.747 1.192 1.655 2.138 2.641 3.164
4.70 -0.423 -0.412 -0.395 -0.366 -0.307 -0.189 0.015 0.318 0.714 1.181 1.679 2.177 2.674 3.179
4.75 -0.424 -0.410 -0.392 -0.366 -0.313 -0.209 -0.021 0.268 0.652 1.109 1.611 2.132 2.647 3.149
4.80 -0.423 -0.410 -0.393 -0.366 -0.316 -0.220 -0.046 0.225 0.590 1.028 1.514 2.033 2.564 3.081
4.85 -0.425 -0.413 -0.395 -0.367 -0.319 -0.230 -0.068 0.187 0.532 0.953 1.427 1.937 2.469 2.997
4.90 -0.418 -0.407 -0.390 -0.363 -0.315 -0.229 -0.078 0.164 0.496 0.904 1.368 1.873 2.401 2.931
4.95 -0.404 -0.393 -0.376 -0.350 -0.305 -0.221 -0.076 0.154 0.478 0.879 1.336 1.835 2.359 2.888
5.00 -0.374 -0.367 -0.354 -0.330 -0.287 -0.207 -0.068 0.155 0.475 0.875 1.328 1.824 2.344 2.869
5.05 -0.319 -0.311 -0.300 -0.281 -0.243 -0.169 -0.035 0.181 0.496 0.891 1.340 1.834 2.348 2.863
5.10 -0.264 -0.251 -0.235 -0.211 -0.174 -0.106 0.016 0.215 0.509 0.896 1.350 1.840 2.348 2.859
5.15 -0.231 -0.203 -0.172 -0.137 -0.090 -0.017 0.101 0.287 0.565 0.936 1.376 1.855 2.347 2.837
5.20 -0.233 -0.194 -0.150 -0.100 -0.035 0.055 0.186 0.374 0.637 0.983 1.403 1.865 2.335 2.791
5.25 -0.276 -0.230 -0.177 -0.113 -0.032 0.076 0.223 0.422 0.678 1.004 1.404 1.847 2.293 2.716
5.30 -0.326 -0.277 -0.219 -0.149 -0.061 0.058 0.218 0.429 0.694 1.015 1.392 1.808 2.228 2.618
5.35 -0.386 -0.346 -0.292 -0.220 -0.129 -0.008 0.158 0.381 0.659 0.986 1.354 1.750 2.145 2.510
5.40 -0.426 -0.398 -0.355 -0.295 -0.210 -0.094 0.069 0.298 0.592 0.932 1.299 1.680 2.057 2.400
5.45 -0.451 -0.434 -0.405 -0.357 -0.283 -0.173 -0.013 0.214 0.517 0.869 1.240 1.612 1.971 2.293
5.50 -0.460 -0.452 -0.436 -0.404 -0.347 -0.253 -0.104 0.119 0.425 0.792 1.175 1.545 1.889 2.194
5.55 -0.464 -0.461 -0.452 -0.434 -0.395 -0.320 -0.188 0.027 0.340 0.720 1.114 1.479 1.812 2.103
5.60 -0.466 -0.464 -0.459 -0.447 -0.424 -0.372 -0.262 -0.062 0.250 0.644 1.049 1.418 1.742 2.020
5.65 -0.467 -0.465 -0.461 -0.453 -0.438 -0.404 -0.325 -0.157 0.139 0.542 0.970 1.353 1.676 1.948
5.70 -0.468 -0.466 -0.462 -0.456 -0.444 -0.418 -0.360 -0.228 0.033 0.431 0.881 1.285 1.613 1.884
5.75 -0.468 -0.466 -0.463 -0.457 -0.447 -0.426 -0.381 -0.279 -0.057 0.322 0.783 1.208 1.551 1.824
5.80 -0.468 -0.467 -0.464 -0.458 -0.448 -0.430 -0.391 -0.305 -0.121 0.222 0.681 1.124 1.482 1.764
5.85 -0.468 -0.467 -0.465 -0.459 -0.450 -0.432 -0.396 -0.321 -0.159 0.149 0.587 1.038 1.412 1.703
5.90 -0.468 -0.467 -0.465 -0.461 -0.453 -0.436 -0.402 -0.332 -0.188 0.089 0.503 0.956 1.343 1.646
5.95 -0.467 -0.465 -0.463 -0.459 -0.452 -0.437 -0.405 -0.340 -0.205 0.050 0.441 0.885 1.280 1.594
6.00 -0.466 -0.463 -0.460 -0.456 -0.449 -0.435 -0.407 -0.346 -0.217 0.029 0.403 0.838 1.234 1.555
6.10 -0.467 -0.463 -0.457 -0.448 -0.438 -0.422 -0.397 -0.346 -0.233 -0.014 0.328 0.745 1.149 1.488
6.20 -0.471 -0.469 -0.465 -0.456 -0.440 -0.415 -0.379 -0.322 -0.221 -0.032 0.277 0.678 1.081 1.415
6.30 -0.472 -0.472 -0.470 -0.467 -0.459 -0.439 -0.395 -0.319 -0.200 -0.015 0.269 0.638 1.006 1.304
6.40 -0.473 -0.472 -0.472 -0.471 -0.468 -0.459 -0.435 -0.371 -0.237 -0.024 0.259 0.587 0.891 1.132
6.50 -0.474 -0.473 -0.473 -0.472 -0.471 -0.466 -0.453 -0.415 -0.314 -0.111 0.175 0.470 0.722 0.929
6.60 -0.474 -0.474 -0.474 -0.474 -0.473 -0.470 -0.461 -0.437 -0.370 -0.217 0.030 0.300 0.531 0.725
6.70 -0.476 -0.475 -0.475 -0.475 -0.475 -0.472 -0.466 -0.449 -0.403 -0.295 -0.104 0.129 0.343 0.537
6.80 -0.477 -0.477 -0.477 -0.477 -0.476 -0.475 -0.470 -0.458 -0.426 -0.349 -0.207 -0.019 0.176 0.370
6.90 -0.478 -0.478 -0.478 -0.478 -0.478 -0.477 -0.473 -0.464 -0.440 -0.385 -0.280 -0.129 0.045 0.237
7.00 -0.480 -0.480 -0.480 -0.480 -0.480 -0.478 -0.474 -0.466 -0.448 -0.406 -0.328 -0.209 -0.052 0.144
7.10 -0.483 -0.483 -0.483 -0.482 -0.482 -0.481 -0.477 -0.468 -0.449 -0.412 -0.349 -0.249 -0.104 0.079
7.20 -0.486 -0.486 -0.486 -0.486 -0.485 -0.485 -0.482 -0.474 -0.454 -0.418 -0.359 -0.269 -0.142 0.018
7.30 -0.490 -0.490 -0.490 -0.490 -0.490 -0.489 -0.487 -0.482 -0.466 -0.434 -0.377 -0.293 -0.186 -0.051
7.40 -0.495 -0.495 -0.495 -0.495 -0.495 -0.494 -0.493 -0.489 -0.479 -0.454 -0.405 -0.332 -0.241 -0.122
7.50 -0.501 -0.501 -0.501 -0.501 -0.501 -0.501 -0.500 -0.497 -0.490 -0.472 -0.434 -0.375 -0.296 -0.188
7.60 -0.508 -0.508 -0.508 -0.508 -0.509 -0.509 -0.508 -0.506 -0.501 -0.488 -0.459 -0.412 -0.345 -0.248
7.70 -0.518 -0.518 -0.518 -0.518 -0.518 -0.518 -0.518 -0.516 -0.513 -0.502 -0.480 -0.444 -0.390 -0.306
7.80 -0.530 -0.530 -0.530 -0.530 -0.530 -0.530 -0.530 -0.529 -0.526 -0.518 -0.501 -0.473 -0.432 -0.364
7.90 -0.544 -0.544 -0.544 -0.544 -0.545 -0.545 -0.545 -0.544 -0.542 -0.535 -0.523 -0.504 -0.476 -0.425
8.00 -0.560 -0.560 -0.560 -0.560 -0.560 -0.561 -0.561 -0.560 -0.558 -0.553 -0.545 -0.535 -0.520 -0.487
8.10 -0.580 -0.580 -0.580 -0.580 -0.580 -0.580 -0.581 -0.581 -0.579 -0.575 -0.571 -0.570 -0.569 -0.555
8.30 -0.633 -0.633 -0.633 -0.633 -0.634 -0.634 -0.634 -0.633 -0.633 -0.634 -0.639 -0.657 -0.684 -0.707
8.50 -0.704 -0.704 -0.704 -0.704 -0.704 -0.704 -0.704 -0.704 -0.705 -0.710 -0.725 -0.762 -0.803 -0.921
8.70 -0.582 -0.753 -0.785 -0.789 -0.789 -0.789 -0.789 -0.789 -0.792 -0.801 -0.827 -0.884 -0.965 -1.056
