-21.5 -21.0 -20.5 -20.0 -19.5 -19.0 -18.5 -18.0 -17.5 -17.0 -16.5 -16.0 -15.5 -15.0 -14.5
3.76 30.878 30.516 30.289 29.830 29.301 28.735 28.233 27.771 27.380 26.929 26.481 25.891 25.366 25.010 24.529
4.06 31.309 30.866 30.450 30.048 29.648 29.223 28.775 28.332 27.942 27.619 27.475 27.401 27.350 27.268 27.102
4.54 33.033 32.553 32.062 31.558 31.027 30.446 29.819 29.224 28.736 28.370 28.118 27.915 27.688 27.382 26.994
5.06 33.231 32.760 32.304 31.852 31.374 30.844 30.278 29.683 29.096 28.559 28.130 27.811 27.539 27.247 26.896
5.54 31.842 31.462 31.025 30.528 30.005 29.503 29.046 28.626 28.230 27.874 27.579 27.320 27.085 26.875 26.635
6.06 28.246 28.242 28.237 28.230 28.222 28.212 28.191 28.139 28.033 27.871 27.656 27.393 27.100 26.799 26.490
6.54 28.107 27.843 27.535 27.170 26.761 26.356 26.009 25.772 25.642 25.578 25.534 25.488 25.442 25.403 25.360
7.06 24.413 24.413 24.413 24.413 25.037 25.153 25.157 25.157 25.160 25.162 25.166 25.169 25.174 25.174 25.171
7.54 24.394 24.394 24.394 24.394 24.394 24.394 24.394 24.394 24.394 24.394 24.451 24.481 24.495 24.497 24.497
8.06 24.382 24.382 24.382 24.382 24.382 24.382 24.382 24.382 24.382 24.382 24.382 24.382 24.399 24.402 24.402
9.06 24.398 24.398 24.398 24.398 24.398 24.398 24.398 24.398 24.398 24.398 24.398 24.398 24.398 24.398 24.398
