-12.0 -11.5 -11.0 -10.5 -10.0 -9.5 -9.0 -8.5 -8.0 -7.5 -7.0 -6.5 -6.0 -5.5 -5.0 -4.5 -4.0 -3.5 -3.0 -2.5 -2.0 -1.5
3.2000 -13.582058 -13.831079 -14.073143 -14.311324 -14.520676 -14.763850 -14.841776 -14.909978 -15.059730 -15.043100 -15.024014 -15.024616 -15.037950 -15.018864 -15.049430 -15.014316 -15.037195 -15.044280 -15.027650 -15.032045 -15.009167 -15.041805
3.2500 -11.286181 -11.536150 -11.786111 -12.036005 -12.286051 -12.535776 -12.785461 -13.034344 -13.283608 -13.530342 -13.775161 -14.012251 -14.261876 -14.456392 -14.655362 -14.845558 -14.910989 -15.039378 -15.062257 -15.022344 -15.056504 -15.057107
3.3000 -9.237164 -9.487164 -9.737164 -9.987163 -10.237162 -10.487160 -10.737155 -10.987145 -11.237130 -11.487123 -11.737083 -11.987037 -12.236861 -12.486691 -12.736041 -12.985937 -13.234914 -13.481808 -13.727482 -13.970317 -14.220440 -14.458918
3.3500 -7.415035 -7.665035 -7.915035 -8.165035 -8.415035 -8.665035 -8.915035 -9.165035 -9.415035 -9.665035 -9.915034 -10.165032 -10.415032 -10.665030 -10.915021 -11.165013 -11.414986 -11.664930 -11.914912 -12.164818 -12.414679 -12.664318
3.4000 -5.795140 -6.045140 -6.295139 -6.545139 -6.795139 -7.045139 -7.295139 -7.545139 -7.795139 -8.045139 -8.295139 -8.545139 -8.795139 -9.045139 -9.295139 -9.545138 -9.795138 -10.045137 -10.295136 -10.545133 -10.795136 -11.045128
3.4500 -4.355516 -4.605501 -4.855493 -5.105489 -5.355486 -5.605485 -5.855484 -6.105484 -6.355483 -6.605483 -6.855483 -7.105483 -7.355483 -7.605483 -7.855483 -8.105483 -8.355483 -8.605483 -8.855483 -9.105483 -9.355483 -9.605483
3.5000 -3.077083 -3.326813 -3.576662 -3.826576 -4.076528 -4.326501 -4.576486 -4.826478 -5.076473 -5.326470 -5.576468 -5.826468 -6.076467 -6.326467 -6.576467 -6.826467 -7.076467 -7.326467 -7.576467 -7.826467 -8.076467 -8.326467
3.5500 -1.949051 -2.195362 -2.443286 -2.692119 -2.941463 -3.191094 -3.440887 -3.690770 -3.940704 -4.190667 -4.440647 -4.690635 -4.940628 -5.190625 -5.440623 -5.690621 -5.940621 -6.190620 -6.440620 -6.690620 -6.940620 -7.190620
3.6000 -1.017759 -1.230600 -1.459532 -1.697652 -1.940967 -2.187206 -2.435091 -2.683902 -2.933233 -3.182857 -3.432645 -3.682526 -3.932460 -4.182422 -4.432401 -4.682389 -4.932382 -5.182378 -5.432376 -5.682375 -5.932374 -6.182374
3.6500 -0.569131 -0.630300 -0.743265 -0.906247 -1.104990 -1.325709 -1.559159 -1.799837 -2.044592 -2.291642 -2.539983 -2.789050 -3.038525 -3.288230 -3.538064 -3.787971 -4.037919 -4.287889 -4.537873 -4.787863 -5.037858 -5.287855
3.7000 -0.530963 -0.533448 -0.541037 -0.562761 -0.616311 -0.719890 -0.875110 -1.068776 -1.286488 -1.518217 -1.757923 -2.002130 -2.248872 -2.497040 -2.746009 -2.995430 -3.245104 -3.494921 -3.744818 -3.994760 -4.244727 -4.494709
3.7500 -0.529845 -0.529944 -0.530258 -0.531244 -0.534319 -0.543639 -0.569774 -0.631677 -0.745510 -0.909189 -1.108382 -1.329365 -1.562966 -1.803729 -2.048532 -2.295610 -2.543966 -2.793041 -3.042522 -3.292229 -3.542065 -3.791973
3.8000 -0.529758 -0.529794 -0.529821 -0.529881 -0.530060 -0.530623 -0.532390 -0.537838 -0.553850 -0.595588 -0.682986 -0.823681 -1.007447 -1.219200 -1.447504 -1.685270 -1.928383 -2.174510 -2.422332 -2.671107 -2.920418 -3.170030
3.8500 -0.525450 -0.528288 -0.529308 -0.529648 -0.529770 -0.529849 -0.530001 -0.530451 -0.531855 -0.536204 -0.549165 -0.584056 -0.660944 -0.791254 -0.967563 -1.174735 -1.400386 -1.636646 -1.878910 -2.124558 -2.372111 -2.620735
3.9000 -0.498198 -0.503847 -0.513068 -0.521839 -0.526792 -0.528791 -0.529493 -0.529765 -0.529986 -0.530484 -0.531982 -0.536601 -0.550314 -0.586931 -0.666559 -0.799658 -0.978004 -1.186437 -1.412820 -1.649495 -1.891993 -2.137774
3.9500 -0.494683 -0.494894 -0.495543 -0.497435 -0.502191 -0.510806 -0.520136 -0.526000 -0.528522 -0.529470 -0.529968 -0.530716 -0.532800 -0.539120 -0.557472 -0.604192 -0.698685 -0.845945 -1.034255 -1.248760 -1.478649 -1.717313
4.0000 -0.494588 -0.494596 -0.494621 -0.494700 -0.494947 -0.495704 -0.497882 -0.503177 -0.512191 -0.521216 -0.526551 -0.528846 -0.529967 -0.531356 -0.534988 -0.545713 -0.575255 -0.643211 -0.763963 -0.933077 -1.135741 -1.358762
4.0500 -0.494584 -0.494585 -0.494586 -0.494591 -0.494604 -0.494647 -0.494782 -0.495200 -0.496456 -0.499857 -0.507051 -0.516754 -0.524287 -0.528146 -0.530274 -0.533162 -0.540755 -0.562155 -0.614989 -0.717635 -0.872057 -1.065192
4.1000 -0.494584 -0.494584 -0.494584 -0.494585 -0.494586 -0.494589 -0.494599 -0.494632 -0.494734 -0.495053 -0.496023 -0.498744 -0.504967 -0.514502 -0.523043 -0.528123 -0.531860 -0.538609 -0.556738 -0.602658 -0.695975 -0.842159
4.1500 -0.494580 -0.494583 -0.494584 -0.494584 -0.494584 -0.494585 -0.494586 -0.494589 -0.494600 -0.494633 -0.494738 -0.495065 -0.496059 -0.498841 -0.505181 -0.514872 -0.523762 -0.530071 -0.537736 -0.555729 -0.600672 -0.692479
4.2000 -0.494087 -0.494425 -0.494534 -0.494568 -0.494579 -0.494583 -0.494584 -0.494585 -0.494586 -0.494591 -0.494605 -0.494650 -0.494791 -0.495229 -0.496543 -0.500095 -0.507605 -0.517967 -0.527469 -0.537641 -0.558214 -0.607269
4.2500 -0.478791 -0.487003 -0.491705 -0.493611 -0.494270 -0.494484 -0.494553 -0.494574 -0.494581 -0.494584 -0.494588 -0.494596 -0.494620 -0.494698 -0.494940 -0.495685 -0.497846 -0.503223 -0.512968 -0.524828 -0.538700 -0.564809
4.3000 -0.462900 -0.464655 -0.469065 -0.477054 -0.485684 -0.491084 -0.493383 -0.494194 -0.494460 -0.494545 -0.494573 -0.494583 -0.494591 -0.494609 -0.494662 -0.494830 -0.495352 -0.496912 -0.501109 -0.510025 -0.523555 -0.542243
4.3500 -0.462047 -0.462123 -0.462361 -0.463090 -0.465180 -0.470219 -0.478653 -0.486903 -0.491659 -0.493594 -0.494264 -0.494483 -0.494554 -0.494581 -0.494602 -0.494650 -0.494796 -0.495247 -0.496615 -0.500440 -0.509317 -0.525039
4.4000 -0.462014 -0.462018 -0.462031 -0.462074 -0.462209 -0.462626 -0.463873 -0.467217 -0.474124 -0.483089 -0.489730 -0.492863 -0.494019 -0.494405 -0.494534 -0.494589 -0.494650 -0.494807 -0.495287 -0.496749 -0.500908 -0.511034
4.4500 -0.462012 -0.462012 -0.462013 -0.462017 -0.462027 -0.462061 -0.462166 -0.462494 -0.463487 -0.466237 -0.472346 -0.481232 -0.488635 -0.492418 -0.493867 -0.494362 -0.494540 -0.494652 -0.494866 -0.495487 -0.497370 -0.502754
4.5000 -0.462012 -0.462012 -0.462012 -0.462012 -0.462013 -0.462017 -0.462028 -0.462063 -0.462174 -0.462518 -0.463558 -0.466421 -0.472694 -0.481616 -0.488871 -0.492519 -0.493912 -0.494408 -0.494654 -0.495003 -0.495959 -0.498826
4.5500 -0.462012 -0.462012 -0.462012 -0.462012 -0.462012 -0.462012 -0.462014 -0.462019 -0.462034 -0.462082 -0.462233 -0.462701 -0.464089 -0.467744 -0.475011 -0.483932 -0.490197 -0.493068 -0.494158 -0.494671 -0.495313 -0.497006
4.6000 -0.462012 -0.462012 -0.462012 -0.462012 -0.462012 -0.462012 -0.462012 -0.462013 -0.462015 -0.462024 -0.462050 -0.462133 -0.462393 -0.463185 -0.465437 -0.470759 -0.479353 -0.487412 -0.491931 -0.493831 -0.494785 -0.496047
4.6500 -0.462012 -0.462012 -0.462012 -0.462012 -0.462012 -0.462012 -0.462012 -0.462012 -0.462012 -0.462014 -0.462020 -0.462038 -0.462094 -0.462270 -0.462814 -0.464411 -0.468509 -0.476229 -0.485029 -0.490851 -0.493600 -0.495239
4.7000 -0.462012 -0.462012 -0.462012 -0.462012 -0.462012 -0.462012 -0.462012 -0.462012 -0.462012 -0.462012 -0.462014 -0.462018 -0.462033 -0.462079 -0.462222 -0.462668 -0.463994 -0.467516 -0.474644 -0.483646 -0.490250 -0.493785
4.7500 -0.462012 -0.462012 -0.462012 -0.462012 -0.462012 -0.462012 -0.462012 -0.462012 -0.462012 -0.462012 -0.462012 -0.462014 -0.462018 -0.462032 -0.462076 -0.462214 -0.462644 -0.463925 -0.467349 -0.474379 -0.483479 -0.490486
4.8000 -0.462012 -0.462012 -0.462012 -0.462012 -0.462012 -0.462012 -0.462012 -0.462012 -0.462012 -0.462012 -0.462012 -0.462012 -0.462014 -0.462019 -0.462034 -0.462084 -0.462238 -0.462717 -0.464138 -0.467875 -0.475308 -0.484592
4.8500 -0.462012 -0.462012 -0.462012 -0.462012 -0.462012 -0.462012 -0.462012 -0.462012 -0.462012 -0.462012 -0.462012 -0.462012 -0.462013 -0.462015 -0.462021 -0.462041 -0.462104 -0.462302 -0.462911 -0.464691 -0.469191 -0.477496
4.9000 -0.462012 -0.462012 -0.462012 -0.462012 -0.462012 -0.462012 -0.462012 -0.462012 -0.462012 -0.462012 -0.462012 -0.462012 -0.462012 -0.462013 -0.462016 -0.462025 -0.462054 -0.462146 -0.462432 -0.463304 -0.465779 -0.471613
4.9500 -0.462012 -0.462012 -0.462012 -0.462012 -0.462012 -0.462012 -0.462012 -0.462012 -0.462012 -0.462012 -0.462012 -0.462012 -0.462012 -0.462012 -0.462014 -0.462019 -0.462034 -0.462081 -0.462230 -0.462693 -0.464079 -0.467814
5.0000 -0.462012 -0.462012 -0.462012 -0.462012 -0.462012 -0.462012 -0.462012 -0.462012 -0.462012 -0.462012 -0.462012 -0.462012 -0.462012 -0.462012 -0.462013 -0.462016 -0.462024 -0.462052 -0.462138 -0.462408 -0.463237 -0.465635
5.0500 -0.462012 -0.462012 -0.462012 -0.462012 -0.462012 -0.462012 -0.462012 -0.462012 -0.462012 -0.462012 -0.462012 -0.462012 -0.462012 -0.462012 -0.462012 -0.462014 -0.462020 -0.462037 -0.462092 -0.462266 -0.462805 -0.464425
5.1000 -0.462012 -0.462012 -0.462012 -0.462012 -0.462012 -0.462012 -0.462012 -0.462012 -0.462012 -0.462012 -0.462012 -0.462012 -0.462012 -0.462012 -0.462012 -0.462013 -0.462017 -0.462030 -0.462068 -0.462191 -0.462573 -0.463747
5.1500 -0.462012 -0.462012 -0.462012 -0.462012 -0.462012 -0.462012 -0.462012 -0.462012 -0.462012 -0.462012 -0.462012 -0.462012 -0.462012 -0.462012 -0.462012 -0.462013 -0.462016 -0.462025 -0.462055 -0.462149 -0.462444 -0.463358
5.2000 -0.462012 -0.462012 -0.462012 -0.462012 -0.462012 -0.462012 -0.462012 -0.462012 -0.462012 -0.462012 -0.462012 -0.462012 -0.462012 -0.462012 -0.462012 -0.462013 -0.462015 -0.462023 -0.462048 -0.462125 -0.462370 -0.463134
5.2500 -0.462012 -0.462012 -0.462012 -0.462012 -0.462012 -0.462012 -0.462012 -0.462012 -0.462012 -0.462012 -0.462012 -0.462012 -0.462012 -0.462012 -0.462012 -0.462013 -0.462015 -0.462022 -0.462043 -0.462112 -0.462329 -0.463008
5.3000 -0.462012 -0.462012 -0.462012 -0.462012 -0.462012 -0.462012 -0.462012 -0.462012 -0.462012 -0.462012 -0.462012 -0.462012 -0.462012 -0.462012 -0.462012 -0.462013 -0.462015 -0.462021 -0.462041 -0.462105 -0.462308 -0.462943
5.3500 -0.462012 -0.462012 -0.462012 -0.462012 -0.462012 -0.462012 -0.462012 -0.462012 -0.462012 -0.462012 -0.462012 -0.462012 -0.462012 -0.462012 -0.462012 -0.462013 -0.462015 -0.462021 -0.462041 -0.462103 -0.462300 -0.462920
5.4000 -0.462012 -0.462012 -0.462012 -0.462012 -0.462012 -0.462012 -0.462012 -0.462012 -0.462012 -0.462012 -0.462012 -0.462012 -0.462012 -0.462012 -0.462012 -0.462013 -0.462015 -0.462021 -0.462041 -0.462104 -0.462303 -0.462929
5.4500 -0.462012 -0.462012 -0.462012 -0.462012 -0.462012 -0.462012 -0.462012 -0.462012 -0.462012 -0.462012 -0.462012 -0.462012 -0.462012 -0.462012 -0.462012 -0.462013 -0.462015 -0.462021 -0.462042 -0.462107 -0.462314 -0.462963
5.5000 -0.462012 -0.462012 -0.462012 -0.462012 -0.462012 -0.462012 -0.462012 -0.462012 -0.462012 -0.462012 -0.462012 -0.462012 -0.462012 -0.462012 -0.462012 -0.462013 -0.462015 -0.462022 -0.462044 -0.462113 -0.462332 -0.463022
5.5500 -0.462012 -0.462012 -0.462012 -0.462012 -0.462012 -0.462012 -0.462012 -0.462012 -0.462012 -0.462012 -0.462012 -0.462012 -0.462012 -0.462012 -0.462012 -0.462013 -0.462015 -0.462023 -0.462046 -0.462121 -0.462358 -0.463102
5.6000 -0.462012 -0.462012 -0.462012 -0.462012 -0.462012 -0.462012 -0.462012 -0.462012 -0.462012 -0.462012 -0.462012 -0.462012 -0.462012 -0.462012 -0.462012 -0.462013 -0.462015 -0.462024 -0.462050 -0.462132 -0.462391 -0.463207
5.6500 -0.462012 -0.462012 -0.462012 -0.462012 -0.462012 -0.462012 -0.462012 -0.462012 -0.462012 -0.462012 -0.462012 -0.462012 -0.462012 -0.462012 -0.462012 -0.462013 -0.462016 -0.462025 -0.462054 -0.462145 -0.462432 -0.463336
5.7000 -0.462012 -0.462012 -0.462012 -0.462012 -0.462012 -0.462012 -0.462012 -0.462012 -0.462012 -0.462012 -0.462012 -0.462012 -0.462012 -0.462012 -0.462012 -0.462013 -0.462016 -0.462027 -0.462059 -0.462161 -0.462482 -0.463494
5.7500 -0.462012 -0.462012 -0.462012 -0.462012 -0.462012 -0.462012 -0.462012 -0.462012 -0.462012 -0.462012 -0.462012 -0.462012 -0.462012 -0.462012 -0.462012 -0.462013 -0.462017 -0.462028 -0.462065 -0.462180 -0.462543 -0.463684
5.8000 -0.462012 -0.462012 -0.462012 -0.462012 -0.462012 -0.462012 -0.462012 -0.462012 -0.462012 -0.462012 -0.462012 -0.462012 -0.462012 -0.462012 -0.462012 -0.462014 -0.462018 -0.462031 -0.462072 -0.462203 -0.462615 -0.463911
5.8500 -0.462012 -0.462012 -0.462012 -0.462012 -0.462012 -0.462012 -0.462012 -0.462012 -0.462012 -0.462012 -0.462012 -0.462012 -0.462012 -0.462012 -0.462012 -0.462014 -0.462019 -0.462033 -0.462081 -0.462230 -0.462701 -0.464181
5.9000 -0.462012 -0.462012 -0.462012 -0.462012 -0.462012 -0.462012 -0.462012 -0.462012 -0.462012 -0.462012 -0.462012 -0.462012 -0.462012 -0.462012 -0.462012 -0.462014 -0.462020 -0.462037 -0.462091 -0.462262 -0.462803 -0.464501
5.9500 -0.462012 -0.462012 -0.462012 -0.462012 -0.462012 -0.462012 -0.462012 -0.462012 -0.462012 -0.462012 -0.462012 -0.462012 -0.462012 -0.462012 -0.462013 -0.462015 -0.462021 -0.462041 -0.462103 -0.462301 -0.462925 -0.464879
6.0000 -0.462012 -0.462012 -0.462012 -0.462012 -0.462012 -0.462012 -0.462012 -0.462012 -0.462012 -0.462012 -0.462012 -0.462012 -0.462012 -0.462012 -0.462013 -0.462015 -0.462022 -0.462045 -0.462118 -0.462347 -0.463068 -0.465326
