-12.0 -11.5 -11.0 -10.5 -10.0 -9.5 -9.0 -8.5 -8.0 -7.5 -7.0 -6.5 -6.0 -5.5 -5.0 -4.5 -4.0 -3.5 -3.0 -2.5 -2.0 -1.5 
3.2000 1.25117 1.25117 1.25117 1.25117 1.25117 1.25117 1.25117 1.25117 1.25117 1.25117 1.25117 1.25117 1.25117 1.25117 1.25117 1.25117 1.25117 1.25117 1.25117 1.25117 1.25117 1.25117
3.2500 1.25117 1.25117 1.25117 1.25117 1.25117 1.25117 1.25117 1.25117 1.25117 1.25117 1.25117 1.25117 1.25117 1.25117 1.25117 1.25117 1.25117 1.25117 1.25117 1.25117 1.25117 1.25117
3.3000 1.25117 1.25117 1.25117 1.25117 1.25117 1.25117 1.25117 1.25117 1.25117 1.25117 1.25117 1.25117 1.25117 1.25117 1.25117 1.25117 1.25117 1.25117 1.25117 1.25117 1.25117 1.25117
3.3500 1.25117 1.25117 1.25117 1.25117 1.25117 1.25117 1.25117 1.25117 1.25117 1.25117 1.25117 1.25117 1.25117 1.25117 1.25117 1.25117 1.25117 1.25117 1.25117 1.25117 1.25117 1.25117
3.4000 1.25117 1.25117 1.25117 1.25117 1.25117 1.25117 1.25117 1.25117 1.25117 1.25117 1.25117 1.25117 1.25117 1.25117 1.25117 1.25117 1.25117 1.25117 1.25117 1.25117 1.25117 1.25117
3.4500 1.25100 1.25108 1.25112 1.25114 1.25116 1.25116 1.25117 1.25117 1.25117 1.25117 1.25117 1.25117 1.25117 1.25117 1.25117 1.25117 1.25117 1.25117 1.25117 1.25117 1.25117 1.25117
3.5000 1.24791 1.24933 1.25014 1.25059 1.25085 1.25099 1.25107 1.25111 1.25114 1.25115 1.25116 1.25117 1.25117 1.25117 1.25117 1.25117 1.25117 1.25117 1.25117 1.25117 1.25117 1.25117
3.5500 1.20872 1.22674 1.23725 1.24328 1.24672 1.24866 1.24976 1.25038 1.25073 1.25092 1.25103 1.25109 1.25113 1.25115 1.25116 1.25117 1.25117 1.25117 1.25117 1.25117 1.25117 1.25117
3.6000 0.96259 1.05705 1.12880 1.17741 1.20795 1.22629 1.23699 1.24313 1.24663 1.24861 1.24973 1.25036 1.25072 1.25092 1.25103 1.25109 1.25113 1.25115 1.25116 1.25116 1.25117 1.25117
3.6500 0.67915 0.72255 0.79996 0.90171 1.00476 1.09032 1.15190 1.19214 1.21688 1.23152 1.24000 1.24485 1.24761 1.24916 1.25004 1.25054 1.25081 1.25097 1.25106 1.25111 1.25114 1.25115
3.7000 0.65177 0.65356 0.65901 0.67459 0.71269 0.78431 0.88337 0.98785 1.07723 1.14293 1.18647 1.21346 1.22952 1.23885 1.24420 1.24724 1.24895 1.24992 1.25047 1.25078 1.25095 1.25105
3.7500 0.65097 0.65104 0.65127 0.65197 0.65418 0.66088 0.67961 0.72351 0.80145 0.90341 1.00630 1.09150 1.15270 1.19264 1.21718 1.23170 1.24010 1.24491 1.24764 1.24918 1.25005 1.25054
3.8000 0.65091 0.65093 0.65095 0.65099 0.65112 0.65153 0.65280 0.65671 0.66821 0.69801 0.75919 0.85189 0.95729 1.05270 1.12571 1.17540 1.20673 1.22556 1.23657 1.24290 1.24650 1.24854
3.8500 0.64781 0.64985 0.65058 0.65083 0.65091 0.65097 0.65108 0.65140 0.65241 0.65554 0.66485 0.68980 0.74396 0.83132 0.93614 1.03501 1.11292 1.16703 1.20158 1.22251 1.23480 1.24188
3.9000 0.62819 0.63226 0.63890 0.64521 0.64877 0.65021 0.65072 0.65091 0.65107 0.65143 0.65250 0.65582 0.66567 0.69185 0.74785 0.83670 0.94177 1.03978 1.11641 1.16932 1.20299 1.22335
3.9500 0.62566 0.62581 0.62628 0.62764 0.63107 0.63727 0.64398 0.64820 0.65002 0.65070 0.65106 0.65159 0.65309 0.65763 0.67080 0.70411 0.76994 0.86569 0.97094 1.06381 1.13358 1.18049
4.0000 0.62559 0.62559 0.62561 0.62567 0.62585 0.62639 0.62796 0.63177 0.63827 0.64476 0.64860 0.65025 0.65106 0.65206 0.65467 0.66237 0.68352 0.73160 0.81361 0.91705 1.01847 1.10069
4.0500 0.62559 0.62559 0.62559 0.62559 0.62560 0.62563 0.62573 0.62603 0.62693 0.62938 0.63456 0.64155 0.64697 0.64975 0.65128 0.65335 0.65881 0.67416 0.71175 0.78279 0.88154 0.98613
4.1000 0.62559 0.62559 0.62559 0.62559 0.62559 0.62559 0.62560 0.62562 0.62569 0.62592 0.62662 0.62858 0.63306 0.63993 0.64608 0.64973 0.65242 0.65727 0.67028 0.70303 0.76809 0.86336
4.1500 0.62558 0.62559 0.62559 0.62559 0.62559 0.62559 0.62559 0.62559 0.62560 0.62562 0.62570 0.62593 0.62665 0.62865 0.63322 0.64020 0.64659 0.65113 0.65664 0.66955 0.70162 0.76570
4.2000 0.62523 0.62547 0.62555 0.62557 0.62558 0.62559 0.62559 0.62559 0.62559 0.62559 0.62560 0.62563 0.62574 0.62605 0.62700 0.62956 0.63496 0.64242 0.64926 0.65657 0.67133 0.70629
4.2500 0.61421 0.62013 0.62351 0.62489 0.62536 0.62551 0.62556 0.62558 0.62558 0.62559 0.62559 0.62559 0.62561 0.62567 0.62584 0.62638 0.62794 0.63181 0.63882 0.64736 0.65733 0.67605
4.3000 0.60278 0.60404 0.60721 0.61296 0.61918 0.62307 0.62472 0.62531 0.62550 0.62556 0.62558 0.62559 0.62559 0.62560 0.62564 0.62576 0.62614 0.62726 0.63029 0.63671 0.64644 0.65988
4.3500 0.60216 0.60222 0.60239 0.60291 0.60442 0.60804 0.61411 0.62005 0.62348 0.62487 0.62536 0.62551 0.62556 0.62558 0.62560 0.62563 0.62574 0.62606 0.62705 0.62980 0.63620 0.64751
4.4000 0.60214 0.60214 0.60215 0.60218 0.60228 0.60258 0.60348 0.60588 0.61085 0.61731 0.62209 0.62435 0.62518 0.62546 0.62555 0.62559 0.62563 0.62575 0.62609 0.62715 0.63014 0.63743
4.4500 0.60214 0.60214 0.60214 0.60214 0.60215 0.60217 0.60225 0.60248 0.60320 0.60518 0.60957 0.61597 0.62130 0.62403 0.62507 0.62543 0.62555 0.62564 0.62579 0.62624 0.62759 0.63147
4.5000 0.60214 0.60214 0.60214 0.60214 0.60214 0.60214 0.60215 0.60217 0.60225 0.60250 0.60325 0.60531 0.60982 0.61625 0.62147 0.62410 0.62510 0.62546 0.62564 0.62589 0.62658 0.62864
4.5500 0.60214 0.60214 0.60214 0.60214 0.60214 0.60214 0.60214 0.60214 0.60215 0.60219 0.60230 0.60263 0.60363 0.60626 0.61149 0.61791 0.62243 0.62449 0.62528 0.62565 0.62611 0.62733
4.6000 0.60214 0.60214 0.60214 0.60214 0.60214 0.60214 0.60214 0.60214 0.60214 0.60215 0.60217 0.60222 0.60241 0.60298 0.60460 0.60843 0.61462 0.62042 0.62368 0.62504 0.62573 0.62664
4.6500 0.60214 0.60214 0.60214 0.60214 0.60214 0.60214 0.60214 0.60214 0.60214 0.60214 0.60214 0.60216 0.60220 0.60232 0.60271 0.60386 0.60681 0.61237 0.61870 0.62290 0.62488 0.62606
4.7000 0.60214 0.60214 0.60214 0.60214 0.60214 0.60214 0.60214 0.60214 0.60214 0.60214 0.60214 0.60214 0.60215 0.60219 0.60229 0.60261 0.60356 0.60610 0.61123 0.61771 0.62247 0.62501
4.7500 0.60214 0.60214 0.60214 0.60214 0.60214 0.60214 0.60214 0.60214 0.60214 0.60214 0.60214 0.60214 0.60214 0.60215 0.60218 0.60228 0.60259 0.60351 0.60598 0.61104 0.61759 0.62264
4.8000 0.60214 0.60214 0.60214 0.60214 0.60214 0.60214 0.60214 0.60214 0.60214 0.60214 0.60214 0.60214 0.60214 0.60214 0.60215 0.60219 0.60230 0.60265 0.60367 0.60636 0.61171 0.61839
4.8500 0.60214 0.60214 0.60214 0.60214 0.60214 0.60214 0.60214 0.60214 0.60214 0.60214 0.60214 0.60214 0.60214 0.60214 0.60214 0.60216 0.60220 0.60235 0.60278 0.60407 0.60730 0.61328
4.9000 0.60214 0.60214 0.60214 0.60214 0.60214 0.60214 0.60214 0.60214 0.60214 0.60214 0.60214 0.60214 0.60214 0.60214 0.60214 0.60215 0.60217 0.60223 0.60244 0.60307 0.60485 0.60905
4.9500 0.60214 0.60214 0.60214 0.60214 0.60214 0.60214 0.60214 0.60214 0.60214 0.60214 0.60214 0.60214 0.60214 0.60214 0.60214 0.60214 0.60215 0.60219 0.60229 0.60263 0.60362 0.60631
5.0000 0.60214 0.60214 0.60214 0.60214 0.60214 0.60214 0.60214 0.60214 0.60214 0.60214 0.60214 0.60214 0.60214 0.60214 0.60214 0.60214 0.60215 0.60217 0.60223 0.60242 0.60302 0.60474
5.0500 0.60214 0.60214 0.60214 0.60214 0.60214 0.60214 0.60214 0.60214 0.60214 0.60214 0.60214 0.60214 0.60214 0.60214 0.60214 0.60214 0.60214 0.60216 0.60220 0.60232 0.60271 0.60387
5.1000 0.60214 0.60214 0.60214 0.60214 0.60214 0.60214 0.60214 0.60214 0.60214 0.60214 0.60214 0.60214 0.60214 0.60214 0.60214 0.60214 0.60214 0.60215 0.60218 0.60227 0.60254 0.60339
5.1500 0.60214 0.60214 0.60214 0.60214 0.60214 0.60214 0.60214 0.60214 0.60214 0.60214 0.60214 0.60214 0.60214 0.60214 0.60214 0.60214 0.60214 0.60215 0.60217 0.60224 0.60245 0.60311
5.2000 0.60214 0.60214 0.60214 0.60214 0.60214 0.60214 0.60214 0.60214 0.60214 0.60214 0.60214 0.60214 0.60214 0.60214 0.60214 0.60214 0.60214 0.60215 0.60216 0.60222 0.60240 0.60295
5.2500 0.60214 0.60214 0.60214 0.60214 0.60214 0.60214 0.60214 0.60214 0.60214 0.60214 0.60214 0.60214 0.60214 0.60214 0.60214 0.60214 0.60214 0.60214 0.60216 0.60221 0.60237 0.60285
5.3000 0.60214 0.60214 0.60214 0.60214 0.60214 0.60214 0.60214 0.60214 0.60214 0.60214 0.60214 0.60214 0.60214 0.60214 0.60214 0.60214 0.60214 0.60214 0.60216 0.60221 0.60235 0.60281
5.3500 0.60214 0.60214 0.60214 0.60214 0.60214 0.60214 0.60214 0.60214 0.60214 0.60214 0.60214 0.60214 0.60214 0.60214 0.60214 0.60214 0.60214 0.60214 0.60216 0.60220 0.60235 0.60279
5.4000 0.60214 0.60214 0.60214 0.60214 0.60214 0.60214 0.60214 0.60214 0.60214 0.60214 0.60214 0.60214 0.60214 0.60214 0.60214 0.60214 0.60214 0.60214 0.60216 0.60220 0.60235 0.60280
5.4500 0.60214 0.60214 0.60214 0.60214 0.60214 0.60214 0.60214 0.60214 0.60214 0.60214 0.60214 0.60214 0.60214 0.60214 0.60214 0.60214 0.60214 0.60214 0.60216 0.60221 0.60235 0.60282
5.5000 0.60214 0.60214 0.60214 0.60214 0.60214 0.60214 0.60214 0.60214 0.60214 0.60214 0.60214 0.60214 0.60214 0.60214 0.60214 0.60214 0.60214 0.60214 0.60216 0.60221 0.60237 0.60286
5.5500 0.60214 0.60214 0.60214 0.60214 0.60214 0.60214 0.60214 0.60214 0.60214 0.60214 0.60214 0.60214 0.60214 0.60214 0.60214 0.60214 0.60214 0.60215 0.60216 0.60222 0.60239 0.60292
5.6000 0.60214 0.60214 0.60214 0.60214 0.60214 0.60214 0.60214 0.60214 0.60214 0.60214 0.60214 0.60214 0.60214 0.60214 0.60214 0.60214 0.60214 0.60215 0.60216 0.60222 0.60241 0.60300
5.6500 0.60214 0.60214 0.60214 0.60214 0.60214 0.60214 0.60214 0.60214 0.60214 0.60214 0.60214 0.60214 0.60214 0.60214 0.60214 0.60214 0.60214 0.60215 0.60217 0.60223 0.60244 0.60309
5.7000 0.60214 0.60214 0.60214 0.60214 0.60214 0.60214 0.60214 0.60214 0.60214 0.60214 0.60214 0.60214 0.60214 0.60214 0.60214 0.60214 0.60214 0.60215 0.60217 0.60224 0.60248 0.60320
5.7500 0.60214 0.60214 0.60214 0.60214 0.60214 0.60214 0.60214 0.60214 0.60214 0.60214 0.60214 0.60214 0.60214 0.60214 0.60214 0.60214 0.60214 0.60215 0.60218 0.60226 0.60252 0.60334
5.8000 0.60214 0.60214 0.60214 0.60214 0.60214 0.60214 0.60214 0.60214 0.60214 0.60214 0.60214 0.60214 0.60214 0.60214 0.60214 0.60214 0.60214 0.60215 0.60218 0.60228 0.60257 0.60350
5.8500 0.60214 0.60214 0.60214 0.60214 0.60214 0.60214 0.60214 0.60214 0.60214 0.60214 0.60214 0.60214 0.60214 0.60214 0.60214 0.60214 0.60214 0.60215 0.60219 0.60229 0.60263 0.60370
5.9000 0.60214 0.60214 0.60214 0.60214 0.60214 0.60214 0.60214 0.60214 0.60214 0.60214 0.60214 0.60214 0.60214 0.60214 0.60214 0.60214 0.60214 0.60216 0.60219 0.60232 0.60271 0.60393
5.9500 0.60214 0.60214 0.60214 0.60214 0.60214 0.60214 0.60214 0.60214 0.60214 0.60214 0.60214 0.60214 0.60214 0.60214 0.60214 0.60214 0.60214 0.60216 0.60220 0.60235 0.60279 0.60420
6.0000 0.60214 0.60214 0.60214 0.60214 0.60214 0.60214 0.60214 0.60214 0.60214 0.60214 0.60214 0.60214 0.60214 0.60214 0.60214 0.60214 0.60215 0.60216 0.60221 0.60238 0.60290 0.60452
