1.2685E-08 8.7849E-02 6.0114E-16 1.2151E+00 1.7285E+00
4.0113E-08 8.7849E-02 1.6324E-15 1.2151E+00 1.7285E+00
1.2685E-07 8.7849E-02 5.1621E-15 1.2151E+00 1.7285E+00
4.0113E-07 8.7849E-02 1.6324E-14 1.2151E+00 1.7285E+00
1.2685E-06 8.7849E-02 5.1621E-14 1.2151E+00 1.7285E+00
4.0113E-06 8.7849E-02 1.6324E-13 1.2151E+00 1.7285E+00
1.2685E-05 8.7849E-02 5.1621E-13 1.2151E+00 1.7285E+00
4.0113E-05 8.7849E-02 1.6324E-12 1.2151E+00 1.7285E+00
1.2685E-04 8.7849E-02 5.1621E-12 1.2151E+00 1.7285E+00
4.0113E-04 8.7849E-02 1.6324E-11 1.2151E+00 1.7285E+00
1.2685E-03 8.7849E-02 5.1621E-11 1.2151E+00 1.7285E+00
4.0113E-03 8.7849E-02 1.6324E-10 1.2151E+00 1.7285E+00
1.2685E-02 8.7849E-02 5.1621E-10 1.2151E+00 1.7285E+00
4.0113E-02 8.7849E-02 1.6327E-09 1.2151E+00 1.7285E+00
1.2685E-01 8.7849E-02 5.1631E-09 1.2151E+00 1.7285E+00
