4.0020E-10 2.3272E-01 5.7918E-14 1.2151E+00 1.7285E+00
1.2655E-09 2.3272E-01 1.5691E-13 1.2151E+00 1.7285E+00
4.0020E-09 2.3272E-01 4.9620E-13 1.2151E+00 1.7285E+00
1.2655E-08 2.3272E-01 1.5691E-12 1.2151E+00 1.7285E+00
4.0020E-08 2.3272E-01 4.9620E-12 1.2151E+00 1.7285E+00
1.2655E-07 2.3272E-01 1.5691E-11 1.2151E+00 1.7285E+00
4.0020E-07 2.3272E-01 4.9620E-11 1.2151E+00 1.7285E+00
1.2655E-06 2.3272E-01 1.5691E-10 1.2151E+00 1.7285E+00
4.0020E-06 2.3272E-01 4.9620E-10 1.2151E+00 1.7285E+00
1.2655E-05 2.3272E-01 1.5691E-09 1.2151E+00 1.7285E+00
4.0020E-05 2.3272E-01 4.9620E-09 1.2151E+00 1.7285E+00
1.2655E-04 2.3272E-01 1.5691E-08 1.2151E+00 1.7285E+00
4.0020E-04 2.3272E-01 5.1402E-08 1.2151E+00 1.7285E+00
1.2655E-03 2.3272E-01 1.6450E-07 1.2151E+00 1.7285E+00
4.0020E-03 2.3272E-01 5.2023E-07 1.2151E+00 1.7285E+00
