4.0020E-13 2.9544E-01 3.0263E-05 1.2150E+00 1.7231E+00
1.2655E-12 2.9545E-01 8.1335E-05 1.2150E+00 1.7230E+00
4.0020E-12 2.9546E-01 2.4990E-04 1.2150E+00 1.7228E+00
1.2655E-11 2.9549E-01 7.2601E-04 1.2150E+00 1.7225E+00
4.0020E-11 2.9555E-01 1.8574E-03 1.2150E+00 1.7221E+00
1.2655E-10 2.9570E-01 3.8511E-03 1.2150E+00 1.7217E+00
4.0020E-10 2.9602E-01 6.6800E-03 1.2150E+00 1.7212E+00
1.2655E-09 2.9665E-01 1.2348E-02 1.2149E+00 1.7204E+00
4.0020E-09 2.9793E-01 2.6794E-02 1.2149E+00 1.7193E+00
1.2655E-08 3.0018E-01 5.6286E-02 1.2149E+00 1.7180E+00
4.0020E-08 3.0349E-01 1.0774E-01 1.2148E+00 1.7164E+00
1.2655E-07 3.0775E-01 1.8576E-01 1.2148E+00 1.7148E+00
4.0020E-07 3.1334E-01 2.9483E-01 1.2147E+00 1.7131E+00
1.2655E-06 3.2124E-01 4.5655E-01 1.2147E+00 1.7112E+00
4.0020E-06 3.3399E-01 7.1729E-01 1.2146E+00 1.7092E+00
