4.0020E-16 2.6349E-01 4.8447E+01 1.0005E+00 1.0017E+00
1.2655E-15 2.6472E-01 5.2968E+01 1.0002E+00 1.0014E+00
4.0020E-15 2.6631E-01 6.4196E+01 9.9952E-01 1.0005E+00
1.2655E-14 2.6769E-01 8.0151E+01 9.9741E-01 9.9825E-01
4.0020E-14 2.6904E-01 1.0066E+02 9.9125E-01 9.9192E-01
1.2655E-13 2.7056E-01 1.2117E+02 9.7500E-01 9.7549E-01
4.0020E-13 2.7373E-01 1.3592E+02 9.4072E-01 9.4110E-01
1.2655E-12 2.8707E-01 1.4976E+02 8.9029E-01 8.9062E-01
4.0020E-12 3.3666E-01 1.7354E+02 8.4226E-01 8.4255E-01
1.2655E-11 4.8552E-01 2.2093E+02 8.1230E-01 8.1257E-01
4.0020E-11 9.0963E-01 3.9607E+02 7.9789E-01 7.9814E-01
1.2655E-10 2.1720E+00 9.2323E+02 7.8865E-01 7.8888E-01
4.0020E-10 5.9241E+00 2.4893E+03 7.7203E-01 7.7222E-01
1.2655E-09 1.6351E+01 6.6384E+03 7.3115E-01 7.3129E-01
4.0020E-09 3.8771E+01 1.5408E+04 6.4664E-01 6.4673E-01
