1.4182E-16 2.0096E-01 7.1546E+01 7.5982E-01 7.5989E-01
4.4847E-16 1.9690E-01 8.2377E+01 7.4066E-01 7.4072E-01
1.4182E-15 1.7875E-01 1.2804E+02 6.6497E-01 6.6500E-01
4.4847E-15 1.4878E-01 1.7258E+02 5.4547E-01 5.4549E-01
1.4182E-14 1.0984E-01 1.7023E+02 3.9399E-01 3.9400E-01
4.4847E-14 7.0472E-02 1.5028E+02 2.4370E-01 2.4371E-01
1.4182E-13 5.3610E-02 1.4820E+02 1.7989E-01 1.7990E-01
4.4847E-13 3.1392E-02 1.5214E+02 9.7305E-02 9.7310E-02
1.4182E-12 2.2013E-02 1.7713E+02 6.1218E-02 6.1222E-02
4.4847E-12 1.6354E-02 2.0070E+02 3.6112E-02 3.6116E-02
1.4182E-11 1.3379E-02 2.3660E+02 1.6024E-02 1.6026E-02
4.4847E-11 1.8119E-02 2.1276E+02 1.2369E-02 1.2371E-02
1.4182E-10 2.5322E-02 1.7828E+02 5.8891E-03 5.8901E-03
4.4847E-10 4.2072E-02 2.1812E+02 3.8822E-03 3.8829E-03
1.4182E-09 5.3795E-02 2.5073E+02 2.1388E-03 2.1392E-03
