-21.4937 -20.9937 -20.4937 -19.9937 -19.4937 -18.9937 -18.4937 -17.9937 -17.4937 -16.9937 -16.4937 -15.9937 -15.4937 -14.9937 -14.4937 
3.7636 30.8754 30.4367 30.1282 29.7578 29.2519 28.6978 28.1917 27.7031 27.2691 26.8234 26.3949 25.8487 25.2720 24.8595 24.4201
4.0646 31.3092 30.8479 30.4314 30.0278 29.6268 29.2073 28.7572 28.2993 27.8633 27.4682 27.2217 27.0892 27.0200 26.9460 26.8117
4.5417 33.0337 32.5521 32.0620 31.5603 31.0344 30.4622 29.8441 29.2371 28.7277 28.3566 28.1254 27.9715 27.8003 27.5373 27.1726
5.0646 33.2338 32.7581 32.3006 31.8479 31.3762 30.8537 30.2951 29.7054 29.1111 28.5676 28.1243 27.7897 27.5113 27.2208 26.8914
5.5417 31.8421 31.4550 31.0234 30.5319 30.0110 29.5099 29.0607 28.6677 28.3138 27.9744 27.6633 27.3774 27.1126 26.8736 26.6352
6.0646 29.1048 29.0342 29.0217 28.9849 28.8928 28.7095 28.4487 28.2155 28.0520 27.8743 27.6563 27.3929 27.0935 26.7834 26.4796
6.5417 28.1097 27.8235 27.5196 27.1591 26.7513 26.3418 25.9859 25.7339 25.5964 25.5287 25.4828 25.4393 25.3932 25.3572 25.3193
7.0646 24.4212 24.3550 24.3550 24.4352 24.9594 25.1267 25.1298 25.1304 25.1327 25.1346 25.1381 25.1415 25.1453 25.1455 25.1434
7.5417 24.4003 24.3342 24.3342 24.3342 24.3342 24.3342 24.3342 24.3342 24.3342 24.3365 24.3836 24.4261 24.4380 24.4419 24.4419
8.0646 24.3867 24.3196 24.3196 24.3196 24.3196 24.3196 24.3196 24.3196 24.3196 24.3196 24.3196 24.3196 24.3349 24.3401 24.3401
9.0646 24.4019 24.3357 24.3357 24.3357 24.3357 24.3357 24.3357 24.3357 24.3357 24.3357 24.3357 24.3357 24.3357 24.3358 24.3358
