-21.4937 -20.9937 -20.4937 -19.9937 -19.4937 -18.9937 -18.4937 -17.9937 -17.4937 -16.9937 -16.4937 -15.9937 -15.4937 -14.9937 -14.4937
3.7636 -0.6969 -0.7058 -0.7478 -0.8275 -0.9592 -1.1520 -1.2708 -1.5032 -1.6573 -1.7864 -1.8736 -1.7419 -1.5965 -1.3760 -1.2693
4.0646 -0.5792 -0.5772 -0.5746 -0.5724 -0.5702 -0.5677 -0.5627 -0.5420 -0.4728 -0.3138 -0.0411 0.3369 0.7726 1.2135 1.5885
4.5417 -0.5023 -0.4991 -0.4940 -0.4872 -0.4787 -0.4678 -0.4536 -0.4235 -0.3709 -0.2711 -0.1162 0.0855 0.3429 0.6799 1.0962
5.0646 -0.3787 -0.3675 -0.3550 -0.3447 -0.3345 -0.3231 -0.3119 -0.3002 -0.2837 -0.2600 -0.2179 -0.1441 -0.0161 0.1851 0.4735
5.5417 -0.5257 -0.5254 -0.5249 -0.5243 -0.5236 -0.5228 -0.5216 -0.5196 -0.5155 -0.5066 -0.4887 -0.4513 -0.3773 -0.2492 -0.0429
6.0646 -0.5295 -0.5295 -0.5295 -0.5295 -0.5294 -0.5291 -0.5287 -0.5278 -0.5259 -0.5226 -0.5179 -0.5118 -0.5040 -0.4932 -0.4763
6.5417 -0.5322 -0.5322 -0.5322 -0.5322 -0.5322 -0.5322 -0.5322 -0.5322 -0.5322 -0.5322 -0.5321 -0.5319 -0.5315 -0.5305 -0.5286
7.0646 -0.5398 -0.5398 -0.5398 -0.5398 -0.5398 -0.5398 -0.5398 -0.5398 -0.5398 -0.5398 -0.5398 -0.5397 -0.5397 -0.5396 -0.5393
7.5417 -0.5635 -0.5635 -0.5635 -0.5635 -0.5635 -0.5635 -0.5635 -0.5635 -0.5635 -0.5635 -0.5635 -0.5635 -0.5635 -0.5635 -0.5635
8.0646 -0.6332 -0.6332 -0.6332 -0.6332 -0.6332 -0.6332 -0.6332 -0.6332 -0.6332 -0.6332 -0.6332 -0.6332 -0.6332 -0.6332 -0.6332
9.0646 -1.0563 -1.0563 -1.0563 -1.0563 -1.0563 -1.0563 -1.0563 -1.0563 -1.0563 -1.0563 -1.0563 -1.0563 -1.0563 -1.0563 -1.0563
