1.2655E-14 5.1644E-01 4.0939E+01 1.0318E+00 1.1137E+00
4.0019E-14 5.3099E-01 4.3782E+01 1.0317E+00 1.1133E+00
1.2655E-13 5.4463E-01 4.8498E+01 1.0317E+00 1.1128E+00
4.0019E-13 5.5613E-01 5.4087E+01 1.0317E+00 1.1124E+00
1.2655E-12 5.6810E-01 5.6462E+01 1.0316E+00 1.1118E+00
4.0019E-12 5.8106E-01 5.2443E+01 1.0316E+00 1.1111E+00
1.2655E-11 5.9297E-01 4.4866E+01 1.0315E+00 1.1104E+00
4.0019E-11 6.0916E-01 3.6596E+01 1.0315E+00 1.1098E+00
1.2655E-10 6.3111E-01 3.0235E+01 1.0315E+00 1.1093E+00
4.0019E-10 6.6374E-01 2.8168E+01 1.0314E+00 1.1087E+00
1.2655E-09 7.2590E-01 3.3672E+01 1.0314E+00 1.1081E+00
4.0019E-09 8.5079E-01 5.1421E+01 1.0313E+00 1.1074E+00
1.2655E-08 1.1327E+00 8.6755E+01 1.0312E+00 1.1065E+00
4.0019E-08 1.8073E+00 1.3665E+02 1.0311E+00 1.1051E+00
1.2655E-07 3.5728E+00 1.8798E+02 1.0309E+00 1.1033E+00
