4.0020E-16 3.8850E-01 4.8636E+01 1.0004E+00 1.0012E+00
1.2655E-15 3.9094E-01 5.6104E+01 1.0003E+00 1.0010E+00
4.0020E-15 3.9312E-01 6.8443E+01 1.0001E+00 1.0008E+00
1.2655E-14 3.9567E-01 8.6140E+01 9.9967E-01 1.0002E+00
4.0020E-14 4.0000E-01 1.0866E+02 9.9841E-01 9.9881E-01
1.2655E-13 4.0918E-01 1.2818E+02 9.9523E-01 9.9552E-01
4.0020E-13 4.3191E-01 1.4557E+02 9.8887E-01 9.8910E-01
1.2655E-12 4.9312E-01 1.7015E+02 9.8126E-01 9.8147E-01
4.0020E-12 6.5703E-01 2.3060E+02 9.7583E-01 9.7602E-01
1.2655E-11 1.0974E+00 3.9066E+02 9.7217E-01 9.7235E-01
4.0020E-11 2.3520E+00 9.5805E+02 9.6747E-01 9.6763E-01
1.2655E-10 6.1057E+00 2.6586E+03 9.5577E-01 9.5591E-01
4.0020E-10 1.6974E+01 7.5510E+03 9.2330E-01 9.2341E-01
1.2655E-09 4.4843E+01 1.9579E+04 8.4479E-01 8.4486E-01
4.0020E-09 9.6678E+01 4.1000E+04 7.0760E-01 7.0765E-01
