4.0020E-13 3.7423E-01 3.2806E-05 1.0340E+00 1.1544E+00
1.2655E-12 3.7424E-01 1.0241E-04 1.0340E+00 1.1543E+00
4.0020E-12 3.7427E-01 3.1222E-04 1.0340E+00 1.1542E+00
1.2655E-11 3.7430E-01 8.9302E-04 1.0340E+00 1.1540E+00
4.0020E-11 3.7439E-01 2.2218E-03 1.0340E+00 1.1537E+00
1.2655E-10 3.7457E-01 4.4368E-03 1.0340E+00 1.1535E+00
4.0020E-10 3.7498E-01 7.5644E-03 1.0340E+00 1.1531E+00
1.2655E-09 3.7585E-01 1.4276E-02 1.0339E+00 1.1525E+00
4.0020E-09 3.7757E-01 3.0857E-02 1.0339E+00 1.1518E+00
1.2655E-08 3.8041E-01 6.4214E-02 1.0339E+00 1.1508E+00
4.0020E-08 3.8452E-01 1.2146E-01 1.0339E+00 1.1497E+00
1.2655E-07 3.8978E-01 2.0699E-01 1.0338E+00 1.1486E+00
4.0020E-07 3.9657E-01 3.2699E-01 1.0338E+00 1.1474E+00
1.2655E-06 4.0600E-01 5.0446E-01 1.0337E+00 1.1461E+00
4.0020E-06 4.2098E-01 7.6966E-01 1.0337E+00 1.1449E+00
