1.2655E-11 3.6551E-01 6.6013E-12 1.0341E+00 1.1580E+00
4.0019E-11 3.6551E-01 2.0875E-11 1.0341E+00 1.1580E+00
1.2655E-10 3.6551E-01 6.6013E-11 1.0341E+00 1.1580E+00
4.0019E-10 3.6551E-01 2.7842E-10 1.0341E+00 1.1580E+00
1.2655E-09 3.6551E-01 3.3485E-09 1.0341E+00 1.1580E+00
4.0019E-09 3.6551E-01 1.2693E-08 1.0341E+00 1.1580E+00
1.2655E-08 3.6551E-01 4.0424E-08 1.0341E+00 1.1580E+00
4.0019E-08 3.6551E-01 1.2802E-07 1.0341E+00 1.1580E+00
1.2655E-07 3.6551E-01 4.0689E-07 1.0341E+00 1.1580E+00
4.0019E-07 3.6551E-01 1.2934E-06 1.0341E+00 1.1580E+00
1.2655E-06 3.6552E-01 4.1245E-06 1.0341E+00 1.1580E+00
4.0019E-06 3.6553E-01 1.3134E-05 1.0341E+00 1.1580E+00
1.2655E-05 3.6557E-01 4.1917E-05 1.0341E+00 1.1580E+00
4.0019E-05 3.6567E-01 1.3236E-04 1.0341E+00 1.1580E+00
1.2655E-04 3.6590E-01 4.1551E-04 1.0341E+00 1.1580E+00
