2.0795E-15 3.9671E-01 2.8607E+02 1.0301E+00 1.0953E+00
6.5760E-15 4.0001E-01 2.9897E+02 1.0301E+00 1.0950E+00
2.0795E-14 4.0451E-01 3.0484E+02 1.0300E+00 1.0944E+00
6.5760E-14 4.1049E-01 3.0147E+02 1.0299E+00 1.0936E+00
2.0795E-13 4.1808E-01 2.7862E+02 1.0297E+00 1.0928E+00
6.5760E-13 4.2771E-01 2.2804E+02 1.0296E+00 1.0919E+00
2.0795E-12 4.3992E-01 1.6827E+02 1.0294E+00 1.0910E+00
6.5760E-12 4.7667E-01 1.3977E+02 1.0290E+00 1.0894E+00
2.0795E-11 5.4106E-01 1.4501E+02 1.0279E+00 1.0858E+00
6.5760E-11 6.8741E-01 1.9742E+02 1.0252E+00 1.0775E+00
2.0795E-10 9.9360E-01 3.3071E+02 1.0198E+00 1.0608E+00
6.5760E-10 1.6598E+00 5.8091E+02 1.0122E+00 1.0379E+00
2.0795E-09 3.2883E+00 9.4914E+02 1.0059E+00 1.0185E+00
6.5760E-09 7.8894E+00 1.3499E+03 1.0025E+00 1.0083E+00
2.0795E-08 2.2494E+01 1.6982E+03 1.0013E+00 1.0047E+00
