6.5913E-14 3.7744E-01 1.8682E-01 1.0334E+00 1.1384E+00
2.0844E-13 3.7779E-01 2.4497E-01 1.0333E+00 1.1369E+00
6.5913E-13 3.7821E-01 2.8103E-01 1.0332E+00 1.1354E+00
2.0844E-12 3.7871E-01 2.8228E-01 1.0331E+00 1.1342E+00
6.5913E-12 3.7929E-01 2.6912E-01 1.0331E+00 1.1334E+00
2.0844E-11 3.7995E-01 2.7436E-01 1.0330E+00 1.1323E+00
6.5913E-11 3.8086E-01 3.1824E-01 1.0329E+00 1.1307E+00
2.0844E-10 3.8284E-01 4.1350E-01 1.0328E+00 1.1290E+00
6.5913E-10 3.8686E-01 5.7922E-01 1.0327E+00 1.1278E+00
2.0844E-09 3.9508E-01 8.5315E-01 1.0326E+00 1.1270E+00
6.5913E-09 4.1211E-01 1.3446E+00 1.0326E+00 1.1262E+00
2.0844E-08 4.4847E-01 2.2328E+00 1.0325E+00 1.1251E+00
6.5913E-08 5.2622E-01 3.9030E+00 1.0324E+00 1.1235E+00
2.0844E-07 6.9162E-01 7.1469E+00 1.0323E+00 1.1217E+00
6.5913E-07 1.0563E+00 1.2444E+01 1.0322E+00 1.1202E+00
