6.5913E-11 3.4605E-01 7.0621E-13 1.0341E+00 1.1580E+00
2.0844E-10 3.4605E-01 2.2332E-12 1.0341E+00 1.1580E+00
6.5913E-10 3.4605E-01 7.0621E-12 1.0341E+00 1.1580E+00
2.0844E-09 3.4605E-01 2.2332E-11 1.0341E+00 1.1580E+00
6.5913E-09 3.4605E-01 7.0621E-11 1.0341E+00 1.1580E+00
2.0844E-08 3.4605E-01 2.2332E-10 1.0341E+00 1.1580E+00
6.5913E-08 3.4605E-01 7.0621E-10 1.0341E+00 1.1580E+00
2.0844E-07 3.4605E-01 2.2332E-09 1.0341E+00 1.1580E+00
6.5913E-07 3.4605E-01 7.0621E-09 1.0341E+00 1.1580E+00
2.0844E-06 3.4605E-01 2.2569E-08 1.0341E+00 1.1580E+00
6.5913E-06 3.4605E-01 8.2934E-08 1.0341E+00 1.1580E+00
2.0844E-05 3.4605E-01 2.7755E-07 1.0341E+00 1.1580E+00
6.5913E-05 3.4605E-01 9.0688E-07 1.0341E+00 1.1580E+00
2.0844E-04 3.4605E-01 2.8779E-06 1.0341E+00 1.1580E+00
6.5913E-04 3.4605E-01 9.0977E-06 1.0341E+00 1.1580E+00
