1.4182E-16 3.6207E-01 7.2811E+01 9.3009E-01 9.3014E-01
4.4847E-16 3.3903E-01 1.1081E+02 8.6195E-01 8.6198E-01
1.4182E-15 2.8910E-01 2.2530E+02 7.2562E-01 7.2563E-01
4.4847E-15 2.2503E-01 2.2216E+02 5.5546E-01 5.5546E-01
1.4182E-14 1.7040E-01 2.0120E+02 4.1233E-01 4.1234E-01
4.4847E-14 1.1080E-01 1.7357E+02 2.5856E-01 2.5856E-01
1.4182E-13 6.6173E-02 1.7249E+02 1.4569E-01 1.4569E-01
4.4847E-13 4.8803E-02 1.9689E+02 1.0224E-01 1.0225E-01
1.4182E-12 2.7076E-02 2.5421E+02 4.9085E-02 4.9087E-02
4.4847E-12 2.1986E-02 2.9380E+02 3.4382E-02 3.4384E-02
1.4182E-11 1.7197E-02 3.1738E+02 1.7767E-02 1.7768E-02
4.4847E-11 1.9420E-02 2.4016E+02 9.8580E-03 9.8588E-03
1.4182E-10 2.6060E-02 2.5148E+02 6.1847E-03 6.1853E-03
4.4847E-10 4.1944E-02 3.5219E+02 2.7737E-03 2.7740E-03
1.4182E-09 4.8820E-02 3.6627E+02 2.0506E-03 2.0508E-03
