-21.4937 -20.9937 -20.4937 -19.9937 -19.4937 -18.9937 -18.4937 -17.9937 -17.4937 -16.9937 -16.4937 -15.9937 -15.4937 -14.9937 -14.4937 
3.7636 30.8830 30.5654 30.3736 29.8675 29.3245 28.7603 28.2576 27.8151 27.4260 26.9889 26.5224 25.9014 25.4214 25.0676 24.5847
4.0646 31.3109 30.8729 30.4592 30.0591 29.6600 29.2318 28.7870 28.3548 27.9868 27.7157 27.6053 27.5486 27.5019 27.4157 27.2367
4.5417 33.0346 32.5538 32.0622 31.5574 31.0232 30.4362 29.8042 29.2236 28.7396 28.3735 28.0976 27.8423 27.5555 27.2085 26.8081
5.0646 33.2361 32.7652 32.3097 31.8570 31.3757 30.8436 30.2758 29.6874 29.1044 28.5737 28.1512 27.8351 27.5622 27.2595 26.8980
5.5417 31.8486 31.4662 31.0259 30.5278 30.0071 29.5155 29.0799 28.6936 28.3400 28.0082 27.7057 27.4260 27.1685 26.9313 26.6721
6.0646 29.1399 29.1343 29.1184 29.0748 28.9706 28.7710 28.5027 28.2785 28.1133 27.9316 27.7083 27.4399 27.1384 26.8268 26.5102
6.5417 28.1233 27.8573 27.5462 27.1781 26.7679 26.3667 26.0281 25.7990 25.6798 25.6188 25.5767 25.5321 25.4874 25.4463 25.4041
7.0646 24.4436 24.4436 24.4436 24.5686 25.1488 25.2275 25.2306 25.2312 25.2334 25.2357 25.2393 25.2423 25.2463 25.2457 25.2425
7.5417 24.4261 24.4261 24.4261 24.4261 24.4261 24.4261 24.4261 24.4261 24.4261 24.4306 24.4959 24.5205 24.5347 24.5362 24.5361
8.0646 24.4152 24.4153 24.4152 24.4153 24.4152 24.4153 24.4152 24.4153 24.4152 24.4153 24.4152 24.4153 24.4342 24.4362 24.4361
9.0646 24.4319 24.4318 24.4319 24.4318 24.4319 24.4318 24.4319 24.4318 24.4319 24.4318 24.4319 24.4318 24.4319 24.4319 24.4319
