-21.4937 -20.9937 -20.4937 -19.9937 -19.4937 -18.9937 -18.4937 -17.9937 -17.4937 -16.9937 -16.4937 -15.9937 -15.4937 -14.9937 -14.4937 
3.7636 -0.4412 -0.4698 -0.5390 -0.6478 -0.7685 -0.9555 -1.1793 -1.3116 -1.5674 -1.6579 -1.7645 -1.7118 -1.5840 -1.3773 -1.3114
4.0646 -0.4106 -0.4079 -0.4055 -0.4027 -0.3979 -0.3881 -0.3646 -0.3070 -0.1824 0.0404 0.3714 0.7857 1.2298 1.6517 1.9853
4.5417 -0.4015 -0.3979 -0.3931 -0.3867 -0.3787 -0.3689 -0.3566 -0.3218 -0.2668 -0.1628 -0.0028 0.2201 0.5170 0.8970 1.3521
5.0646 -0.2870 -0.2749 -0.2639 -0.2548 -0.2456 -0.2358 -0.2270 -0.2153 -0.1999 -0.1780 -0.1391 -0.0702 0.0541 0.2570 0.5530
5.5417 -0.4232 -0.4227 -0.4223 -0.4217 -0.4210 -0.4203 -0.4192 -0.4170 -0.4124 -0.4033 -0.3850 -0.3483 -0.2788 -0.1601 0.0238
6.0646 -0.4269 -0.4268 -0.4268 -0.4268 -0.4267 -0.4265 -0.4260 -0.4250 -0.4230 -0.4197 -0.4151 -0.4092 -0.4017 -0.3915 -0.3757
6.5417 -0.4295 -0.4295 -0.4295 -0.4295 -0.4295 -0.4295 -0.4295 -0.4295 -0.4295 -0.4295 -0.4294 -0.4292 -0.4288 -0.4279 -0.4260
7.0646 -0.4371 -0.4371 -0.4371 -0.4371 -0.4371 -0.4371 -0.4371 -0.4371 -0.4371 -0.4371 -0.4371 -0.4371 -0.4370 -0.4369 -0.4366
7.5417 -0.4609 -0.4609 -0.4609 -0.4609 -0.4609 -0.4609 -0.4609 -0.4609 -0.4609 -0.4609 -0.4609 -0.4609 -0.4609 -0.4609 -0.4609
8.0646 -0.5305 -0.5305 -0.5305 -0.5305 -0.5305 -0.5305 -0.5305 -0.5305 -0.5305 -0.5305 -0.5305 -0.5305 -0.5305 -0.5305 -0.5305
9.0646 -0.9536 -0.9536 -0.9536 -0.9536 -0.9536 -0.9536 -0.9536 -0.9536 -0.9536 -0.9536 -0.9536 -0.9536 -0.9536 -0.9536 -0.9536
