6.000000 -0.000000 2.268357 0.046807 0.079326
6.000000 -0.100000 2.151415 0.043725 0.082084
6.000000 -0.200000 2.037522 0.040725 0.084989
6.000000 -0.300000 1.926677 0.037809 0.088052
6.000000 -0.400000 1.818877 0.034981 0.091284
6.000000 -0.500000 1.714118 0.032242 0.094698
6.000000 -0.600000 1.612397 0.029595 0.098308
6.000000 -0.700000 1.513712 0.027045 0.102129
6.000000 -0.800000 1.418057 0.024593 0.106179
6.000000 -0.900000 1.325427 0.022243 0.110475
6.000000 -1.000000 1.235818 0.019998 0.115037
6.000000 -1.100000 1.149223 0.017860 0.119889
6.000000 -1.200000 1.065633 0.015833 0.125054
6.000000 -1.300000 0.985041 0.013921 0.130560
6.000000 -1.400000 0.907436 0.012125 0.136436
6.000000 -1.500000 0.832805 0.010449 0.142716
6.000000 -1.600000 0.761132 0.008895 0.149435
6.000000 -1.700000 0.692398 0.007466 0.156633
6.000000 -1.800000 0.626579 0.006164 0.164351
6.000000 -1.900000 0.563644 0.004991 0.172636
6.000000 -2.000000 0.503551 0.003948 0.181535
6.000000 -2.100000 0.446245 0.003035 0.191094
6.000000 -2.200000 0.391650 0.002251 0.201357
6.000000 -2.300000 0.339650 0.001596 0.212357
6.000000 -2.400000 0.290071 0.001066 0.224103
6.000000 -2.500000 0.242609 0.000656 0.236562
6.500000 -0.000000 1.552730 0.028026 0.065332
6.500000 -0.100000 1.470246 0.026199 0.067717
6.500000 -0.200000 1.389994 0.024420 0.070237
6.500000 -0.300000 1.311971 0.022688 0.072902
6.500000 -0.400000 1.236175 0.021008 0.075723
6.500000 -0.500000 1.162605 0.019379 0.078715
6.500000 -0.600000 1.091258 0.017804 0.081890
6.500000 -0.700000 1.022131 0.016284 0.085264
6.500000 -0.800000 0.955222 0.014821 0.088855
6.500000 -0.900000 0.890526 0.013418 0.092682
6.500000 -1.000000 0.828041 0.012076 0.096766
6.500000 -1.100000 0.767761 0.010797 0.101132
6.500000 -1.200000 0.709682 0.009582 0.105806
6.500000 -1.300000 0.653797 0.008435 0.110819
6.500000 -1.400000 0.600099 0.007356 0.116205
6.500000 -1.500000 0.548581 0.006347 0.122002
6.500000 -1.600000 0.499232 0.005411 0.128255
6.500000 -1.700000 0.452039 0.004548 0.135012
6.500000 -1.800000 0.406988 0.003761 0.142332
6.500000 -1.900000 0.364060 0.003050 0.150276
6.500000 -2.000000 0.323230 0.002417 0.158919
6.500000 -2.100000 0.284466 0.001861 0.168344
6.500000 -2.200000 0.247726 0.001383 0.178643
6.500000 -2.300000 0.212946 0.000983 0.189917
6.500000 -2.400000 0.180030 0.000658 0.202278
6.500000 -2.500000 0.148818 0.000406 0.215831
7.000000 -0.000000 1.124815 0.018319 0.059166
7.000000 -0.100000 1.064231 0.017127 0.061354
7.000000 -0.200000 1.005310 0.015965 0.063669
7.000000 -0.300000 0.948052 0.014835 0.066120
7.000000 -0.400000 0.892454 0.013738 0.068719
7.000000 -0.500000 0.838516 0.012675 0.071478
7.000000 -0.600000 0.786236 0.011647 0.074411
7.000000 -0.700000 0.735612 0.010655 0.077533
7.000000 -0.800000 0.686643 0.009700 0.080862
7.000000 -0.900000 0.639325 0.008784 0.084417
7.000000 -1.000000 0.593656 0.007907 0.088220
7.000000 -1.100000 0.549634 0.007072 0.092294
7.000000 -1.200000 0.507254 0.006278 0.096667
7.000000 -1.300000 0.466514 0.005528 0.101371
7.000000 -1.400000 0.427407 0.004823 0.106441
7.000000 -1.500000 0.389929 0.004164 0.111917
7.000000 -1.600000 0.354072 0.003551 0.117847
7.000000 -1.700000 0.319829 0.002987 0.124283
7.000000 -1.800000 0.287190 0.002471 0.131289
7.000000 -1.900000 0.256143 0.002006 0.138935
7.000000 -2.000000 0.226671 0.001590 0.147308
7.000000 -2.100000 0.198754 0.001226 0.156506
7.000000 -2.200000 0.172364 0.000912 0.166646
7.000000 -2.300000 0.147461 0.000649 0.177865
7.000000 -2.400000 0.123986 0.000435 0.190322
7.000000 -2.500000 0.101832 0.000269 0.204203
7.500000 -0.000000 0.851484 0.012713 0.055872
7.500000 -0.100000 0.805263 0.011884 0.057939
7.500000 -0.200000 0.760320 0.011076 0.060126
7.500000 -0.300000 0.716656 0.010291 0.062444
7.500000 -0.400000 0.674269 0.009529 0.064903
7.500000 -0.500000 0.633158 0.008790 0.067515
7.500000 -0.600000 0.593322 0.008076 0.070294
7.500000 -0.700000 0.554760 0.007388 0.073254
7.500000 -0.800000 0.517471 0.006725 0.076414
7.500000 -0.900000 0.481452 0.006090 0.079792
7.500000 -1.000000 0.446703 0.005482 0.083408
7.500000 -1.100000 0.413220 0.004902 0.087288
7.500000 -1.200000 0.381002 0.004352 0.091459
7.500000 -1.300000 0.350045 0.003832 0.095952
7.500000 -1.400000 0.320347 0.003344 0.100803
7.500000 -1.500000 0.291903 0.002887 0.106053
7.500000 -1.600000 0.264709 0.002462 0.111751
7.500000 -1.700000 0.238759 0.002071 0.117952
7.500000 -1.800000 0.214047 0.001714 0.124720
7.500000 -1.900000 0.190563 0.001392 0.132133
7.500000 -2.000000 0.168296 0.001104 0.140282
7.500000 -2.100000 0.147233 0.000851 0.149274
7.500000 -2.200000 0.127354 0.000634 0.159240
7.500000 -2.300000 0.108630 0.000451 0.170337
7.500000 -2.400000 0.091022 0.000303 0.182756
7.500000 -2.500000 0.074453 0.000187 0.196731
8.000000 -0.000000 0.666803 0.009220 0.053918
8.000000 -0.100000 0.630427 0.008616 0.055903
8.000000 -0.200000 0.595063 0.008029 0.058003
8.000000 -0.300000 0.560708 0.007458 0.060229
8.000000 -0.400000 0.527364 0.006903 0.062592
8.000000 -0.500000 0.495029 0.006367 0.065102
8.000000 -0.600000 0.463702 0.005848 0.067774
8.000000 -0.700000 0.433382 0.005349 0.070621
8.000000 -0.800000 0.404069 0.004868 0.073661
8.000000 -0.900000 0.375762 0.004407 0.076913
8.000000 -1.000000 0.348458 0.003966 0.080397
8.000000 -1.100000 0.322156 0.003546 0.084137
8.000000 -1.200000 0.296855 0.003148 0.088162
8.000000 -1.300000 0.272553 0.002771 0.092501
8.000000 -1.400000 0.249246 0.002418 0.097191
8.000000 -1.500000 0.226933 0.002087 0.102274
8.000000 -1.600000 0.205610 0.001780 0.107797
8.000000 -1.700000 0.185273 0.001497 0.113819
8.000000 -1.800000 0.165916 0.001239 0.120404
8.000000 -1.900000 0.147533 0.001006 0.127632
8.000000 -2.000000 0.130117 0.000798 0.135599
8.000000 -2.100000 0.113657 0.000616 0.144417
8.000000 -2.200000 0.098137 0.000458 0.154225
8.000000 -2.300000 0.083540 0.000326 0.165195
8.000000 -2.400000 0.069831 0.000219 0.177537
8.000000 -2.500000 0.056961 0.000135 0.191519
8.500000 -0.000000 0.536296 0.006917 0.052683
8.500000 -0.100000 0.506940 0.006462 0.054607
8.500000 -0.200000 0.478403 0.006020 0.056645
8.500000 -0.300000 0.450683 0.005590 0.058804
8.500000 -0.400000 0.423781 0.005173 0.061095
8.500000 -0.500000 0.397696 0.004770 0.063530
8.500000 -0.600000 0.372427 0.004380 0.066122
8.500000 -0.700000 0.347974 0.004004 0.068886
8.500000 -0.800000 0.324335 0.003643 0.071837
8.500000 -0.900000 0.301511 0.003297 0.074994
8.500000 -1.000000 0.279499 0.002967 0.078378
8.500000 -1.100000 0.258300 0.002652 0.082013
8.500000 -1.200000 0.237911 0.002354 0.085926
8.500000 -1.300000 0.218330 0.002072 0.090147
8.500000 -1.400000 0.199557 0.001807 0.094714
8.500000 -1.500000 0.181589 0.001559 0.099666
8.500000 -1.600000 0.164423 0.001330 0.105054
8.500000 -1.700000 0.148056 0.001118 0.110934
8.500000 -1.800000 0.132485 0.000926 0.117373
8.500000 -1.900000 0.117704 0.000751 0.124453
8.500000 -2.000000 0.103707 0.000596 0.132270
8.500000 -2.100000 0.090486 0.000460 0.140942
8.500000 -2.200000 0.078031 0.000342 0.150614
8.500000 -2.300000 0.066326 0.000244 0.161465
8.500000 -2.400000 0.055347 0.000164 0.173722
8.500000 -2.500000 0.045051 0.000101 0.187676
9.000000 -0.000000 0.440692 0.005332 0.051868
9.000000 -0.100000 0.416509 0.004980 0.053747
9.000000 -0.200000 0.393003 0.004637 0.055736
9.000000 -0.300000 0.370171 0.004305 0.057844
9.000000 -0.400000 0.348014 0.003982 0.060080
9.000000 -0.500000 0.326532 0.003671 0.062458
9.000000 -0.600000 0.305723 0.003370 0.064988
9.000000 -0.700000 0.285589 0.003080 0.067686
9.000000 -0.800000 0.266126 0.002801 0.070568
9.000000 -0.900000 0.247336 0.002535 0.073651
9.000000 -1.000000 0.229218 0.002280 0.076957
9.000000 -1.100000 0.211769 0.002037 0.080509
9.000000 -1.200000 0.194990 0.001807 0.084333
9.000000 -1.300000 0.178880 0.001591 0.088462
9.000000 -1.400000 0.163436 0.001387 0.092929
9.000000 -1.500000 0.148657 0.001197 0.097778
9.000000 -1.600000 0.134541 0.001020 0.103056
9.000000 -1.700000 0.121085 0.000858 0.108822
9.000000 -1.800000 0.108287 0.000710 0.115142
9.000000 -1.900000 0.096143 0.000576 0.122100
9.000000 -2.000000 0.084647 0.000457 0.129792
9.000000 -2.100000 0.073795 0.000352 0.138341
9.000000 -2.200000 0.063576 0.000263 0.147895
9.000000 -2.300000 0.053978 0.000187 0.158640
9.000000 -2.400000 0.044983 0.000126 0.170814
9.000000 -2.500000 0.036557 0.000078 0.184725
9.500000 -0.000000 0.368570 0.004202 0.051317
9.500000 -0.100000 0.348307 0.003923 0.053160
9.500000 -0.200000 0.328611 0.003652 0.055110
9.500000 -0.300000 0.309482 0.003389 0.057177
9.500000 -0.400000 0.290920 0.003134 0.059370
9.500000 -0.500000 0.272923 0.002888 0.061701
9.500000 -0.600000 0.255492 0.002651 0.064182
9.500000 -0.700000 0.238626 0.002422 0.066828
9.500000 -0.800000 0.222325 0.002202 0.069653
9.500000 -0.900000 0.206588 0.001992 0.072677
9.500000 -1.000000 0.191414 0.001791 0.075920
9.500000 -1.100000 0.176803 0.001600 0.079404
9.500000 -1.200000 0.162755 0.001419 0.083157
9.500000 -1.300000 0.149267 0.001249 0.087209
9.500000 -1.400000 0.136339 0.001088 0.091595
9.500000 -1.500000 0.123970 0.000939 0.096359
9.500000 -1.600000 0.112157 0.000800 0.101547
9.500000 -1.700000 0.100899 0.000673 0.107218
9.500000 -1.800000 0.090194 0.000557 0.113439
9.500000 -1.900000 0.080038 0.000452 0.120294
9.500000 -2.000000 0.070428 0.000358 0.127882
9.500000 -2.100000 0.061358 0.000276 0.136326
9.500000 -2.200000 0.052821 0.000206 0.145777
9.500000 -2.300000 0.044807 0.000147 0.156428
9.500000 -2.400000 0.037302 0.000098 0.168525
9.500000 -2.500000 0.030275 0.000061 0.182388
10.000000 -0.000000 0.312823 0.003373 0.050938
10.000000 -0.100000 0.295600 0.003149 0.052751
10.000000 -0.200000 0.278859 0.002930 0.054670
10.000000 -0.300000 0.262601 0.002718 0.056703
10.000000 -0.400000 0.246824 0.002513 0.058860
10.000000 -0.500000 0.231530 0.002315 0.061153
10.000000 -0.600000 0.216716 0.002124 0.063594
10.000000 -0.700000 0.202384 0.001940 0.066196
10.000000 -0.800000 0.188532 0.001764 0.068976
10.000000 -0.900000 0.175161 0.001595 0.071950
10.000000 -1.000000 0.162269 0.001434 0.075140
10.000000 -1.100000 0.149856 0.001280 0.078568
10.000000 -1.200000 0.137921 0.001135 0.082261
10.000000 -1.300000 0.126464 0.000998 0.086250
10.000000 -1.400000 0.115484 0.000870 0.090569
10.000000 -1.500000 0.104979 0.000750 0.095261
10.000000 -1.600000 0.094949 0.000640 0.100373
10.000000 -1.700000 0.085391 0.000538 0.105964
10.000000 -1.800000 0.076303 0.000445 0.112102
10.000000 -1.900000 0.067684 0.000361 0.118870
10.000000 -2.000000 0.059529 0.000286 0.126369
10.000000 -2.100000 0.051835 0.000221 0.134722
10.000000 -2.200000 0.044596 0.000164 0.144084
10.000000 -2.300000 0.037804 0.000117 0.154652
10.000000 -2.400000 0.031445 0.000079 0.166677
10.000000 -2.500000 0.025497 0.000049 0.180493
10.500000 -0.000000 0.268842 0.002751 0.050675
10.500000 -0.100000 0.254023 0.002567 0.052463
10.500000 -0.200000 0.239619 0.002388 0.054356
10.500000 -0.300000 0.225631 0.002215 0.056361
10.500000 -0.400000 0.212058 0.002047 0.058489
10.500000 -0.500000 0.198900 0.001885 0.060750
10.500000 -0.600000 0.186156 0.001729 0.063156
10.500000 -0.700000 0.173827 0.001579 0.065722
10.500000 -0.800000 0.161911 0.001435 0.068463
10.500000 -0.900000 0.150409 0.001297 0.071396
10.500000 -1.000000 0.139320 0.001166 0.074541
10.500000 -1.100000 0.128644 0.001041 0.077922
10.500000 -1.200000 0.118380 0.000923 0.081564
10.500000 -1.300000 0.108528 0.000811 0.085499
10.500000 -1.400000 0.099086 0.000707 0.089761
10.500000 -1.500000 0.090054 0.000609 0.094392
10.500000 -1.600000 0.081430 0.000519 0.099439
10.500000 -1.700000 0.073214 0.000436 0.104962
10.500000 -1.800000 0.065403 0.000361 0.111028
10.500000 -1.900000 0.057995 0.000293 0.117721
10.500000 -2.000000 0.050989 0.000232 0.125142
10.500000 -2.100000 0.044379 0.000179 0.133416
10.500000 -2.200000 0.038163 0.000133 0.142701
10.500000 -2.300000 0.032331 0.000095 0.153194
10.500000 -2.400000 0.026873 0.000064 0.165155
10.500000 -2.500000 0.021770 0.000039 0.178925
11.000000 -0.000000 0.233532 0.002274 0.050493
11.000000 -0.100000 0.220647 0.002122 0.052261
11.000000 -0.200000 0.208124 0.001973 0.054131
11.000000 -0.300000 0.195962 0.001830 0.056112
11.000000 -0.400000 0.184161 0.001691 0.058214
11.000000 -0.500000 0.172721 0.001556 0.060448
11.000000 -0.600000 0.161641 0.001427 0.062825
11.000000 -0.700000 0.150923 0.001303 0.065360
11.000000 -0.800000 0.140564 0.001184 0.068067
11.000000 -0.900000 0.130565 0.001070 0.070965
11.000000 -1.000000 0.120926 0.000961 0.074072
11.000000 -1.100000 0.111646 0.000858 0.077412
11.000000 -1.200000 0.102725 0.000760 0.081011
11.000000 -1.300000 0.094162 0.000668 0.084899
11.000000 -1.400000 0.085956 0.000582 0.089112
11.000000 -1.500000 0.078107 0.000502 0.093690
11.000000 -1.600000 0.070614 0.000427 0.098682
11.000000 -1.700000 0.063475 0.000359 0.104145
11.000000 -1.800000 0.056689 0.000297 0.110149
11.000000 -1.900000 0.050255 0.000241 0.116776
11.000000 -2.000000 0.044169 0.000191 0.124130
11.000000 -2.100000 0.038430 0.000147 0.132335
11.000000 -2.200000 0.033032 0.000110 0.141551
11.000000 -2.300000 0.027971 0.000078 0.151978
11.000000 -2.400000 0.023236 0.000052 0.163880
11.000000 -2.500000 0.018811 0.000032 0.177606
11.500000 -0.000000 0.204755 0.001903 0.050369
11.500000 -0.100000 0.193448 0.001774 0.052119
11.500000 -0.200000 0.182460 0.001650 0.053970
11.500000 -0.300000 0.171788 0.001529 0.055930
11.500000 -0.400000 0.161433 0.001413 0.058010
11.500000 -0.500000 0.151396 0.001300 0.060220
11.500000 -0.600000 0.141675 0.001192 0.062572
11.500000 -0.700000 0.132271 0.001088 0.065080
11.500000 -0.800000 0.123183 0.000988 0.067758
11.500000 -0.900000 0.114411 0.000893 0.070625
11.500000 -1.000000 0.105955 0.000802 0.073699
11.500000 -1.100000 0.097814 0.000716 0.077004
11.500000 -1.200000 0.089988 0.000634 0.080565
11.500000 -1.300000 0.082476 0.000557 0.084412
11.500000 -1.400000 0.075279 0.000485 0.088582
11.500000 -1.500000 0.068395 0.000418 0.093114
11.500000 -1.600000 0.061823 0.000356 0.098057
11.500000 -1.700000 0.055562 0.000299 0.103468
11.500000 -1.800000 0.049612 0.000247 0.109417
11.500000 -1.900000 0.043971 0.000201 0.115988
11.500000 -2.000000 0.038636 0.000159 0.123281
11.500000 -2.100000 0.033605 0.000123 0.131426
11.500000 -2.200000 0.028875 0.000091 0.140580
11.500000 -2.300000 0.024441 0.000065 0.150948
11.500000 -2.400000 0.020293 0.000044 0.162797
11.500000 -2.500000 0.016418 0.000027 0.176482
12.000000 -0.000000 0.180991 0.001608 0.050287
12.000000 -0.100000 0.170990 0.001499 0.052021
12.000000 -0.200000 0.161270 0.001394 0.053855
12.000000 -0.300000 0.151831 0.001292 0.055797
12.000000 -0.400000 0.142672 0.001193 0.057858
12.000000 -0.500000 0.133794 0.001098 0.060047
12.000000 -0.600000 0.125196 0.001006 0.062377
12.000000 -0.700000 0.116879 0.000918 0.064861
12.000000 -0.800000 0.108841 0.000834 0.067514
12.000000 -0.900000 0.101083 0.000753 0.070353
12.000000 -1.000000 0.093605 0.000676 0.073398
12.000000 -1.100000 0.086405 0.000603 0.076672
12.000000 -1.200000 0.079485 0.000534 0.080200
12.000000 -1.300000 0.072842 0.000469 0.084012
12.000000 -1.400000 0.066478 0.000409 0.088143
12.000000 -1.500000 0.060391 0.000352 0.092634
12.000000 -1.600000 0.054581 0.000300 0.097534
12.000000 -1.700000 0.049046 0.000252 0.102900
12.000000 -1.800000 0.043786 0.000208 0.108800
12.000000 -1.900000 0.038799 0.000169 0.115320
12.000000 -2.000000 0.034084 0.000134 0.122561
12.000000 -2.100000 0.029638 0.000103 0.130651
12.000000 -2.200000 0.025459 0.000077 0.139750
12.000000 -2.300000 0.021541 0.000055 0.150066
12.000000 -2.400000 0.017877 0.000037 0.161866
12.000000 -2.500000 0.014457 0.000023 0.175513
12.500000 -0.000000 0.161139 0.001372 0.050235
12.500000 -0.100000 0.152230 0.001279 0.051955
12.500000 -0.200000 0.143571 0.001189 0.053774
12.500000 -0.300000 0.135163 0.001101 0.055701
12.500000 -0.400000 0.127004 0.001017 0.057744
12.500000 -0.500000 0.119096 0.000935 0.059915
12.500000 -0.600000 0.111437 0.000857 0.062225
12.500000 -0.700000 0.104028 0.000782 0.064688
12.500000 -0.800000 0.096869 0.000710 0.067319
12.500000 -0.900000 0.089959 0.000641 0.070134
12.500000 -1.000000 0.083298 0.000575 0.073153
12.500000 -1.100000 0.076885 0.000513 0.076399
12.500000 -1.200000 0.070721 0.000455 0.079897
12.500000 -1.300000 0.064806 0.000399 0.083678
12.500000 -1.400000 0.059138 0.000348 0.087775
12.500000 -1.500000 0.053717 0.000299 0.092230
12.500000 -1.600000 0.048543 0.000255 0.097092
12.500000 -1.700000 0.043614 0.000214 0.102417
12.500000 -1.800000 0.038931 0.000177 0.108274
12.500000 -1.900000 0.034491 0.000143 0.114748
12.500000 -2.000000 0.030293 0.000114 0.121942
12.500000 -2.100000 0.026336 0.000088 0.129983
12.500000 -2.200000 0.022616 0.000065 0.139033
12.500000 -2.300000 0.019130 0.000046 0.149301
12.500000 -2.400000 0.015871 0.000031 0.161057
12.500000 -2.500000 0.012827 0.000019 0.174668
13.000000 -0.000000 0.144385 0.001180 0.050207
13.000000 -0.100000 0.136399 0.001100 0.051914
13.000000 -0.200000 0.128636 0.001022 0.053720
13.000000 -0.300000 0.121099 0.000946 0.055632
13.000000 -0.400000 0.113785 0.000874 0.057660
13.000000 -0.500000 0.106695 0.000804 0.059815
13.000000 -0.600000 0.099830 0.000736 0.062107
13.000000 -0.700000 0.093189 0.000671 0.064551
13.000000 -0.800000 0.086771 0.000609 0.067162
13.000000 -0.900000 0.080577 0.000550 0.069955
13.000000 -1.000000 0.074606 0.000494 0.072951
13.000000 -1.100000 0.068858 0.000440 0.076173
13.000000 -1.200000 0.063333 0.000390 0.079644
13.000000 -1.300000 0.058031 0.000342 0.083396
13.000000 -1.400000 0.052951 0.000298 0.087464
13.000000 -1.500000 0.048093 0.000257 0.091887
13.000000 -1.600000 0.043456 0.000219 0.096714
13.000000 -1.700000 0.039039 0.000183 0.102002
13.000000 -1.800000 0.034842 0.000152 0.107821
13.000000 -1.900000 0.030864 0.000123 0.114254
13.000000 -2.000000 0.027103 0.000097 0.121405
13.000000 -2.100000 0.023558 0.000075 0.129402
13.000000 -2.200000 0.020226 0.000056 0.138408
13.000000 -2.300000 0.017103 0.000040 0.148632
13.000000 -2.400000 0.014184 0.000027 0.160348
13.000000 -2.500000 0.011486 0.000017 0.173926
