1.0000E-03 3.3339E-01 1.4874E-04
1.0100E-03 3.3339E-01 1.4525E-04
1.0200E-03 3.3339E-01 1.4200E-04
1.0301E-03 3.3338E-01 1.3876E-04
1.0401E-03 3.3338E-01 1.3772E-04
1.0501E-03 3.3338E-01 1.3308E-04
1.0601E-03 3.3337E-01 1.2977E-04
1.0701E-03 3.3337E-01 1.2631E-04
1.0802E-03 3.3337E-01 1.2420E-04
1.0902E-03 3.3336E-01 1.2012E-04
1.1002E-03 3.3336E-01 1.2056E-04
1.1102E-03 3.3339E-01 1.4672E-04
1.1202E-03 3.3335E-01 1.1226E-04
1.1303E-03 3.3628E-01 3.2323E-03
1.1403E-03 3.3459E-01 1.7425E-03
1.1503E-03 3.6008E-01 5.4453E-02
1.1603E-03 3.3334E-01 1.0478E-04
1.1703E-03 3.3336E-01 1.1877E-04
1.1804E-03 3.3372E-01 4.8786E-04
1.1904E-03 3.3334E-01 9.7040E-05
1.2004E-03 3.3333E-01 9.5834E-05
1.2104E-03 3.3333E-01 9.3496E-05
1.2204E-03 3.3333E-01 9.2988E-05
1.2305E-03 3.3333E-01 9.0590E-05
1.2405E-03 3.3333E-01 8.8985E-05
1.2505E-03 3.3333E-01 9.7354E-05
1.2605E-03 3.3332E-01 8.6478E-05
1.2705E-03 3.3332E-01 8.3366E-05
1.2806E-03 3.3332E-01 8.7206E-05
1.2906E-03 3.3332E-01 7.9998E-05
1.3006E-03 3.3332E-01 7.9295E-05
1.3106E-03 3.3331E-01 7.6664E-05
1.3206E-03 3.3335E-01 1.0984E-04
1.3307E-03 3.3332E-01 8.0529E-05
1.3407E-03 3.3610E-01 3.0474E-03
1.3507E-03 3.3331E-01 7.4496E-05
1.3607E-03 3.3331E-01 7.2691E-05
1.3707E-03 3.3353E-01 2.9549E-04
1.3808E-03 3.3332E-01 9.0807E-05
1.3908E-03 3.3335E-01 1.1581E-04
1.4008E-03 3.3337E-01 1.4036E-04
1.4108E-03 3.3338E-01 1.4695E-04
1.4208E-03 3.3340E-01 1.6300E-04
1.4309E-03 3.3337E-01 1.4197E-04
1.4409E-03 3.3337E-01 1.3783E-04
1.4509E-03 3.3337E-01 1.3580E-04
1.4609E-03 3.3337E-01 1.4172E-04
1.4709E-03 3.3336E-01 1.3212E-04
1.4810E-03 3.3337E-01 1.3630E-04
1.4910E-03 3.3337E-01 1.3879E-04
1.5010E-03 3.3336E-01 1.2787E-04
1.5110E-03 3.3341E-01 1.8354E-04
1.5210E-03 3.3335E-01 1.2086E-04
1.5311E-03 3.3335E-01 1.1859E-04
1.5411E-03 3.3335E-01 1.1653E-04
1.5511E-03 3.3335E-01 1.2158E-04
1.5611E-03 3.3335E-01 1.2358E-04
1.5711E-03 3.3334E-01 1.1147E-04
1.5812E-03 3.3334E-01 1.0963E-04
1.5912E-03 3.3334E-01 1.0806E-04
1.6012E-03 3.3334E-01 1.0822E-04
1.6112E-03 3.3333E-01 1.0468E-04
1.6212E-03 3.3334E-01 1.0706E-04
1.6313E-03 3.3333E-01 1.0577E-04
1.6413E-03 3.3333E-01 1.0107E-04
1.6513E-03 3.3333E-01 9.9425E-05
1.6613E-03 3.3333E-01 9.7738E-05
1.6713E-03 3.3333E-01 9.7675E-05
1.6814E-03 3.3332E-01 9.5174E-05
1.6914E-03 3.3420E-01 9.8512E-04
1.7014E-03 3.3333E-01 1.0285E-04
1.7114E-03 3.3335E-01 1.1979E-04
1.7214E-03 3.3332E-01 9.7495E-05
1.7315E-03 3.3332E-01 8.9040E-05
1.7415E-03 3.3331E-01 8.8098E-05
1.7515E-03 3.3332E-01 9.1953E-05
1.7615E-03 3.3331E-01 8.5237E-05
1.7715E-03 3.3331E-01 8.4220E-05
1.7816E-03 3.3331E-01 8.6226E-05
1.7916E-03 3.5089E-01 2.8032E-02
1.8016E-03 3.3331E-01 8.8225E-05
1.8116E-03 3.3331E-01 8.1359E-05
1.8216E-03 3.3331E-01 8.1695E-05
1.8317E-03 3.3331E-01 8.5196E-05
1.8417E-03 3.3330E-01 7.7969E-05
1.8517E-03 3.3331E-01 8.1519E-05
1.8617E-03 3.3330E-01 7.5433E-05
1.8717E-03 3.3330E-01 7.4246E-05
1.8818E-03 3.3541E-01 2.2849E-03
1.8918E-03 3.3340E-01 1.8108E-04
1.9018E-03 3.3330E-01 8.0402E-05
1.9118E-03 3.3372E-01 4.9890E-04
1.9218E-03 3.3618E-01 3.1495E-03
1.9319E-03 3.3342E-01 1.9726E-04
1.9419E-03 3.3329E-01 6.6895E-05
1.9519E-03 3.3329E-01 6.7148E-05
1.9619E-03 3.3329E-01 7.0177E-05
1.9719E-03 3.3377E-01 5.5431E-04
1.9820E-03 3.3331E-01 9.2890E-05
1.9920E-03 3.3329E-01 6.4491E-05
2.0020E-03 3.3335E-01 1.3324E-04
2.0120E-03 3.3333E-01 1.0985E-04
2.0220E-03 3.3329E-01 7.1655E-05
2.0321E-03 3.3347E-01 2.5349E-04
2.0421E-03 3.3344E-01 2.1756E-04
2.0521E-03 3.3330E-01 8.2540E-05
2.0621E-03 3.3347E-01 2.5323E-04
2.0721E-03 3.3366E-01 4.4362E-04
2.0822E-03 3.3329E-01 6.7485E-05
2.0922E-03 3.3328E-01 5.9265E-05
2.1022E-03 3.3327E-01 5.5479E-05
2.1122E-03 3.3329E-01 7.1718E-05
2.1222E-03 3.3331E-01 9.0376E-05
2.1323E-03 3.3328E-01 5.9924E-05
2.1423E-03 3.3339E-01 1.7259E-04
2.1523E-03 3.3327E-01 5.3048E-05
2.1623E-03 3.3327E-01 5.4126E-05
2.1723E-03 3.3328E-01 5.9335E-05
2.1824E-03 3.3327E-01 5.1798E-05
2.1924E-03 3.3327E-01 5.5516E-05
2.2024E-03 3.3327E-01 5.1178E-05
2.2124E-03 3.3326E-01 4.8017E-05
2.2224E-03 3.3327E-01 5.5467E-05
2.2325E-03 3.3352E-01 3.0396E-04
2.2425E-03 3.3326E-01 4.6324E-05
2.2525E-03 3.3326E-01 4.8927E-05
2.2625E-03 3.3326E-01 4.5490E-05
2.2725E-03 3.3331E-01 9.4339E-05
2.2826E-03 3.3328E-01 6.0855E-05
2.2926E-03 3.3327E-01 5.5639E-05
2.3026E-03 3.3326E-01 4.8123E-05
2.3126E-03 3.6948E-01 1.5345E-01
2.3226E-03 3.3327E-01 5.8514E-05
2.3327E-03 3.3329E-01 8.0650E-05
2.3427E-03 3.3328E-01 7.1457E-05
2.3527E-03 3.3326E-01 4.3968E-05
2.3627E-03 3.3330E-01 8.8798E-05
2.3727E-03 3.3329E-01 8.0584E-05
2.3828E-03 3.3326E-01 5.1076E-05
2.3928E-03 3.3326E-01 4.3233E-05
2.4028E-03 3.3327E-01 5.3942E-05
2.4128E-03 3.3608E-01 3.0457E-03
2.4228E-03 3.3337E-01 1.5895E-04
2.4329E-03 3.3326E-01 4.7584E-05
2.4429E-03 3.3334E-01 1.2824E-04
2.4529E-03 3.3337E-01 1.6156E-04
2.4629E-03 3.3331E-01 1.0108E-04
2.4729E-03 3.3326E-01 5.3977E-05
2.4830E-03 3.3327E-01 5.6241E-05
2.4930E-03 3.3383E-01 6.2755E-04
2.5030E-03 3.3353E-01 3.2285E-04
2.5130E-03 3.3327E-01 5.5581E-05
2.5230E-03 3.3646E-01 3.3644E-03
2.5331E-03 3.3336E-01 1.5018E-04
2.5431E-03 3.5515E-01 4.0573E-02
2.5531E-03 3.3327E-01 5.9505E-05
2.5631E-03 3.3341E-01 2.0543E-04
2.5731E-03 3.3426E-01 1.0711E-03
2.5832E-03 3.3325E-01 3.8251E-05
2.5932E-03 3.3324E-01 3.3802E-05
2.6032E-03 3.3324E-01 3.1261E-05
2.6132E-03 3.3324E-01 3.1273E-05
2.6232E-03 3.3324E-01 3.2305E-05
2.6333E-03 3.3349E-01 2.8678E-04
2.6433E-03 3.3324E-01 3.7894E-05
2.6533E-03 3.3387E-01 6.6788E-04
2.6633E-03 3.3499E-01 1.8470E-03
2.6733E-03 3.3484E-01 1.6881E-03
2.6834E-03 3.3326E-01 5.6499E-05
2.6934E-03 3.3330E-01 9.0666E-05
2.7034E-03 3.3324E-01 3.8222E-05
2.7134E-03 3.3328E-01 6.9913E-05
2.7234E-03 3.3324E-01 3.3080E-05
2.7335E-03 3.3325E-01 4.4024E-05
2.7435E-03 3.3326E-01 5.0871E-05
2.7535E-03 3.3324E-01 3.5123E-05
2.7635E-03 3.3323E-01 2.9876E-05
2.7735E-03 3.3324E-01 3.9281E-05
2.7836E-03 3.3418E-01 9.9168E-04
2.7936E-03 3.3323E-01 2.7509E-05
2.8036E-03 3.3323E-01 2.9047E-05
2.8136E-03 3.6556E-01 1.0154E-01
2.8236E-03 3.3326E-01 5.6703E-05
2.8337E-03 3.3329E-01 8.2658E-05
2.8437E-03 3.3526E-01 2.2526E-03
2.8537E-03 3.3913E-01 6.4146E-03
2.8637E-03 3.3329E-01 8.3439E-05
2.8737E-03 3.3326E-01 6.1901E-05
2.8838E-03 3.3326E-01 5.5256E-05
2.8938E-03 3.3325E-01 4.9862E-05
2.9038E-03 3.3335E-01 1.5289E-04
2.9138E-03 3.3326E-01 6.1084E-05
2.9238E-03 3.3326E-01 5.4969E-05
2.9339E-03 3.3361E-01 4.0691E-04
2.9439E-03 3.3323E-01 2.6466E-05
2.9539E-03 3.3324E-01 3.9471E-05
2.9639E-03 3.3351E-01 3.1114E-04
2.9739E-03 3.3424E-01 1.0608E-03
2.9840E-03 3.3360E-01 4.0628E-04
2.9940E-03 3.3329E-01 8.8007E-05
3.0040E-03 3.3325E-01 4.8511E-05
3.0140E-03 3.3583E-01 2.8443E-03
3.0240E-03 3.3431E-01 1.1894E-03
3.0341E-03 3.3402E-01 8.2796E-04
3.0441E-03 3.3327E-01 7.5389E-05
3.0541E-03 3.3372E-01 5.2168E-04
3.0641E-03 3.3634E-01 3.3619E-03
3.0741E-03 3.3549E-01 2.4143E-03
3.0842E-03 3.3386E-01 6.8734E-04
3.0942E-03 3.3327E-01 7.2292E-05
3.1042E-03 3.3325E-01 5.5698E-05
3.1142E-03 3.3669E-01 3.8080E-03
3.1242E-03 3.3425E-01 1.1061E-03
3.1343E-03 3.3322E-01 2.1661E-05
3.1443E-03 3.3345E-01 2.5075E-04
3.1543E-03 3.6492E-01 9.5150E-02
3.1643E-03 3.3847E-01 5.9235E-03
3.1743E-03 3.3325E-01 4.9110E-05
3.1844E-03 3.3466E-01 1.5112E-03
3.1944E-03 3.3324E-01 4.1511E-05
3.2044E-03 3.3344E-01 2.4630E-04
3.2144E-03 3.3322E-01 2.7089E-05
3.2244E-03 3.4293E-01 1.1782E-02
3.2345E-03 3.3328E-01 8.6047E-05
3.2445E-03 3.5954E-01 5.4713E-02
3.2545E-03 3.3322E-01 2.3676E-05
3.2645E-03 3.3328E-01 8.2103E-05
3.2745E-03 3.3328E-01 8.7353E-05
3.2846E-03 3.3338E-01 1.8671E-04
3.2946E-03 3.3350E-01 3.0338E-04
3.3046E-03 3.4686E-01 1.8610E-02
3.3146E-03 3.3338E-01 1.8720E-04
3.3246E-03 3.3345E-01 2.5298E-04
3.3347E-03 3.3341E-01 2.2044E-04
3.3447E-03 3.3347E-01 2.7380E-04
3.3547E-03 3.4110E-01 8.8441E-03
3.3647E-03 3.3339E-01 1.9996E-04
3.3747E-03 3.3338E-01 1.8520E-04
3.3848E-03 3.3337E-01 1.7282E-04
3.3948E-03 3.3337E-01 1.7562E-04
3.4048E-03 3.3363E-01 4.3422E-04
3.4148E-03 3.3353E-01 3.3920E-04
3.4248E-03 3.3337E-01 1.7722E-04
3.4349E-03 3.3338E-01 1.8388E-04
3.4449E-03 3.3338E-01 1.8701E-04
3.4549E-03 3.3336E-01 1.6374E-04
3.4649E-03 3.4974E-01 1.8419E-02
3.4749E-03 3.3337E-01 1.8086E-04
3.4850E-03 3.3335E-01 1.5890E-04
3.4950E-03 3.3975E-01 7.5153E-03
3.5050E-03 3.3342E-01 2.2929E-04
3.5150E-03 3.3352E-01 3.5510E-04
3.5250E-03 3.7586E-01 2.2449E-01
3.5351E-03 3.3441E-01 1.2280E-03
3.5451E-03 3.3389E-01 7.0650E-04
3.5551E-03 3.3335E-01 1.6193E-04
3.5651E-03 3.3336E-01 1.7387E-04
3.5751E-03 3.3336E-01 1.6539E-04
3.5852E-03 3.3354E-01 3.5257E-04
3.5952E-03 3.3338E-01 1.8969E-04
3.6052E-03 3.3344E-01 2.5033E-04
3.6152E-03 3.3359E-01 3.9907E-04
3.6252E-03 3.3348E-01 2.8799E-04
3.6353E-03 3.3334E-01 1.5590E-04
3.6453E-03 3.3349E-01 3.0252E-04
3.6553E-03 3.3714E-01 4.2759E-03
3.6653E-03 3.3336E-01 1.7569E-04
3.6753E-03 3.3575E-01 2.6654E-03
3.6854E-03 3.3463E-01 1.4771E-03
3.6954E-03 3.8095E-01 9.0136E-02
3.7054E-03 3.3349E-01 3.0389E-04
3.7154E-03 3.3338E-01 1.9291E-04
3.7254E-03 3.3628E-01 3.2878E-03
3.7355E-03 3.3342E-01 2.3213E-04
3.7455E-03 3.3438E-01 1.2124E-03
3.7555E-03 3.3394E-01 7.5523E-04
3.7655E-03 3.6457E-01 8.9343E-02
3.7755E-03 3.3446E-01 1.3053E-03
3.7856E-03 3.3335E-01 1.6960E-04
3.7956E-03 3.3355E-01 3.6733E-04
3.8056E-03 3.3336E-01 1.7737E-04
3.8156E-03 3.3340E-01 2.2016E-04
3.8256E-03 3.5663E-01 4.5674E-02
3.8357E-03 3.3691E-01 5.7163E-03
3.8457E-03 3.3336E-01 1.7397E-04
3.8557E-03 3.3355E-01 3.6547E-04
3.8657E-03 3.3337E-01 1.8487E-04
3.8757E-03 3.5233E-01 2.8385E-02
3.8858E-03 3.7274E-01 1.9204E-01
3.8958E-03 3.3348E-01 3.0284E-04
3.9058E-03 3.3457E-01 1.3964E-03
3.9158E-03 4.0191E-01 1.8225E-01
3.9258E-03 3.3416E-01 9.9471E-04
3.9359E-03 3.3410E-01 9.3454E-04
3.9459E-03 3.4234E-01 1.1276E-02
3.9559E-03 3.3331E-01 1.3292E-04
3.9659E-03 3.3332E-01 1.4202E-04
3.9759E-03 3.3370E-01 5.1587E-04
3.9860E-03 3.3348E-01 2.9482E-04
3.9960E-03 3.3619E-01 3.0590E-03
4.0060E-03 3.3334E-01 1.5642E-04
4.0160E-03 3.3357E-01 3.8636E-04
4.0260E-03 3.3358E-01 4.0199E-04
4.0361E-03 3.3331E-01 1.3361E-04
4.0461E-03 3.4268E-01 1.1779E-02
4.0561E-03 3.3399E-01 8.1215E-04
4.0661E-03 3.3333E-01 1.4940E-04
4.0761E-03 3.3693E-01 3.9979E-03
4.0862E-03 3.3338E-01 2.0268E-04
4.0962E-03 3.5720E-01 4.7162E-02
4.1062E-03 3.3437E-01 1.2022E-03
4.1162E-03 3.4046E-01 8.3816E-03
4.1262E-03 3.4589E-01 1.5005E-02
4.1363E-03 3.9321E-01 6.6633E-01
4.1463E-03 3.4090E-01 8.6211E-03
4.1563E-03 3.3351E-01 3.3717E-04
4.1663E-03 3.3336E-01 1.8628E-04
4.1763E-03 3.3343E-01 2.5690E-04
4.1864E-03 3.8210E-01 1.8729E-01
4.1964E-03 3.3451E-01 1.3656E-03
4.2064E-03 3.7951E-01 1.6575E+00
4.2164E-03 3.3423E-01 1.0657E-03
4.2264E-03 3.3336E-01 1.8522E-04
4.2365E-03 3.4472E-01 1.5019E-02
4.2465E-03 3.3336E-01 1.8176E-04
4.2565E-03 3.3338E-01 2.0914E-04
4.2665E-03 3.3340E-01 2.2461E-04
4.2765E-03 3.3517E-01 2.0933E-03
4.2866E-03 3.3493E-01 1.7931E-03
4.2966E-03 3.5832E-01 5.2153E-02
4.3066E-03 3.4461E-01 1.4943E-02
4.3166E-03 3.3330E-01 1.2644E-04
4.3266E-03 3.3334E-01 1.6562E-04
4.3367E-03 3.3356E-01 3.8872E-04
4.3467E-03 3.3473E-01 1.5816E-03
4.3567E-03 3.3482E-01 1.6934E-03
4.3667E-03 3.6245E-01 7.5704E-02
4.3767E-03 3.3334E-01 1.7178E-04
4.3868E-03 3.3538E-01 2.3006E-03
4.3968E-03 3.3465E-01 1.5190E-03
4.4068E-03 3.3361E-01 4.3470E-04
4.4168E-03 3.3339E-01 2.1501E-04
4.4268E-03 3.3351E-01 3.3456E-04
4.4369E-03 3.3333E-01 1.6218E-04
4.4469E-03 3.3349E-01 3.1553E-04
4.4569E-03 3.3347E-01 3.0044E-04
4.4669E-03 3.3998E-01 7.3586E-03
4.4769E-03 3.4443E-01 1.4511E-02
4.4870E-03 3.3370E-01 5.3092E-04
4.4970E-03 3.3488E-01 1.7659E-03
4.5070E-03 3.3353E-01 3.6533E-04
4.5170E-03 3.3492E-01 1.7722E-03
4.5270E-03 3.3394E-01 7.8395E-04
4.5371E-03 3.3337E-01 1.9700E-04
4.5471E-03 3.4183E-01 1.7161E-02
4.5571E-03 3.5557E-01 5.3645E-02
4.5671E-03 3.3389E-01 7.1888E-04
4.5771E-03 3.5111E-01 2.8420E-02
4.5872E-03 3.5193E-01 2.2478E-02
4.5972E-03 3.3407E-01 9.3780E-04
4.6072E-03 3.3334E-01 1.7269E-04
4.6172E-03 3.3364E-01 4.6938E-04
4.6272E-03 3.3347E-01 3.0372E-04
4.6373E-03 3.6502E-01 8.8064E-02
4.6473E-03 3.6477E-01 5.8097E-02
4.6573E-03 3.7282E-01 7.6936E-02
4.6673E-03 3.3923E-01 6.9177E-03
4.6773E-03 3.4242E-01 1.1027E-02
4.6874E-03 3.3345E-01 2.8322E-04
4.6974E-03 3.4638E-01 1.6843E-02
4.7074E-03 3.9443E-01 1.9346E-01
4.7174E-03 3.3357E-01 4.0753E-04
4.7274E-03 3.3326E-01 9.6665E-05
4.7375E-03 3.4500E-01 1.3345E-02
4.7475E-03 3.5565E-01 3.5567E-02
4.7575E-03 3.4203E-01 9.5023E-03
4.7675E-03 3.5930E-01 2.2892E-01
4.7775E-03 3.6194E-01 2.0690E-01
4.7876E-03 3.6351E-01 1.8465E-01
4.7976E-03 3.5239E-01 1.3461E-01
4.8076E-03 3.3384E-01 7.0086E-04
4.8176E-03 3.5792E-01 4.6950E-02
4.8276E-03 3.8244E-01 1.4330E-01
4.8377E-03 3.4598E-01 1.5275E-02
4.8477E-03 3.4465E-01 1.2632E-02
4.8577E-03 3.9148E-01 3.9998E-01
4.8677E-03 3.6150E-01 3.3384E-02
4.8777E-03 3.4964E-01 2.3229E-02
4.8878E-03 3.5897E-01 5.3990E-02
4.8978E-03 3.3547E-01 2.3981E-03
4.9078E-03 3.7709E-01 3.8063E-01
4.9178E-03 3.4258E-01 1.0591E-02
4.9278E-03 4.0333E-01 3.9204E-01
4.9379E-03 3.4030E-01 7.6590E-03
4.9479E-03 3.5889E-01 4.8863E-02
4.9579E-03 3.3342E-01 2.5603E-04
4.9679E-03 3.5066E-01 2.7753E-01
4.9779E-03 3.8782E-01 3.9090E+00
4.9880E-03 3.4407E-01 1.3474E-02
4.9980E-03 3.3918E-01 6.7994E-03
5.0080E-03 3.3360E-01 4.4025E-04
5.0180E-03 3.3338E-01 2.1737E-04
5.0280E-03 3.3394E-01 7.8279E-04
5.0381E-03 3.3634E-01 3.2190E-03
5.0481E-03 3.3519E-01 2.0618E-03
5.0581E-03 4.0991E-01 1.8020E-01
5.0681E-03 3.3552E-01 2.4688E-03
5.0781E-03 3.3353E-01 3.7273E-04
5.0882E-03 3.3387E-01 7.1494E-04
5.0982E-03 3.4108E-01 8.4456E-03
5.1082E-03 3.5035E-01 2.6700E-02
5.1182E-03 3.6339E-01 8.0979E-02
5.1282E-03 3.4826E-01 1.7727E-02
5.1383E-03 3.5431E-01 3.1868E-02
5.1483E-03 3.8364E-01 9.2537E-02
5.1583E-03 3.3857E-01 6.0013E-03
5.1683E-03 3.3374E-01 5.8281E-04
5.1783E-03 3.8240E-01 3.6827E-01
5.1884E-03 3.9071E-01 1.1599E-01
5.1984E-03 3.9765E-01 1.5792E-01
5.2084E-03 3.4852E-01 2.6408E-02
5.2184E-03 4.3843E-01 1.5682E-01
5.2284E-03 3.5707E-01 3.4141E-02
5.2385E-03 4.1024E-01 1.7265E-01
5.2485E-03 3.6112E-01 3.2695E-02
5.2585E-03 3.3602E-01 2.9830E-03
5.2685E-03 3.3695E-01 3.8654E-03
5.2785E-03 3.5822E-01 3.5774E-02
5.2886E-03 3.3696E-01 3.9018E-03
5.2986E-03 3.7652E-01 4.7551E-01
5.3086E-03 3.4811E-01 2.1549E-02
5.3186E-03 3.9214E-01 7.5483E-01
5.3286E-03 4.1146E-01 1.8169E+00
5.3387E-03 3.7278E-01 2.1442E-01
5.3487E-03 3.5304E-01 3.1891E-02
5.3587E-03 3.7112E-01 7.0567E-02
5.3687E-03 3.6301E-01 7.8388E-02
5.3787E-03 4.6596E-01 5.0861E-01
5.3888E-03 3.8725E-01 1.8665E-01
5.3988E-03 3.4146E-01 1.2196E-02
5.4088E-03 3.8390E-01 2.8594E-01
5.4188E-03 3.6824E-01 9.5614E-02
5.4288E-03 3.7498E-01 7.1702E-02
5.4389E-03 4.1781E-01 3.1164E-01
5.4489E-03 3.3866E-01 5.6367E-03
5.4589E-03 3.3550E-01 2.4068E-03
5.4689E-03 4.2179E-01 3.9569E-01
5.4789E-03 3.6340E-01 5.5796E-02
5.4890E-03 3.4463E-01 1.5069E-02
5.4990E-03 3.8330E-01 3.2160E-01
5.5090E-03 5.3599E-01 2.6292E+00
5.5190E-03 4.2483E-01 1.3377E+00
5.5290E-03 3.3458E-01 1.7759E-03
5.5391E-03 5.2219E-01 7.4143E-01
5.5491E-03 4.1234E-01 5.0021E-01
5.5591E-03 4.0316E-01 1.9035E-01
5.5691E-03 3.7788E-01 2.5032E-01
5.5791E-03 3.3921E-01 6.4184E-03
5.5892E-03 3.3637E-01 3.3962E-03
5.5992E-03 3.5899E-01 5.4662E-02
5.6092E-03 3.8358E-01 8.1445E+00
5.6192E-03 3.5534E-01 2.5306E-02
5.6292E-03 3.8253E-01 1.9351E-01
5.6393E-03 3.7861E-01 9.0016E-01
5.6493E-03 3.3861E-01 1.2040E-02
5.6593E-03 3.7123E-01 1.1244E-01
5.6693E-03 5.6316E-01 8.6279E-01
5.6793E-03 3.4059E-01 7.7418E-03
5.6894E-03 4.1881E-01 1.3509E+00
5.6994E-03 3.7992E-01 8.2242E+00
5.7094E-03 3.3833E-01 5.5869E-03
5.7194E-03 3.8952E-01 3.4955E-01
5.7294E-03 4.6835E-01 4.5316E+00
5.7395E-03 4.1848E-01 7.1297E-01
5.7495E-03 3.3955E-01 2.2065E-02
5.7595E-03 3.7417E-01 2.7208E-01
5.7695E-03 3.7473E-01 6.5439E-02
5.7795E-03 5.5529E-01 2.2671E+01
5.7896E-03 3.5172E-01 1.3109E-01
5.7996E-03 3.7264E-01 2.2950E-01
5.8096E-03 3.9761E-01 2.7409E+00
5.8196E-03 3.9470E-01 2.7873E-01
5.8296E-03 5.2909E-01 1.2024E+00
5.8397E-03 4.1943E-01 4.5785E-01
5.8497E-03 5.7061E-01 1.9791E+00
5.8597E-03 4.5409E-01 2.9493E+00
5.8697E-03 4.6877E-01 2.0212E+01
5.8797E-03 4.0540E-01 1.4435E+01
5.8898E-03 4.0206E-01 1.2228E+00
5.8998E-03 4.8814E-01 2.7164E+00
5.9098E-03 3.8002E-01 1.6466E+00
5.9198E-03 4.2510E-01 4.6052E+00
5.9298E-03 5.2359E-01 4.0040E+01
5.9399E-03 3.7130E-01 7.4151E+00
5.9499E-03 4.8340E-01 6.8114E-01
5.9599E-03 4.3396E-01 3.6562E-01
5.9699E-03 3.9366E-01 9.6776E-01
5.9799E-03 3.8594E-01 4.1354E-01
5.9900E-03 4.2272E-01 3.7073E+00
6.0000E-03 3.3432E-01 1.1998E-03
6.0100E-03 3.3356E-01 4.2539E-04
6.0200E-03 3.7970E-01 2.2041E-01
6.0301E-03 3.4239E-01 1.0950E-02
6.0401E-03 3.3368E-01 5.4110E-04
6.0501E-03 3.8493E-01 9.0523E-02
6.0601E-03 4.5009E-01 5.3572E-01
6.0701E-03 3.8899E-01 1.6990E-01
6.0802E-03 3.5872E-01 4.3882E-02
6.0902E-03 3.3768E-01 8.8568E-03
6.1002E-03 4.6315E-01 6.8610E+00
6.1102E-03 3.8990E-01 3.2474E+01
6.1202E-03 4.2021E-01 5.6897E-01
6.1303E-03 4.5254E-01 6.7630E+00
6.1403E-03 4.0865E-01 1.3184E+00
6.1503E-03 3.6453E-01 6.0313E-02
6.1603E-03 3.6958E-01 5.8182E-02
6.1703E-03 6.3148E-01 7.8423E+01
6.1804E-03 4.0151E-01 7.0776E+01
6.1904E-03 3.5899E-01 4.4235E-02
6.2004E-03 3.7854E-01 4.3797E-01
6.2104E-03 5.1184E-01 1.9241E+01
6.2204E-03 4.6630E-01 2.0864E+01
6.2305E-03 4.4463E-01 6.7019E+01
6.2405E-03 4.6861E-01 3.1146E+01
6.2505E-03 4.5948E-01 2.2237E+01
6.2605E-03 4.1432E-01 2.6235E+00
6.2705E-03 3.8165E-01 2.3076E+01
6.2806E-03 5.3015E-01 6.6074E+00
6.2906E-03 3.8580E-01 2.6530E-01
6.3006E-03 3.9504E-01 8.0704E-01
6.3106E-03 3.8616E-01 1.9129E-01
6.3206E-03 3.4917E-01 2.2614E-02
6.3307E-03 3.7109E-01 1.1447E-01
6.3407E-03 4.7457E-01 4.6764E-01
6.3507E-03 4.7692E-01 2.0095E+01
6.3607E-03 4.8139E-01 1.4306E+01
6.3707E-03 3.8296E-01 1.6881E-01
6.3808E-03 3.5821E-01 1.8071E-01
6.3908E-03 4.4145E-01 6.9027E+00
6.4008E-03 4.0145E-01 2.2225E+00
6.4108E-03 3.5025E-01 2.0829E-02
6.4208E-03 3.6555E-01 4.7368E-02
6.4309E-03 4.7581E-01 1.5896E+01
6.4409E-03 4.2913E-01 1.9452E+00
6.4509E-03 3.9034E-01 1.9595E-01
6.4609E-03 7.7719E-01 5.8487E+00
6.4709E-03 4.0202E-01 2.2636E-01
6.4810E-03 3.8760E-01 5.3806E-01
6.4910E-03 4.8294E-01 4.9983E-01
6.5010E-03 4.3159E-01 1.3818E+00
6.5110E-03 5.2286E-01 4.9297E+00
6.5210E-03 3.8857E-01 1.6172E+00
6.5311E-03 4.6636E-01 9.3286E+00
6.5411E-03 4.3219E-01 1.6440E+00
6.5511E-03 4.0145E-01 5.6577E-01
6.5611E-03 4.0232E-01 2.5002E-01
6.5711E-03 3.3420E-01 1.3002E-03
6.5812E-03 3.8070E-01 2.2400E+00
6.5912E-03 3.7841E-01 1.3007E-01
6.6012E-03 3.8147E-01 1.5710E+00
6.6112E-03 3.7700E-01 4.0868E-01
6.6212E-03 4.5335E-01 9.7190E-01
6.6313E-03 3.3940E-01 6.5042E-03
6.6413E-03 4.1032E-01 3.2946E+00
6.6513E-03 3.7656E-01 1.2719E-01
6.6613E-03 5.8705E-01 1.3897E+04
6.6713E-03 4.2020E-01 2.2654E-01
6.6814E-03 4.2765E-01 5.8633E-01
6.6914E-03 5.8449E-01 9.4268E+01
6.7014E-03 3.4594E-01 1.2881E-02
6.7114E-03 3.3799E-01 4.8846E-03
6.7214E-03 3.6182E-01 6.1011E-02
6.7315E-03 4.4427E-01 1.7358E+00
6.7415E-03 4.3291E-01 8.1054E-01
6.7515E-03 3.6271E-01 6.6341E-02
6.7615E-03 3.8609E-01 3.9493E-01
6.7715E-03 3.7263E-01 1.4207E-01
6.7816E-03 3.3873E-01 6.0312E-03
6.7916E-03 3.5794E-01 4.1727E-02
6.8016E-03 3.4028E-01 7.9646E-03
6.8116E-03 3.3778E-01 4.7234E-03
6.8216E-03 3.6621E-01 1.0230E-01
6.8317E-03 3.6987E-01 8.0648E-02
6.8417E-03 3.3890E-01 6.3645E-03
6.8517E-03 3.4323E-01 1.1102E-02
6.8617E-03 3.3591E-01 2.8270E-03
6.8717E-03 3.3708E-01 4.0232E-03
6.8818E-03 3.4647E-01 1.7802E-02
6.8918E-03 3.6443E-01 4.1888E-02
6.9018E-03 3.6505E-01 8.5831E-02
6.9118E-03 3.5105E-01 2.8248E-02
6.9218E-03 3.3355E-01 4.2825E-04
6.9319E-03 3.3559E-01 2.5095E-03
6.9419E-03 3.5386E-01 3.1773E-02
6.9519E-03 3.7018E-01 8.1157E-02
6.9619E-03 3.3565E-01 2.5498E-03
6.9719E-03 3.3403E-01 9.1148E-04
6.9820E-03 3.3637E-01 3.4166E-03
6.9920E-03 3.3471E-01 1.6205E-03
7.0020E-03 3.4416E-01 1.1671E-02
7.0120E-03 3.7134E-01 9.8933E-02
7.0220E-03 3.3875E-01 9.0338E-03
7.0321E-03 4.0375E-01 1.2434E+01
7.0421E-03 3.4193E-01 9.6921E-03
7.0521E-03 3.8075E-01 7.1702E-01
7.0621E-03 3.3580E-01 2.7225E-03
7.0721E-03 3.3396E-01 8.5437E-04
7.0822E-03 3.5614E-01 2.7483E-02
7.0922E-03 3.8941E-01 9.2475E-02
7.1022E-03 3.3685E-01 3.9856E-03
7.1122E-03 3.8727E-01 1.2286E-01
7.1222E-03 5.2253E-01 8.2842E-01
7.1323E-03 3.6397E-01 3.5457E-01
7.1423E-03 3.4407E-01 1.2266E-02
7.1523E-03 3.6707E-01 4.0869E-02
7.1623E-03 3.4139E-01 9.5301E-03
7.1723E-03 3.3485E-01 1.7415E-03
7.1824E-03 3.7518E-01 1.8934E-01
7.1924E-03 3.3459E-01 1.5023E-03
7.2024E-03 3.6030E-01 3.3395E-02
7.2124E-03 3.3495E-01 1.8468E-03
7.2224E-03 3.3730E-01 4.4215E-03
7.2325E-03 3.7738E-01 2.4125E-01
7.2425E-03 3.7668E-01 1.7680E-01
7.2525E-03 3.9017E-01 9.6959E-02
7.2625E-03 3.3630E-01 3.2352E-03
7.2725E-03 3.5388E-01 4.1085E-02
7.2826E-03 3.4955E-01 3.3674E-02
7.2926E-03 3.3848E-01 5.7135E-03
7.3026E-03 3.4137E-01 8.5040E-03
7.3126E-03 3.9369E-01 9.3408E-01
7.3226E-03 3.3885E-01 5.9239E-03
7.3327E-03 3.4803E-01 1.7873E-02
7.3427E-03 4.5055E-01 9.6167E-01
7.3527E-03 3.3961E-01 6.7056E-03
7.3627E-03 3.4879E-01 2.1568E-02
7.3727E-03 3.4428E-01 1.2128E-02
7.3828E-03 3.9785E-01 1.4899E-01
7.3928E-03 4.1101E-01 4.4637E+00
7.4028E-03 3.3743E-01 4.4792E-03
7.4128E-03 3.6129E-01 3.9394E-02
7.4228E-03 3.6256E-01 4.5858E-02
7.4329E-03 3.6094E-01 3.6626E-02
7.4429E-03 3.4670E-01 1.8620E-02
7.4529E-03 3.8074E-01 1.4784E-01
7.4629E-03 3.7197E-01 1.4332E-01
7.4729E-03 3.4914E-01 1.7204E-02
7.4830E-03 3.5824E-01 3.4150E-02
7.4930E-03 3.4275E-01 1.0305E-02
7.5030E-03 3.6095E-01 5.1866E-02
7.5130E-03 4.5127E-01 2.6025E-01
7.5230E-03 3.5619E-01 2.6315E-02
7.5331E-03 3.6455E-01 4.5045E-02
7.5431E-03 3.4400E-01 1.1690E-02
7.5531E-03 5.3155E-01 1.0110E+01
7.5631E-03 4.6957E-01 5.9022E+00
7.5731E-03 3.8012E-01 6.8004E-02
7.5832E-03 3.4440E-01 1.2313E-02
7.5932E-03 3.5539E-01 2.4155E-02
7.6032E-03 3.7966E-01 6.1836E-02
7.6132E-03 3.9333E-01 9.7030E-02
7.6232E-03 3.4446E-01 1.2067E-02
7.6333E-03 3.8988E-01 9.0696E-02
7.6433E-03 4.1649E-01 1.7584E-01
7.6533E-03 3.8439E-01 7.3123E-02
7.6633E-03 3.9635E-01 1.0426E-01
7.6733E-03 4.3549E-01 1.1573E+00
7.6834E-03 3.5899E-01 3.5312E-02
7.6934E-03 3.4600E-01 1.3721E-02
7.7034E-03 3.7244E-01 9.3561E-02
7.7134E-03 4.0475E-01 1.0809E-01
7.7234E-03 4.1299E-01 1.6104E+00
7.7335E-03 3.8327E-01 1.5780E-01
7.7435E-03 4.8390E-01 6.4385E-01
7.7535E-03 3.9021E-01 5.0575E-01
7.7635E-03 4.4887E-01 1.0306E+00
7.7735E-03 3.9874E-01 1.4664E-01
7.7836E-03 3.4510E-01 1.3063E-02
7.7936E-03 3.7273E-01 4.5887E-02
7.8036E-03 3.8962E-01 8.7842E-02
7.8136E-03 3.5460E-01 2.3361E-02
7.8236E-03 3.8295E-01 7.1334E-02
7.8337E-03 3.4925E-01 1.7024E-02
7.8437E-03 3.4430E-01 1.1860E-02
7.8537E-03 4.1004E-01 1.2377E+00
7.8637E-03 3.7019E-01 4.5093E-02
7.8737E-03 4.2109E-01 1.7007E-01
7.8838E-03 3.9679E-01 3.1216E-01
7.8938E-03 4.1654E-01 1.5193E-01
7.9038E-03 3.7084E-01 9.9748E-02
7.9138E-03 3.5988E-01 3.3759E-02
7.9238E-03 5.5427E-01 8.6289E-01
7.9339E-03 3.5465E-01 5.2424E-02
7.9439E-03 4.1017E-01 5.7109E-01
7.9539E-03 4.1061E-01 1.0559E+00
7.9639E-03 5.2222E-01 9.6952E+01
7.9739E-03 3.7227E-01 4.8073E-02
7.9840E-03 3.7281E-01 5.2325E-02
7.9940E-03 3.7736E-01 7.0290E-02
8.0040E-03 3.5941E-01 3.8219E-02
8.0140E-03 3.4993E-01 1.8121E-02
8.0240E-03 4.3811E-01 3.4913E+00
8.0341E-03 3.9767E-01 1.4487E-01
8.0441E-03 3.4169E-01 9.0651E-03
8.0541E-03 3.6078E-01 3.7269E-02
8.0641E-03 3.7468E-01 5.0005E-02
8.0741E-03 3.7675E-01 9.7645E-02
8.0842E-03 3.7161E-01 5.4610E-02
8.0942E-03 3.6632E-01 4.7560E-02
8.1042E-03 3.6462E-01 4.7107E-02
8.1142E-03 3.7782E-01 2.3194E-01
8.1242E-03 4.4847E-01 2.5057E-01
8.1343E-03 3.6487E-01 3.9385E-02
8.1443E-03 4.0983E-01 1.0951E+00
8.1543E-03 3.5167E-01 2.2732E-02
8.1643E-03 3.4265E-01 1.0784E-02
8.1743E-03 3.5815E-01 2.8427E-02
8.1844E-03 3.4453E-01 1.3409E-02
8.1944E-03 3.8591E-01 1.1017E-01
8.2044E-03 4.0982E-01 2.1047E-01
8.2144E-03 3.7177E-01 4.6744E-02
8.2244E-03 3.8018E-01 8.3271E-02
8.2345E-03 3.8234E-01 2.1896E-01
8.2445E-03 3.5698E-01 3.7300E-02
8.2545E-03 4.9837E-01 5.3669E+00
8.2645E-03 3.4560E-01 1.5754E-02
8.2745E-03 3.7899E-01 1.8903E-01
8.2846E-03 3.8722E-01 2.0196E+00
8.2946E-03 3.3765E-01 4.6998E-03
8.3046E-03 3.3663E-01 3.6791E-03
8.3146E-03 4.7175E-01 5.8789E+01
8.3246E-03 3.4177E-01 8.8746E-03
8.3347E-03 3.6924E-01 9.7261E-02
8.3447E-03 3.4549E-01 1.3515E-02
8.3547E-03 3.4863E-01 1.8816E-02
8.3647E-03 3.6727E-01 5.3200E-02
8.3747E-03 3.4873E-01 2.3162E-02
8.3848E-03 3.7286E-01 5.8566E-02
8.3948E-03 3.5288E-01 4.8297E-02
8.4048E-03 3.9692E-01 1.4279E-01
8.4148E-03 3.6936E-01 1.1547E-01
8.4248E-03 4.4759E-01 2.0433E+00
8.4349E-03 3.9548E-01 4.5543E+00
8.4449E-03 3.7688E-01 1.2931E-01
8.4549E-03 3.5163E-01 2.1610E-02
8.4649E-03 4.3155E-01 1.5734E+01
8.4749E-03 3.4573E-01 1.5396E-02
8.4850E-03 3.6739E-01 4.3944E-02
8.4950E-03 3.3647E-01 3.4656E-03
8.5050E-03 3.8159E-01 2.2049E+00
8.5150E-03 3.3658E-01 3.5665E-03
8.5250E-03 3.3433E-01 1.2481E-03
8.5351E-03 3.4466E-01 1.2866E-02
8.5451E-03 3.7469E-01 1.0637E-01
8.5551E-03 3.7848E-01 3.6759E-01
8.5651E-03 3.3766E-01 4.7402E-03
8.5751E-03 3.7417E-01 1.5865E-01
8.5852E-03 3.3638E-01 3.4194E-03
8.5952E-03 3.4296E-01 1.0699E-02
8.6052E-03 3.4159E-01 8.8398E-03
8.6152E-03 3.3566E-01 2.5987E-03
8.6252E-03 4.1680E-01 1.1369E+00
8.6353E-03 3.3779E-01 4.9119E-03
8.6453E-03 3.7002E-01 6.1830E-02
8.6553E-03 3.3486E-01 1.7820E-03
8.6653E-03 3.5547E-01 3.8160E-02
8.6753E-03 3.5037E-01 2.0609E-02
8.6854E-03 3.4555E-01 1.4379E-02
8.6954E-03 3.8629E-01 1.1759E+02
8.7054E-03 3.7427E-01 2.3473E-01
8.7154E-03 3.3866E-01 6.7985E-03
8.7254E-03 3.6175E-01 5.7721E-02
8.7355E-03 3.8382E-01 5.6074E-01
8.7455E-03 4.3066E-01 3.5251E-01
8.7555E-03 3.5413E-01 6.4343E-02
8.7655E-03 3.8029E-01 1.2833E-01
8.7755E-03 3.5079E-01 2.2747E-02
8.7856E-03 3.3551E-01 2.4374E-03
8.7956E-03 3.6946E-01 1.3352E-01
8.8056E-03 4.0446E-01 7.3613E-01
8.8156E-03 3.9732E-01 1.1902E-01
8.8256E-03 4.0235E-01 1.7432E-01
8.8357E-03 4.4607E-01 4.3088E-01
8.8457E-03 6.7638E-01 2.4389E+04
8.8557E-03 5.9681E-01 2.6761E+03
8.8657E-03 4.2352E-01 5.5955E-01
8.8757E-03 4.0237E-01 6.4141E-01
8.8858E-03 4.2631E-01 2.6327E-01
8.8958E-03 8.6097E-01 4.4582E+02
8.9058E-03 9.5369E-01 3.4236E+01
8.9158E-03 3.7834E-01 4.7181E-02
8.9258E-03 4.0472E-01 1.9733E+02
8.9359E-03 4.8525E-01 1.1726E+00
8.9459E-03 3.5212E-01 5.7256E-02
8.9559E-03 3.8105E-01 6.8119E-02
8.9659E-03 3.3842E-01 5.3746E-03
8.9759E-03 3.4991E-01 1.8682E-02
8.9860E-03 3.3841E-01 5.4198E-03
8.9960E-03 3.3512E-01 2.0419E-03
9.0060E-03 3.4382E-01 1.2499E-02
9.0160E-03 3.5405E-01 2.4634E-02
9.0260E-03 3.6378E-01 6.0968E-02
9.0361E-03 3.4154E-01 8.8612E-03
9.0461E-03 3.3505E-01 1.9828E-03
9.0561E-03 3.3600E-01 2.9578E-03
9.0661E-03 3.9516E-01 4.0845E+00
9.0761E-03 3.7248E-01 1.1399E-01
9.0862E-03 3.5060E-01 1.8732E-02
9.0962E-03 4.1549E-01 4.1812E-01
9.1062E-03 3.8581E-01 1.3345E-01
9.1162E-03 3.7506E-01 8.2449E-02
9.1262E-03 3.9900E-01 8.4414E-02
9.1363E-03 3.3905E-01 6.4334E-03
9.1463E-03 3.5319E-01 2.5899E-02
9.1563E-03 3.3659E-01 3.5500E-03
9.1663E-03 3.7417E-01 5.4667E-02
9.1763E-03 3.4024E-01 7.3146E-03
9.1864E-03 3.3667E-01 3.6304E-03
9.1964E-03 3.5038E-01 2.0781E-02
9.2064E-03 3.4666E-01 1.5311E-02
9.2164E-03 3.5002E-01 2.3950E-02
9.2264E-03 3.3769E-01 4.7221E-03
9.2365E-03 3.7140E-01 1.4010E-01
9.2465E-03 3.4963E-01 2.0163E-02
9.2565E-03 3.5579E-01 3.1558E-02
9.2665E-03 3.8538E-01 2.2102E-01
9.2765E-03 3.4355E-01 1.4234E-02
9.2866E-03 3.8392E-01 2.2071E-01
9.2966E-03 4.7503E-01 5.9995E-01
9.3066E-03 3.9064E-01 7.1216E-01
9.3166E-03 4.3688E-01 3.4246E+00
9.3266E-03 3.5385E-01 3.9823E-01
9.3367E-03 3.3901E-01 6.2390E-03
9.3467E-03 3.7914E-01 5.6759E-01
9.3567E-03 5.1225E-01 1.4135E+00
9.3667E-03 4.7908E-01 1.7323E+00
9.3767E-03 4.1645E-01 9.6108E-01
9.3868E-03 3.3810E-01 5.0651E-03
9.3968E-03 3.4792E-01 1.7517E-02
9.4068E-03 4.3672E-01 5.7110E-01
9.4168E-03 3.5714E-01 3.0461E-02
9.4268E-03 3.8966E-01 3.3700E-01
9.4369E-03 5.1733E-01 2.2022E+00
9.4469E-03 3.7029E-01 1.1168E-01
9.4569E-03 3.4638E-01 1.4323E-02
9.4669E-03 3.6593E-01 4.3929E-02
9.4769E-03 3.3982E-01 6.8867E-03
9.4870E-03 3.5972E-01 3.4763E-02
9.4970E-03 3.4832E-01 1.6289E-02
9.5070E-03 4.6272E-01 6.2207E-01
9.5170E-03 3.8798E-01 2.0705E-01
9.5270E-03 3.8444E-01 4.0291E-01
9.5371E-03 4.0541E-01 2.1157E+01
9.5471E-03 6.3260E-01 2.7613E+01
9.5571E-03 3.5153E-01 3.5857E-01
9.5671E-03 3.9270E-01 2.9744E-01
9.5771E-03 3.5900E-01 2.6038E-02
9.5872E-03 4.1954E-01 9.8378E-02
9.5972E-03 1.2416E+00 6.9830E+03
9.6072E-03 1.2693E+00 2.3145E+04
9.6172E-03 5.5381E-01 6.2260E-01
9.6272E-03 8.1813E-01 1.1142E+03
9.6373E-03 5.8093E-01 1.8363E+00
9.6473E-03 6.6667E-01 3.5449E+00
9.6573E-03 4.1543E-01 3.8791E+00
9.6673E-03 3.5853E-01 2.9911E-02
9.6773E-03 3.9293E-01 3.3491E-01
9.6874E-03 3.4392E-01 1.0858E-02
9.6974E-03 3.9408E-01 2.1856E+00
9.7074E-03 4.2265E-01 1.0712E+00
9.7174E-03 4.0185E-01 1.0888E+00
9.7274E-03 3.9285E-01 1.3875E+00
9.7375E-03 4.1456E-01 5.4152E-01
9.7475E-03 4.3699E-01 3.4788E-01
9.7575E-03 4.2033E-01 4.6493E-01
9.7675E-03 5.1578E-01 9.5962E+02
9.7775E-03 4.8970E-01 2.4976E+00
9.7876E-03 3.6865E-01 4.2603E-02
9.7976E-03 5.5232E-01 2.8035E+01
9.8076E-03 4.3134E-01 3.7077E-01
9.8176E-03 4.2586E-01 9.9789E-01
9.8276E-03 4.7831E-01 2.7735E+00
9.8377E-03 3.8257E-01 5.1360E-02
9.8477E-03 4.6885E-01 1.7431E+01
9.8577E-03 3.9283E-01 7.6789E+00
9.8677E-03 5.0527E-01 2.4358E+00
9.8777E-03 4.4349E-01 5.4096E+00
9.8878E-03 5.5081E-01 5.8845E+00
9.8978E-03 4.3136E-01 1.1522E-01
9.9078E-03 4.2145E-01 8.8646E-02
9.9178E-03 5.2445E-01 3.3300E+01
9.9278E-03 5.4857E-01 1.3168E+01
9.9379E-03 6.6165E-01 7.7061E-01
9.9479E-03 9.1770E-01 1.7987E+02
9.9579E-03 8.3331E-01 3.7184E+00
9.9679E-03 9.7597E-01 6.9329E-01
9.9779E-03 1.7937E+00 1.2098E+01
9.9880E-03 2.5729E+00 2.7900E+00
9.9980E-03 7.9477E+00 1.0510E+01
1.0008E-02 1.0345E+02 5.2238E+05
1.0018E-02 9.9751E+00 1.4931E+01
1.0028E-02 3.2652E+00 4.1501E+00
1.0038E-02 1.6093E+00 3.0692E+00
1.0048E-02 1.0131E+00 1.0098E+00
1.0058E-02 8.0115E-01 5.1671E-01
1.0068E-02 5.9448E-01 2.6273E-01
1.0078E-02 5.2994E-01 1.9745E-01
1.0088E-02 5.8845E-01 7.0797E-01
1.0098E-02 5.0607E-01 2.4830E+00
1.0108E-02 5.4146E-01 4.6466E-01
1.0118E-02 4.2854E-01 1.0434E-01
1.0128E-02 4.2970E-01 3.0644E+00
1.0138E-02 4.5547E-01 1.3381E+01
1.0148E-02 4.8618E-01 1.6448E+00
1.0158E-02 4.1239E-01 9.6140E-02
1.0168E-02 4.2846E-01 5.5643E-01
1.0178E-02 4.4666E-01 2.6317E+00
1.0188E-02 4.1798E-01 7.1162E-01
1.0198E-02 6.2374E-01 1.1466E+03
1.0208E-02 3.6145E-01 2.8499E-02
1.0218E-02 4.8124E-01 3.1611E+00
1.0228E-02 4.4584E-01 3.0725E+00
1.0238E-02 3.5611E-01 2.3488E-02
1.0248E-02 3.5254E-01 1.9577E-02
1.0258E-02 4.0568E-01 1.5237E+00
1.0269E-02 4.6980E-01 1.0007E+02
1.0279E-02 4.3393E-01 2.5334E-01
1.0289E-02 3.8159E-01 5.9885E-02
1.0299E-02 3.7189E-01 2.3827E-01
1.0309E-02 4.6383E-01 3.2256E+00
1.0319E-02 5.7064E-01 2.0184E+00
1.0329E-02 6.5683E-01 1.1041E+01
1.0339E-02 3.7103E-01 7.0801E-02
1.0349E-02 4.0333E-01 7.5668E-01
1.0359E-02 4.8296E-01 3.4699E+00
1.0369E-02 4.4655E-01 2.0981E+00
1.0379E-02 4.4016E-01 2.1753E+00
1.0389E-02 4.6357E-01 3.2105E+02
1.0399E-02 4.6829E-01 2.9830E+02
1.0409E-02 4.7502E-01 3.2367E+00
1.0419E-02 5.3166E-01 6.7094E-01
1.0429E-02 4.6111E-01 4.5241E+00
1.0439E-02 3.7508E-01 1.4886E-01
1.0449E-02 3.9877E-01 5.0569E-01
1.0459E-02 3.6479E-01 1.3949E-01
1.0469E-02 3.9517E-01 2.0917E-01
1.0479E-02 3.4663E-01 4.8954E-02
1.0489E-02 4.2138E-01 2.7567E+00
1.0499E-02 4.8014E-01 1.6515E+00
1.0509E-02 4.0099E-01 2.7746E+02
1.0519E-02 4.2332E-01 9.9808E+00
1.0529E-02 5.4508E-01 9.4104E-01
1.0539E-02 4.5725E-01 1.8472E+00
1.0549E-02 3.9736E-01 8.1192E-02
1.0559E-02 3.0530E+00 2.6688E+02
1.0569E-02 7.4345E-01 1.0271E+03
1.0579E-02 4.4242E-01 7.3845E+00
1.0589E-02 5.0205E-01 9.2022E-01
1.0599E-02 6.8692E-01 3.8800E+03
1.0609E-02 4.2420E-01 3.9782E+01
1.0619E-02 4.5781E-01 1.9994E+00
1.0629E-02 8.5628E-01 4.0286E+00
1.0639E-02 5.5977E-01 2.0898E+00
1.0649E-02 5.5507E-01 1.3072E+00
1.0659E-02 4.1354E-01 1.2486E+00
1.0669E-02 3.5020E-01 6.2880E-01
1.0679E-02 8.0979E-01 3.3273E+01
1.0689E-02 4.7607E-01 5.4236E+00
1.0699E-02 3.8066E-01 9.2473E-02
1.0709E-02 5.4503E-01 5.0558E+01
1.0719E-02 3.3705E-01 4.0573E-03
1.0729E-02 4.0253E-01 3.4072E+00
1.0739E-02 3.3757E-01 4.7289E-03
1.0749E-02 3.9967E-01 9.1177E+01
1.0759E-02 4.5166E-01 4.2782E+00
1.0770E-02 4.6820E-01 3.1170E-01
1.0780E-02 4.7267E-01 3.1594E+01
1.0790E-02 3.7725E-01 4.9026E-02
1.0800E-02 3.6935E-01 1.1251E-01
1.0810E-02 5.2113E-01 2.2259E+00
1.0820E-02 4.3658E-01 5.8024E+01
1.0830E-02 3.6008E-01 3.2026E-02
1.0840E-02 4.7147E-01 1.8549E+00
1.0850E-02 3.8585E-01 1.7206E+00
1.0860E-02 4.1610E-01 1.6877E+00
1.0870E-02 4.2512E-01 2.4849E-01
1.0880E-02 4.4608E-01 2.2794E+01
1.0890E-02 4.1891E-01 4.1890E+01
1.0900E-02 3.9624E-01 9.6378E-02
1.0910E-02 4.2424E-01 4.2016E-01
1.0920E-02 3.8303E-01 9.8398E+02
1.0930E-02 4.0823E-01 1.6388E+01
1.0940E-02 4.5686E-01 2.6142E+00
1.0950E-02 3.9364E-01 1.1271E-01
1.0960E-02 6.5785E-01 6.3639E+00
1.0970E-02 4.0909E-01 1.7052E-01
1.0980E-02 4.0961E-01 4.2847E+00
1.0990E-02 5.0011E-01 2.8416E+00
1.1000E-02 3.4780E-01 1.6212E-02
