1.478669 6.023171e+08 6.902007e+08 1.000000e+14 1.104244e+14 6.667612e+13 1.198281e-12
1.486063 6.018093e+08 6.899143e+08 1.003848e+14 1.108653e+14 6.578227e+13 1.190843e-12
1.493493 6.013088e+08 6.896357e+08 1.007711e+14 1.113082e+14 6.489368e+13 1.183450e-12
1.500960 6.008097e+08 6.893456e+08 1.011591e+14 1.117531e+14 6.402784e+13 1.176556e-12
1.508465 6.003110e+08 6.890418e+08 1.015486e+14 1.122001e+14 6.318614e+13 1.169926e-12
1.516007 5.998137e+08 6.887290e+08 1.019398e+14 1.126491e+14 6.236388e+13 1.163194e-12
1.523587 5.992942e+08 6.883349e+08 1.023327e+14 1.131002e+14 6.162378e+13 1.155292e-12
1.531205 5.987726e+08 6.879264e+08 1.027271e+14 1.135532e+14 6.090531e+13 1.147442e-12
1.538861 5.982703e+08 6.875686e+08 1.031232e+14 1.140083e+14 6.015218e+13 1.140787e-12
1.546556 5.977909e+08 6.872689e+08 1.035209e+14 1.144654e+14 5.935967e+13 1.134427e-12
1.554289 5.973039e+08 6.869343e+08 1.039203e+14 1.149246e+14 5.860735e+13 1.127704e-12
1.562060 5.967939e+08 6.865247e+08 1.043214e+14 1.153858e+14 5.792699e+13 1.120103e-12
1.569870 5.962846e+08 6.861113e+08 1.047241e+14 1.158491e+14 5.725803e+13 1.112610e-12
1.577720 5.957795e+08 6.857038e+08 1.051285e+14 1.163144e+14 5.659240e+13 1.106097e-12
1.585608 5.952756e+08 6.852937e+08 1.055345e+14 1.167817e+14 5.593686e+13 1.099621e-12
1.593536 5.947743e+08 6.848857e+08 1.059423e+14 1.172512e+14 5.528768e+13 1.093088e-12
1.601504 5.942756e+08 6.844790e+08 1.063517e+14 1.177226e+14 5.464536e+13 1.086528e-12
1.609511 5.937782e+08 6.840709e+08 1.067629e+14 1.181962e+14 5.401189e+13 1.079982e-12
1.617559 5.932845e+08 6.836674e+08 1.071757e+14 1.186718e+14 5.338262e+13 1.073340e-12
1.625647 5.927914e+08 6.832606e+08 1.075903e+14 1.191496e+14 5.276345e+13 1.066736e-12
1.633775 5.923023e+08 6.828591e+08 1.080066e+14 1.196294e+14 5.214781e+13 1.060052e-12
1.641944 5.918141e+08 6.824555e+08 1.084247e+14 1.201114e+14 5.154125e+13 1.053366e-12
1.650154 5.913288e+08 6.820544e+08 1.088445e+14 1.205954e+14 5.094023e+13 1.046664e-12
1.658404 5.908454e+08 6.816538e+08 1.092660e+14 1.210817e+14 5.034614e+13 1.039896e-12
1.666696 5.903649e+08 6.812559e+08 1.096893e+14 1.215700e+14 4.975729e+13 1.033169e-12
1.675030 5.898893e+08 6.808656e+08 1.101144e+14 1.220605e+14 4.917022e+13 1.026741e-12
1.683405 5.894143e+08 6.804725e+08 1.105412e+14 1.225532e+14 4.859236e+13 1.020358e-12
1.691822 5.889401e+08 6.800773e+08 1.109699e+14 1.230481e+14 4.802304e+13 1.013917e-12
1.700281 5.884664e+08 6.796794e+08 1.114003e+14 1.235451e+14 4.746251e+13 1.007458e-12
1.708783 5.879688e+08 6.792217e+08 1.118325e+14 1.240444e+14 4.694972e+13 1.001045e-12
1.717327 5.874687e+08 6.787556e+08 1.122666e+14 1.245458e+14 4.644842e+13 9.946858e-13
1.725913 5.869706e+08 6.782921e+08 1.127024e+14 1.250493e+14 4.595099e+13 9.883677e-13
1.734543 5.864747e+08 6.778312e+08 1.131400e+14 1.255550e+14 4.545739e+13 9.825162e-13
1.743215 5.859839e+08 6.773799e+08 1.135795e+14 1.260630e+14 4.496314e+13 9.766979e-13
1.751932 5.855267e+08 6.770020e+08 1.140208e+14 1.265731e+14 4.442670e+13 9.705912e-13
1.760691 5.850700e+08 6.766215e+08 1.144639e+14 1.270855e+14 4.389858e+13 9.642013e-13
1.769495 5.845829e+08 6.761699e+08 1.149090e+14 1.276001e+14 4.342228e+13 9.579779e-13
1.778342 5.840952e+08 6.757151e+08 1.153558e+14 1.281170e+14 4.295341e+13 9.521814e-13
1.787234 5.836120e+08 6.752680e+08 1.158046e+14 1.286361e+14 4.248501e+13 9.464185e-13
1.796170 5.831315e+08 6.748245e+08 1.162551e+14 1.291575e+14 4.201974e+13 9.406426e-13
1.805151 5.826524e+08 6.743820e+08 1.167076e+14 1.296811e+14 4.155920e+13 9.348879e-13
1.814177 5.821757e+08 6.739424e+08 1.171620e+14 1.302070e+14 4.110217e+13 9.291466e-13
1.823247 5.816995e+08 6.735020e+08 1.176183e+14 1.307352e+14 4.065090e+13 9.234024e-13
1.832364 5.812264e+08 6.730660e+08 1.180764e+14 1.312656e+14 4.020220e+13 9.176922e-13
1.841526 5.807538e+08 6.726288e+08 1.185365e+14 1.317984e+14 3.975941e+13 9.119636e-13
1.850733 5.802837e+08 6.721949e+08 1.189985e+14 1.323335e+14 3.931977e+13 9.062663e-13
1.859987 5.798144e+08 6.717608e+08 1.194625e+14 1.328710e+14 3.888529e+13 9.005731e-13
1.869287 5.793313e+08 6.712960e+08 1.199284e+14 1.334107e+14 3.847337e+13 8.948911e-13
1.878633 5.788379e+08 6.708087e+08 1.203962e+14 1.339528e+14 3.807871e+13 8.892329e-13
1.888026 5.783516e+08 6.703347e+08 1.208660e+14 1.344972e+14 3.768088e+13 8.835688e-13
1.897466 5.778966e+08 6.699228e+08 1.213377e+14 1.350440e+14 3.725304e+13 8.779394e-13
1.906954 5.774419e+08 6.695095e+08 1.218114e+14 1.355931e+14 3.683103e+13 8.722638e-13
1.916489 5.769553e+08 6.690300e+08 1.222871e+14 1.361447e+14 3.644989e+13 8.666111e-13
1.926071 5.764686e+08 6.685493e+08 1.227648e+14 1.366986e+14 3.607357e+13 8.609912e-13
1.935701 5.760088e+08 6.681208e+08 1.232444e+14 1.372548e+14 3.567353e+13 8.554043e-13
1.945380 5.755645e+08 6.677211e+08 1.237261e+14 1.378135e+14 3.526302e+13 8.499507e-13
1.955107 5.751041e+08 6.672875e+08 1.242098e+14 1.383747e+14 3.487502e+13 8.448071e-13
1.964882 5.746267e+08 6.668194e+08 1.246955e+14 1.389383e+14 3.450932e+13 8.396932e-13
1.974707 5.741515e+08 6.663541e+08 1.251833e+14 1.395043e+14 3.414615e+13 8.345739e-13
1.984580 5.736845e+08 6.659035e+08 1.256731e+14 1.400728e+14 3.377962e+13 8.294750e-13
1.994503 5.732178e+08 6.654521e+08 1.261649e+14 1.406437e+14 3.341756e+13 8.242372e-13
2.004476 5.727499e+08 6.649972e+08 1.266588e+14 1.412170e+14 3.306136e+13 8.186981e-13
2.014498 5.722825e+08 6.645392e+08 1.271548e+14 1.417929e+14 3.271091e+13 8.132411e-13
2.024571 5.718195e+08 6.640840e+08 1.276528e+14 1.423712e+14 3.236357e+13 8.081890e-13
2.034693 5.713593e+08 6.636277e+08 1.281529e+14 1.429520e+14 3.202122e+13 8.031670e-13
2.044867 5.708907e+08 6.631483e+08 1.286552e+14 1.435353e+14 3.169436e+13 7.981178e-13
2.055091 5.704097e+08 6.626351e+08 1.291595e+14 1.441212e+14 3.138819e+13 7.930755e-13
2.065367 5.699304e+08 6.621157e+08 1.296659e+14 1.447094e+14 3.108898e+13 7.880516e-13
2.075694 5.694815e+08 6.616515e+08 1.301744e+14 1.453002e+14 3.076736e+13 7.830331e-13
2.086072 5.690328e+08 6.611873e+08 1.306851e+14 1.458935e+14 3.044914e+13 7.780452e-13
2.096502 5.685890e+08 6.607315e+08 1.311979e+14 1.464894e+14 3.013050e+13 7.730533e-13
2.106985 5.681464e+08 6.602775e+08 1.317128e+14 1.470878e+14 2.981448e+13 7.680910e-13
2.117520 5.676887e+08 6.597959e+08 1.322300e+14 1.476888e+14 2.951412e+13 7.631380e-13
2.128107 5.672228e+08 6.592996e+08 1.327493e+14 1.482923e+14 2.922338e+13 7.582037e-13
2.138748 5.667577e+08 6.588043e+08 1.332707e+14 1.488985e+14 2.893510e+13 7.533998e-13
2.149442 5.662938e+08 6.583112e+08 1.337944e+14 1.495072e+14 2.864887e+13 7.488293e-13
2.160189 5.658302e+08 6.578185e+08 1.343202e+14 1.501184e+14 2.836541e+13 7.442854e-13
2.170990 5.653681e+08 6.573281e+08 1.348483e+14 1.507323e+14 2.808384e+13 7.393847e-13
2.181845 5.649062e+08 6.568381e+08 1.353785e+14 1.513488e+14 2.780506e+13 7.344471e-13
2.192754 5.644518e+08 6.563609e+08 1.359110e+14 1.519679e+14 2.752375e+13 7.297683e-13
2.203718 5.640000e+08 6.558881e+08 1.364456e+14 1.525897e+14 2.724365e+13 7.252793e-13
2.214736 5.635490e+08 6.554163e+08 1.369826e+14 1.532141e+14 2.696605e+13 7.207415e-13
2.225810 5.630988e+08 6.549456e+08 1.375218e+14 1.538411e+14 2.669096e+13 7.158198e-13
2.236939 5.626502e+08 6.544775e+08 1.380632e+14 1.544709e+14 2.641773e+13 7.109303e-13
2.248124 5.622058e+08 6.540161e+08 1.386069e+14 1.551034e+14 2.614471e+13 7.064358e-13
2.259364 5.617601e+08 6.535521e+08 1.391529e+14 1.557385e+14 2.587565e+13 7.019947e-13
2.270661 5.612904e+08 6.530464e+08 1.397012e+14 1.563764e+14 2.562570e+13 6.975205e-13
2.282015 5.608210e+08 6.525412e+08 1.402518e+14 1.570170e+14 2.537811e+13 6.930250e-13
2.293425 5.603746e+08 6.520753e+08 1.408047e+14 1.576603e+14 2.511794e+13 6.885612e-13
2.304892 5.599375e+08 6.516249e+08 1.413599e+14 1.583064e+14 2.485465e+13 6.841404e-13
2.316416 5.594887e+08 6.511541e+08 1.419174e+14 1.589552e+14 2.460192e+13 6.797468e-13
2.327998 5.590302e+08 6.506664e+08 1.424773e+14 1.596068e+14 2.435811e+13 6.753262e-13
2.339638 5.585732e+08 6.501811e+08 1.430395e+14 1.602612e+14 2.411595e+13 6.709240e-13
2.351336 5.581202e+08 6.497024e+08 1.436041e+14 1.609183e+14 2.387388e+13 6.666848e-13
2.363093 5.576675e+08 6.492239e+08 1.441710e+14 1.615783e+14 2.363428e+13 6.625867e-13
2.374909 5.572199e+08 6.487537e+08 1.447403e+14 1.622410e+14 2.339421e+13 6.584894e-13
2.386783 5.567728e+08 6.482839e+08 1.453120e+14 1.629066e+14 2.315653e+13 6.541097e-13
2.398717 5.563260e+08 6.478144e+08 1.458861e+14 1.635751e+14 2.292124e+13 6.497581e-13
2.410711 5.558795e+08 6.473452e+08 1.464626e+14 1.642464e+14 2.268836e+13 6.453859e-13
2.422764 5.554356e+08 6.468798e+08 1.470415e+14 1.649205e+14 2.245660e+13 6.410301e-13
2.434878 5.549945e+08 6.464187e+08 1.476228e+14 1.655976e+14 2.222586e+13 6.368420e-13
2.447052 5.545484e+08 6.459491e+08 1.482066e+14 1.662775e+14 2.200047e+13 6.327912e-13
2.459288 5.540880e+08 6.454553e+08 1.487928e+14 1.669604e+14 2.178560e+13 6.287629e-13
2.471584 5.536278e+08 6.449618e+08 1.493815e+14 1.676461e+14 2.157282e+13 6.247464e-13
2.483942 5.531951e+08 6.445133e+08 1.499726e+14 1.683348e+14 2.134734e+13 6.207548e-13
2.496362 5.527649e+08 6.440686e+08 1.505662e+14 1.690264e+14 2.112307e+13 6.167777e-13
2.508844 5.523197e+08 6.435988e+08 1.511623e+14 1.697210e+14 2.090940e+13 6.128223e-13
2.521388 5.518697e+08 6.431208e+08 1.517610e+14 1.704185e+14 2.070062e+13 6.088491e-13
2.533995 5.514197e+08 6.426426e+08 1.523621e+14 1.711190e+14 2.049405e+13 6.048464e-13
2.546665 5.509699e+08 6.421643e+08 1.529657e+14 1.718225e+14 2.028970e+13 6.008679e-13
2.559398 5.505220e+08 6.416890e+08 1.535719e+14 1.725290e+14 2.008655e+13 5.969052e-13
2.572195 5.500821e+08 6.412263e+08 1.541806e+14 1.732385e+14 1.988161e+13 5.929678e-13
2.585056 5.496425e+08 6.407638e+08 1.547918e+14 1.739510e+14 1.967881e+13 5.890134e-13
2.597981 5.492024e+08 6.403002e+08 1.554056e+14 1.746666e+14 1.947849e+13 5.850744e-13
2.610971 5.487626e+08 6.398366e+08 1.560220e+14 1.753852e+14 1.928029e+13 5.812925e-13
2.624026 5.483260e+08 6.393779e+08 1.566410e+14 1.761069e+14 1.908274e+13 5.776542e-13
2.637146 5.478910e+08 6.389213e+08 1.572625e+14 1.768317e+14 1.888669e+13 5.740069e-13
2.650332 5.474496e+08 6.384540e+08 1.578867e+14 1.775596e+14 1.869590e+13 5.701063e-13
2.663583 5.470018e+08 6.379744e+08 1.585135e+14 1.782906e+14 1.851083e+13 5.662314e-13
2.676901 5.465582e+08 6.374988e+08 1.591429e+14 1.790247e+14 1.832673e+13 5.625626e-13
2.690286 5.461334e+08 6.370495e+08 1.597750e+14 1.797619e+14 1.813732e+13 5.589454e-13
2.703737 5.457093e+08 6.365960e+08 1.604097e+14 1.805023e+14 1.795152e+13 5.553277e-13
2.717256 5.452665e+08 6.361107e+08 1.610471e+14 1.812458e+14 1.777674e+13 5.517087e-13
2.730842 5.448240e+08 6.356258e+08 1.616872e+14 1.819925e+14 1.760361e+13 5.481062e-13
2.744497 5.443845e+08 6.351457e+08 1.623299e+14 1.827424e+14 1.743093e+13 5.444866e-13
2.758219 5.439465e+08 6.346677e+08 1.629753e+14 1.834954e+14 1.725945e+13 5.408902e-13
2.772010 5.435104e+08 6.341928e+08 1.636235e+14 1.842517e+14 1.708889e+13 5.373155e-13
2.785870 5.430767e+08 6.337214e+08 1.642743e+14 1.850111e+14 1.691914e+13 5.337633e-13
2.799800 5.426454e+08 6.332537e+08 1.649279e+14 1.857738e+14 1.675018e+13 5.302122e-13
2.813799 5.422217e+08 6.327977e+08 1.655843e+14 1.865397e+14 1.657994e+13 5.266627e-13
2.827867 5.417982e+08 6.323418e+08 1.662434e+14 1.873089e+14 1.641143e+13 5.231750e-13
2.842007 5.413731e+08 6.318832e+08 1.669053e+14 1.880814e+14 1.624542e+13 5.198488e-13
2.856217 5.409481e+08 6.314248e+08 1.675699e+14 1.888572e+14 1.608108e+13 5.165430e-13
2.870498 5.405090e+08 6.309444e+08 1.682374e+14 1.896363e+14 1.592402e+13 5.130476e-13
2.884850 5.400669e+08 6.304594e+08 1.689077e+14 1.904187e+14 1.576973e+13 5.095247e-13
2.899275 5.396268e+08 6.299775e+08 1.695807e+14 1.912044e+14 1.561622e+13 5.061264e-13
2.913771 5.391887e+08 6.294986e+08 1.702566e+14 1.919935e+14 1.546355e+13 5.028274e-13
2.928340 5.387582e+08 6.290312e+08 1.709353e+14 1.927858e+14 1.530963e+13 4.995501e-13
2.942982 5.383519e+08 6.286006e+08 1.716168e+14 1.935816e+14 1.514844e+13 4.962966e-13
2.957697 5.379433e+08 6.281663e+08 1.723013e+14 1.943808e+14 1.498989e+13 4.930635e-13
2.972485 5.375129e+08 6.276985e+08 1.729886e+14 1.951834e+14 1.484099e+13 4.897821e-13
2.987347 5.370827e+08 6.272310e+08 1.736789e+14 1.959894e+14 1.469356e+13 4.865104e-13
3.002284 5.366437e+08 6.267500e+08 1.743720e+14 1.967989e+14 1.455081e+13 4.832633e-13
3.017296 5.362036e+08 6.262672e+08 1.750680e+14 1.976118e+14 1.440993e+13 4.800404e-13
3.032382 5.357760e+08 6.258032e+08 1.757669e+14 1.984281e+14 1.426617e+13 4.768300e-13
3.047544 5.353597e+08 6.253563e+08 1.764688e+14 1.992479e+14 1.412006e+13 4.736140e-13
3.062782 5.349361e+08 6.248981e+08 1.771736e+14 2.000712e+14 1.397803e+13 4.704190e-13
3.078096 5.344973e+08 6.244169e+08 1.778814e+14 2.008980e+14 1.384261e+13 4.673519e-13
3.093486 5.340598e+08 6.239375e+08 1.785921e+14 2.017283e+14 1.370815e+13 4.643084e-13
3.108954 5.336509e+08 6.235010e+08 1.793058e+14 2.025622e+14 1.356572e+13 4.611826e-13
3.124498 5.332422e+08 6.230646e+08 1.800226e+14 2.033996e+14 1.342479e+13 4.580005e-13
3.140121 5.328184e+08 6.226054e+08 1.807423e+14 2.042406e+14 1.329027e+13 4.548915e-13
3.155821 5.323929e+08 6.221434e+08 1.814651e+14 2.050852e+14 1.315777e+13 4.519046e-13
3.171600 5.319735e+08 6.216904e+08 1.821909e+14 2.059333e+14 1.302475e+13 4.489368e-13
3.187458 5.315578e+08 6.212428e+08 1.829198e+14 2.067851e+14 1.289201e+13 4.459575e-13
3.203396 5.311409e+08 6.207932e+08 1.836518e+14 2.076406e+14 1.276110e+13 4.429969e-13
3.219413 5.307221e+08 6.203404e+08 1.843868e+14 2.084997e+14 1.263221e+13 4.400356e-13
3.235510 5.303017e+08 6.198853e+08 1.851249e+14 2.093624e+14 1.250519e+13 4.370835e-13
3.251687 5.298739e+08 6.194189e+08 1.858661e+14 2.102289e+14 1.238175e+13 4.341243e-13
3.267946 5.294463e+08 6.189528e+08 1.866105e+14 2.110990e+14 1.225954e+13 4.311378e-13
3.284286 5.290320e+08 6.185061e+08 1.873579e+14 2.119728e+14 1.213475e+13 4.281725e-13
3.300707 5.286197e+08 6.180622e+08 1.881085e+14 2.128503e+14 1.201077e+13 4.252409e-13
3.317211 5.282006e+08 6.176082e+08 1.888623e+14 2.137316e+14 1.189005e+13 4.223287e-13
3.333797 5.277792e+08 6.171504e+08 1.896192e+14 2.146167e+14 1.177134e+13 4.195456e-13
3.350466 5.273622e+08 6.166991e+08 1.903793e+14 2.155055e+14 1.165264e+13 4.168047e-13
3.367218 5.269506e+08 6.162554e+08 1.911426e+14 2.163981e+14 1.153375e+13 4.140695e-13
3.384054 5.265382e+08 6.158104e+08 1.919091e+14 2.172945e+14 1.141636e+13 4.113376e-13
3.400974 5.261225e+08 6.153604e+08 1.926789e+14 2.181948e+14 1.130117e+13 4.085995e-13
3.417979 5.257071e+08 6.149106e+08 1.934519e+14 2.190989e+14 1.118716e+13 4.056733e-13
3.435069 5.252835e+08 6.144486e+08 1.942281e+14 2.200069e+14 1.107655e+13 4.027674e-13
3.452244 5.248602e+08 6.139870e+08 1.950076e+14 2.209187e+14 1.096704e+13 4.000443e-13
3.469506 5.244510e+08 6.135457e+08 1.957904e+14 2.218344e+14 1.085504e+13 3.973556e-13
3.486853 5.240483e+08 6.131130e+08 1.965764e+14 2.227540e+14 1.074275e+13 3.947305e-13
3.504287 5.236377e+08 6.126677e+08 1.973658e+14 2.236775e+14 1.063394e+13 3.921520e-13
3.521809 5.232198e+08 6.122102e+08 1.981585e+14 2.246050e+14 1.052845e+13 3.895567e-13
3.539418 5.228028e+08 6.117524e+08 1.989546e+14 2.255364e+14 1.042423e+13 3.868462e-13
3.557115 5.223875e+08 6.112966e+08 1.997539e+14 2.264718e+14 1.032073e+13 3.841542e-13
3.574901 5.219726e+08 6.108413e+08 2.005567e+14 2.274112e+14 1.021824e+13 3.816326e-13
3.592775 5.215669e+08 6.103992e+08 2.013628e+14 2.283545e+14 1.011459e+13 3.791364e-13
3.610739 5.211616e+08 6.099574e+08 2.021723e+14 2.293019e+14 1.001200e+13 3.765378e-13
3.628793 5.207578e+08 6.095177e+08 2.029852e+14 2.302533e+14 9.910146e+12 3.738725e-13
3.646937 5.203547e+08 6.090788e+08 2.038016e+14 2.312088e+14 9.809252e+12 3.712696e-13
3.665171 5.199527e+08 6.086414e+08 2.046214e+14 2.321684e+14 9.709193e+12 3.687592e-13
3.683497 5.195516e+08 6.082050e+08 2.054447e+14 2.331321e+14 9.610026e+12 3.662619e-13
3.701915 5.191475e+08 6.077644e+08 2.062714e+14 2.341000e+14 9.512601e+12 3.637217e-13
3.720424 5.187393e+08 6.073176e+08 2.071017e+14 2.350719e+14 9.417181e+12 3.611987e-13
3.739026 5.183315e+08 6.068713e+08 2.079354e+14 2.360480e+14 9.322673e+12 3.587118e-13
3.757721 5.179252e+08 6.064271e+08 2.087726e+14 2.370283e+14 9.228855e+12 3.562476e-13
3.776510 5.175192e+08 6.059831e+08 2.096134e+14 2.380127e+14 9.135984e+12 3.538308e-13
3.795393 5.171146e+08 6.055409e+08 2.104577e+14 2.390013e+14 9.043822e+12 3.514619e-13
3.814370 5.167103e+08 6.050991e+08 2.113056e+14 2.399942e+14 8.952572e+12 3.490965e-13
3.833441 5.163127e+08 6.046666e+08 2.121570e+14 2.409913e+14 8.860912e+12 3.466635e-13
3.852609 5.159182e+08 6.042383e+08 2.130120e+14 2.419926e+14 8.769617e+12 3.442471e-13
3.871872 5.155126e+08 6.037941e+08 2.138707e+14 2.429983e+14 8.681611e+12 3.419030e-13
3.891231 5.150958e+08 6.033340e+08 2.147330e+14 2.440082e+14 8.596851e+12 3.395808e-13
3.910687 5.146830e+08 6.028795e+08 2.155989e+14 2.450224e+14 8.512163e+12 3.372403e-13
3.930241 5.142837e+08 6.024439e+08 2.164684e+14 2.460409e+14 8.425656e+12 3.348907e-13
3.949892 5.138848e+08 6.020086e+08 2.173416e+14 2.470638e+14 8.340035e+12 3.325651e-13
3.969641 5.134942e+08 6.015848e+08 2.182184e+14 2.480910e+14 8.253705e+12 3.302762e-13
3.989489 5.131042e+08 6.011617e+08 2.190990e+14 2.491227e+14 8.168224e+12 3.280026e-13
4.009437 5.126964e+08 6.007134e+08 2.199833e+14 2.501588e+14 8.087120e+12 3.257966e-13
4.029484 5.122851e+08 6.002602e+08 2.208713e+14 2.511992e+14 8.007535e+12 3.236051e-13
4.049631 5.118867e+08 5.998249e+08 2.217631e+14 2.522441e+14 7.926367e+12 3.213512e-13
4.069880 5.115001e+08 5.994060e+08 2.226586e+14 2.532935e+14 7.843873e+12 3.190680e-13
4.090229 5.111140e+08 5.989874e+08 2.235579e+14 2.543474e+14 7.762222e+12 3.168388e-13
4.110680 5.107286e+08 5.985695e+08 2.244611e+14 2.554058e+14 7.681376e+12 3.146824e-13
4.131234 5.103410e+08 5.981485e+08 2.253680e+14 2.564687e+14 7.601814e+12 3.125394e-13
4.151890 5.099410e+08 5.977103e+08 2.262788e+14 2.575362e+14 7.525335e+12 3.104008e-13
4.172649 5.095414e+08 5.972723e+08 2.271935e+14 2.586083e+14 7.449632e+12 3.082765e-13
4.193512 5.091421e+08 5.968346e+08 2.281119e+14 2.596849e+14 7.374694e+12 3.061249e-13
4.214480 5.087431e+08 5.963971e+08 2.290343e+14 2.607661e+14 7.300515e+12 3.039760e-13
4.235552 5.083506e+08 5.959685e+08 2.299606e+14 2.618520e+14 7.226028e+12 3.018370e-13
4.256730 5.079611e+08 5.955439e+08 2.308907e+14 2.629425e+14 7.151844e+12 2.997078e-13
4.278014 5.075693e+08 5.951159e+08 2.318248e+14 2.640376e+14 7.078872e+12 2.975912e-13
4.299404 5.071750e+08 5.946843e+08 2.327628e+14 2.651374e+14 7.007106e+12 2.954830e-13
4.320901 5.067842e+08 5.942574e+08 2.337048e+14 2.662420e+14 6.935555e+12 2.933895e-13
4.342505 5.064050e+08 5.938462e+08 2.346508e+14 2.673512e+14 6.862905e+12 2.913540e-13
4.364218 5.060252e+08 5.934340e+08 2.356008e+14 2.684653e+14 6.791172e+12 2.893321e-13
4.386039 5.056315e+08 5.930027e+08 2.365549e+14 2.695841e+14 6.722446e+12 2.873186e-13
4.407969 5.052382e+08 5.925716e+08 2.375129e+14 2.707077e+14 6.654424e+12 2.853162e-13
4.430009 5.048526e+08 5.921510e+08 2.384750e+14 2.718361e+14 6.585932e+12 2.833249e-13
4.452159 5.044689e+08 5.917326e+08 2.394412e+14 2.729693e+14 6.517918e+12 2.813432e-13
4.474420 5.040766e+08 5.913024e+08 2.404114e+14 2.741074e+14 6.451971e+12 2.793693e-13
4.496792 5.036791e+08 5.908652e+08 2.413858e+14 2.752504e+14 6.387515e+12 2.773648e-13
4.519276 5.032899e+08 5.904389e+08 2.423642e+14 2.763982e+14 6.322534e+12 2.753744e-13
4.541872 5.029160e+08 5.900322e+08 2.433468e+14 2.775509e+14 6.256134e+12 2.735042e-13
4.564582 5.025398e+08 5.896208e+08 2.443336e+14 2.787086e+14 6.191014e+12 2.716633e-13
4.587405 5.021518e+08 5.891917e+08 2.453246e+14 2.798713e+14 6.128549e+12 2.697865e-13
4.610342 5.017642e+08 5.887627e+08 2.463197e+14 2.810389e+14 6.066744e+12 2.678801e-13
4.633393 5.013757e+08 5.883325e+08 2.473190e+14 2.822116e+14 6.005725e+12 2.659771e-13
4.656560 5.009875e+08 5.879024e+08 2.483226e+14 2.833892e+14 5.945328e+12 2.640531e-13
4.679843 5.005965e+08 5.874686e+08 2.493304e+14 2.845718e+14 5.885963e+12 2.621461e-13
4.703242 5.002047e+08 5.870336e+08 2.503425e+14 2.857595e+14 5.827340e+12 2.603624e-13
4.726759 4.998234e+08 5.866128e+08 2.513588e+14 2.869522e+14 5.767901e+12 2.585906e-13
4.750392 4.994544e+08 5.862082e+08 2.523794e+14 2.881501e+14 5.707464e+12 2.567482e-13
4.774144 4.990814e+08 5.857980e+08 2.534044e+14 2.893531e+14 5.648244e+12 2.548774e-13
4.798015 4.986982e+08 5.853741e+08 2.544337e+14 2.905612e+14 5.591017e+12 2.530189e-13
4.822005 4.983158e+08 5.849512e+08 2.554674e+14 2.917746e+14 5.534301e+12 2.511723e-13
4.846115 4.979422e+08 5.845399e+08 2.565054e+14 2.929931e+14 5.477067e+12 2.493537e-13
4.870346 4.975688e+08 5.841288e+08 2.575479e+14 2.942168e+14 5.420431e+12 2.476075e-13
4.894697 4.971943e+08 5.837160e+08 2.585947e+14 2.954458e+14 5.364573e+12 2.458733e-13
4.919171 4.968198e+08 5.833031e+08 2.596461e+14 2.966801e+14 5.309327e+12 2.441509e-13
4.943767 4.964359e+08 5.828777e+08 2.607018e+14 2.979197e+14 5.255848e+12 2.424402e-13
4.968486 4.960474e+08 5.824460e+08 2.617621e+14 2.991645e+14 5.203515e+12 2.407142e-13
4.993328 4.956628e+08 5.820193e+08 2.628268e+14 3.004147e+14 5.151267e+12 2.389840e-13
5.018295 4.952836e+08 5.815998e+08 2.638960e+14 3.016702e+14 5.098927e+12 2.372755e-13
5.043386 4.949063e+08 5.811827e+08 2.649697e+14 3.029310e+14 5.046926e+12 2.355950e-13
5.068603 4.945367e+08 5.807756e+08 2.660480e+14 3.041973e+14 4.994593e+12 2.339231e-13
5.093946 4.941673e+08 5.803687e+08 2.671308e+14 3.054690e+14 4.942808e+12 2.321975e-13
5.119416 4.937958e+08 5.799589e+08 2.682183e+14 3.067461e+14 4.891839e+12 2.304843e-13
5.145013 4.934246e+08 5.795492e+08 2.693104e+14 3.080287e+14 4.841406e+12 2.288417e-13
5.170738 4.930511e+08 5.791365e+08 2.704071e+14 3.093169e+14 4.791782e+12 2.272221e-13
5.196592 4.926773e+08 5.787232e+08 2.715084e+14 3.106105e+14 4.742744e+12 2.255907e-13
5.222575 4.923155e+08 5.783257e+08 2.726145e+14 3.119097e+14 4.692902e+12 2.239524e-13
5.248687 4.919638e+08 5.779412e+08 2.737252e+14 3.132145e+14 4.642511e+12 2.223446e-13
5.274931 4.915970e+08 5.775367e+08 2.748407e+14 3.145250e+14 4.594347e+12 2.207937e-13
5.301306 4.912073e+08 5.771022e+08 2.759609e+14 3.158410e+14 4.549174e+12 2.192534e-13
5.327812 4.908220e+08 5.766732e+08 2.770859e+14 3.171627e+14 4.504022e+12 2.176250e-13
5.354451 4.904652e+08 5.762815e+08 2.782156e+14 3.184900e+14 4.456332e+12 2.160050e-13
5.381223 4.901086e+08 5.758899e+08 2.793501e+14 3.198230e+14 4.409155e+12 2.144458e-13
5.408130 4.897383e+08 5.754803e+08 2.804894e+14 3.211617e+14 4.363934e+12 2.129139e-13
5.435170 4.893675e+08 5.750698e+08 2.816336e+14 3.225062e+14 4.319270e+12 2.113952e-13
5.462346 4.889944e+08 5.746563e+08 2.827826e+14 3.238565e+14 4.275319e+12 2.098898e-13
5.489658 4.886206e+08 5.742417e+08 2.839365e+14 3.252125e+14 4.231923e+12 2.083986e-13
5.517106 4.882577e+08 5.738412e+08 2.850953e+14 3.265744e+14 4.187908e+12 2.069319e-13
5.544692 4.879060e+08 5.734552e+08 2.862590e+14 3.279421e+14 4.143285e+12 2.054754e-13
5.572415 4.875496e+08 5.730627e+08 2.874277e+14 3.293157e+14 4.099637e+12 2.039456e-13
5.600277 4.871817e+08 5.726554e+08 2.886014e+14 3.306952e+14 4.057575e+12 2.024156e-13
5.628278 4.868156e+08 5.722501e+08 2.897800e+14 3.320806e+14 4.015817e+12 2.009379e-13
5.656420 4.864589e+08 5.718570e+08 2.909637e+14 3.334720e+14 3.973621e+12 1.994915e-13
5.684702 4.861025e+08 5.714642e+08 2.921524e+14 3.348694e+14 3.931874e+12 1.980411e-13
5.713125 4.857428e+08 5.710669e+08 2.933461e+14 3.362728e+14 3.890900e+12 1.965779e-13
5.741691 4.853831e+08 5.706694e+08 2.945450e+14 3.376822e+14 3.850392e+12 1.951261e-13
5.770400 4.850204e+08 5.702680e+08 2.957489e+14 3.390977e+14 3.810599e+12 1.936910e-13
5.799252 4.846567e+08 5.698651e+08 2.969580e+14 3.405193e+14 3.771342e+12 1.922663e-13
5.828248 4.842993e+08 5.694703e+08 2.981722e+14 3.419469e+14 3.731955e+12 1.909035e-13
5.857389 4.839477e+08 5.690829e+08 2.993916e+14 3.433808e+14 3.692481e+12 1.895570e-13
5.886676 4.835910e+08 5.686894e+08 3.006161e+14 3.448208e+14 3.653860e+12 1.881995e-13
5.916109 4.832217e+08 5.682798e+08 3.018459e+14 3.462670e+14 3.616730e+12 1.868371e-13
5.945690 4.828545e+08 5.678729e+08 3.030809e+14 3.477193e+14 3.579820e+12 1.854735e-13
5.975418 4.825085e+08 5.674930e+08 3.043212e+14 3.491779e+14 3.541525e+12 1.840953e-13
6.005295 4.821627e+08 5.671133e+08 3.055667e+14 3.506429e+14 3.503647e+12 1.827276e-13
6.035322 4.818035e+08 5.667161e+08 3.068176e+14 3.521141e+14 3.467324e+12 1.813787e-13
6.065499 4.814429e+08 5.663170e+08 3.080738e+14 3.535917e+14 3.431518e+12 1.800396e-13
6.095826 4.810884e+08 5.659257e+08 3.093353e+14 3.550756e+14 3.395608e+12 1.787200e-13
6.126305 4.807373e+08 5.655385e+08 3.106022e+14 3.565659e+14 3.359833e+12 1.774120e-13
6.156937 4.803841e+08 5.651484e+08 3.118745e+14 3.580626e+14 3.324634e+12 1.760702e-13
6.187721 4.800280e+08 5.647546e+08 3.131522e+14 3.595658e+14 3.290051e+12 1.747001e-13
6.218660 4.796744e+08 5.643638e+08 3.144354e+14 3.610755e+14 3.255661e+12 1.733892e-13
6.249753 4.793278e+08 5.639818e+08 3.157240e+14 3.625916e+14 3.221119e+12 1.721821e-13
6.281002 4.789803e+08 5.635983e+08 3.170181e+14 3.641143e+14 3.187043e+12 1.709816e-13
6.312407 4.786181e+08 5.631961e+08 3.183178e+14 3.656436e+14 3.154461e+12 1.696728e-13
6.343969 4.782562e+08 5.627942e+08 3.196230e+14 3.671794e+14 3.122217e+12 1.683738e-13
6.375689 4.779151e+08 5.624186e+08 3.209337e+14 3.687218e+14 3.088783e+12 1.671270e-13
6.407567 4.775777e+08 5.620475e+08 3.222500e+14 3.702708e+14 3.055462e+12 1.659005e-13
6.439605 4.772366e+08 5.616714e+08 3.235720e+14 3.718266e+14 3.022801e+12 1.646892e-13
6.471803 4.768935e+08 5.612928e+08 3.248996e+14 3.733891e+14 2.990646e+12 1.634927e-13
6.504162 4.765429e+08 5.609044e+08 3.262329e+14 3.749584e+14 2.959402e+12 1.622856e-13
6.536683 4.761840e+08 5.605055e+08 3.275719e+14 3.765344e+14 2.929088e+12 1.610304e-13
6.569367 4.758319e+08 5.601150e+08 3.289166e+14 3.781172e+14 2.898635e+12 1.597855e-13
6.602213 4.754982e+08 5.597476e+08 3.302670e+14 3.797068e+14 2.867252e+12 1.586071e-13
6.635224 4.751633e+08 5.593785e+08 3.316231e+14 3.813033e+14 2.836318e+12 1.574372e-13
6.668401 4.748069e+08 5.589822e+08 3.329852e+14 3.829067e+14 2.807188e+12 1.562467e-13
6.701743 4.744509e+08 5.585862e+08 3.343530e+14 3.845170e+14 2.778362e+12 1.550576e-13
6.735251 4.741089e+08 5.582078e+08 3.357266e+14 3.861342e+14 2.748919e+12 1.538845e-13
6.768928 4.737690e+08 5.578318e+08 3.371061e+14 3.877584e+14 2.719678e+12 1.527262e-13
6.802772 4.734244e+08 5.574498e+08 3.384914e+14 3.893896e+14 2.691073e+12 1.515808e-13
6.836786 4.730776e+08 5.570649e+08 3.398827e+14 3.910278e+14 2.662932e+12 1.504545e-13
6.870970 4.727352e+08 5.566854e+08 3.412800e+14 3.926731e+14 2.634825e+12 1.493342e-13
6.905325 4.723979e+08 5.563120e+08 3.426832e+14 3.943255e+14 2.606723e+12 1.481862e-13
6.939851 4.720607e+08 5.559387e+08 3.440924e+14 3.959850e+14 2.578930e+12 1.470469e-13
6.974551 4.717236e+08 5.555655e+08 3.455076e+14 3.976517e+14 2.551446e+12 1.459623e-13
7.009423 4.713863e+08 5.551916e+08 3.469289e+14 3.993256e+14 2.524298e+12 1.448982e-13
7.044471 4.710416e+08 5.548085e+08 3.483563e+14 4.010068e+14 2.497900e+12 1.438031e-13
7.079693 4.706971e+08 5.544256e+08 3.497898e+14 4.026952e+14 2.471783e+12 1.426820e-13
7.115091 4.703607e+08 5.540526e+08 3.512294e+14 4.043909e+14 2.445484e+12 1.415841e-13
7.150667 4.700257e+08 5.536810e+08 3.526751e+14 4.060939e+14 2.419407e+12 1.405285e-13
7.186420 4.696909e+08 5.533098e+08 3.541271e+14 4.078042e+14 2.393610e+12 1.394800e-13
7.222352 4.693564e+08 5.529387e+08 3.555853e+14 4.095220e+14 2.368092e+12 1.384119e-13
7.258464 4.690267e+08 5.525734e+08 3.570497e+14 4.112472e+14 2.342593e+12 1.373518e-13
7.294756 4.687020e+08 5.522142e+08 3.585204e+14 4.129799e+14 2.317110e+12 1.363124e-13
7.331230 4.683722e+08 5.518485e+08 3.599974e+14 4.147201e+14 2.292203e+12 1.352847e-13
7.367886 4.680303e+08 5.514676e+08 3.614808e+14 4.164679e+14 2.268252e+12 1.342503e-13
7.404726 4.676899e+08 5.510885e+08 3.629705e+14 4.182231e+14 2.244487e+12 1.332110e-13
7.441749 4.673661e+08 5.507298e+08 3.644666e+14 4.199860e+14 2.220092e+12 1.321947e-13
7.478958 4.670425e+08 5.503713e+08 3.659691e+14 4.217565e+14 2.195969e+12 1.312189e-13
7.516353 4.667032e+08 5.499929e+08 3.674781e+14 4.235347e+14 2.172971e+12 1.302465e-13
7.553935 4.663627e+08 5.496127e+08 3.689935e+14 4.253206e+14 2.150299e+12 1.292143e-13
7.591704 4.660329e+08 5.492456e+08 3.705154e+14 4.271141e+14 2.127330e+12 1.281902e-13
7.629663 4.657084e+08 5.488849e+08 3.720438e+14 4.289154e+14 2.104355e+12 1.271884e-13
7.667811 4.653804e+08 5.485197e+08 3.735787e+14 4.307246e+14 2.081819e+12 1.261977e-13
7.706150 4.650491e+08 5.481504e+08 3.751203e+14 4.325415e+14 2.059706e+12 1.252425e-13
7.744681 4.647203e+08 5.477840e+08 3.766685e+14 4.343663e+14 2.037722e+12 1.243132e-13
7.783404 4.643966e+08 5.474237e+08 3.782233e+14 4.361991e+14 2.015739e+12 1.233672e-13
7.822321 4.640722e+08 5.470625e+08 3.797848e+14 4.380397e+14 1.994042e+12 1.223824e-13
7.861433 4.637419e+08 5.466938e+08 3.813530e+14 4.398884e+14 1.972881e+12 1.214115e-13
7.900740 4.634118e+08 5.463253e+08 3.829280e+14 4.417450e+14 1.951948e+12 1.205062e-13
7.940244 4.630865e+08 5.459625e+08 3.845096e+14 4.436097e+14 1.931027e+12 1.196075e-13
7.979945 4.627618e+08 5.456004e+08 3.860981e+14 4.454825e+14 1.910315e+12 1.186777e-13
8.019845 4.624410e+08 5.452429e+08 3.876934e+14 4.473633e+14 1.889664e+12 1.177499e-13
8.059944 4.621218e+08 5.448872e+08 3.892956e+14 4.492524e+14 1.869177e+12 1.168416e-13
8.100244 4.618000e+08 5.445282e+08 3.909046e+14 4.511496e+14 1.849046e+12 1.159477e-13
8.140745 4.614760e+08 5.441665e+08 3.925206e+14 4.530551e+14 1.829240e+12 1.150514e-13
8.181449 4.611533e+08 5.438061e+08 3.941435e+14 4.549688e+14 1.809608e+12 1.141474e-13
8.222356 4.608325e+08 5.434480e+08 3.957734e+14 4.568908e+14 1.790113e+12 1.132503e-13
8.263468 4.605128e+08 5.430911e+08 3.974103e+14 4.588212e+14 1.770799e+12 1.123606e-13
8.304785 4.601973e+08 5.427391e+08 3.990543e+14 4.607599e+14 1.751526e+12 1.114778e-13
8.346309 4.598820e+08 5.423873e+08 4.007053e+14 4.627071e+14 1.732467e+12 1.106209e-13
8.388041 4.595616e+08 5.420291e+08 4.023635e+14 4.646627e+14 1.713844e+12 1.097724e-13
8.429981 4.592415e+08 5.416712e+08 4.040287e+14 4.666268e+14 1.695423e+12 1.089150e-13
8.472131 4.589210e+08 5.413127e+08 4.057012e+14 4.685995e+14 1.677228e+12 1.080569e-13
8.514491 4.586007e+08 5.409542e+08 4.073808e+14 4.705807e+14 1.659237e+12 1.072054e-13
8.557064 4.582851e+08 5.406014e+08 4.090677e+14 4.725704e+14 1.641259e+12 1.063603e-13
8.599849 4.579729e+08 5.402526e+08 4.107618e+14 4.745688e+14 1.623354e+12 1.055169e-13
8.642848 4.576606e+08 5.399035e+08 4.124632e+14 4.765760e+14 1.605662e+12 1.046619e-13
8.686063 4.573480e+08 5.395539e+08 4.141720e+14 4.785918e+14 1.588184e+12 1.038138e-13
8.729493 4.570343e+08 5.392029e+08 4.158881e+14 4.806164e+14 1.570953e+12 1.030149e-13
8.773140 4.567170e+08 5.388474e+08 4.176117e+14 4.826498e+14 1.554061e+12 1.022227e-13
8.817006 4.564001e+08 5.384922e+08 4.193426e+14 4.846921e+14 1.537346e+12 1.014061e-13
8.861091 4.560876e+08 5.381423e+08 4.210810e+14 4.867431e+14 1.520657e+12 1.005839e-13
8.905396 4.557753e+08 5.377925e+08 4.228269e+14 4.888031e+14 1.504153e+12 9.979024e-14
8.949923 4.554670e+08 5.374474e+08 4.245804e+14 4.908721e+14 1.487695e+12 9.902212e-14
8.994673 4.551596e+08 5.371032e+08 4.263414e+14 4.929501e+14 1.471396e+12 9.825072e-14
9.039646 4.548486e+08 5.367546e+08 4.281100e+14 4.950371e+14 1.455415e+12 9.745826e-14
9.084845 4.545362e+08 5.364041e+08 4.298862e+14 4.971332e+14 1.439670e+12 9.667287e-14
9.130269 4.542273e+08 5.360578e+08 4.316701e+14 4.992384e+14 1.423983e+12 9.590949e-14
9.175920 4.539220e+08 5.357156e+08 4.334617e+14 5.013527e+14 1.408352e+12 9.515201e-14
9.221800 4.536152e+08 5.353716e+08 4.352611e+14 5.034763e+14 1.392955e+12 9.438738e-14
9.267909 4.533049e+08 5.350232e+08 4.370682e+14 5.056091e+14 1.377857e+12 9.362578e-14
9.314248 4.529953e+08 5.346756e+08 4.388831e+14 5.077512e+14 1.362909e+12 9.287976e-14
9.360820 4.526895e+08 5.343324e+08 4.407058e+14 5.099026e+14 1.348007e+12 9.214597e-14
9.407624 4.523840e+08 5.339894e+08 4.425364e+14 5.120634e+14 1.333271e+12 9.141406e-14
9.454662 4.520823e+08 5.336509e+08 4.443750e+14 5.142336e+14 1.318576e+12 9.068075e-14
9.501935 4.517812e+08 5.333129e+08 4.462215e+14 5.164132e+14 1.304036e+12 8.995191e-14
9.549445 4.514778e+08 5.329726e+08 4.480760e+14 5.186024e+14 1.289725e+12 8.921934e-14
9.597192 4.511741e+08 5.326318e+08 4.499385e+14 5.208011e+14 1.275591e+12 8.849261e-14
9.645178 4.508688e+08 5.322891e+08 4.518090e+14 5.230094e+14 1.261669e+12 8.778187e-14
9.693404 4.505626e+08 5.319451e+08 4.536877e+14 5.252273e+14 1.247939e+12 8.707768e-14
9.741871 4.502617e+08 5.316073e+08 4.555744e+14 5.274548e+14 1.234203e+12 8.637521e-14
9.790580 4.499692e+08 5.312795e+08 4.574693e+14 5.296921e+14 1.220370e+12 8.567647e-14
9.839533 4.496740e+08 5.309482e+08 4.593725e+14 5.319392e+14 1.206786e+12 8.497872e-14
9.888731 4.493695e+08 5.306058e+08 4.612839e+14 5.341961e+14 1.193639e+12 8.428121e-14
9.938175 4.490656e+08 5.302640e+08 4.632036e+14 5.364628e+14 1.180630e+12 8.359220e-14
9.987865 4.487717e+08 5.299339e+08 4.651316e+14 5.387393e+14 1.167475e+12 8.291675e-14
10.037805 4.484781e+08 5.296041e+08 4.670679e+14 5.410259e+14 1.154469e+12 8.224669e-14
10.087994 4.481763e+08 5.292644e+08 4.690127e+14 5.433224e+14 1.141853e+12 8.158332e-14
10.138434 4.478735e+08 5.289235e+08 4.709658e+14 5.456290e+14 1.129410e+12 8.092521e-14
10.189126 4.475795e+08 5.285928e+08 4.729274e+14 5.479455e+14 1.116864e+12 8.026042e-14
10.240072 4.472900e+08 5.282673e+08 4.748975e+14 5.502723e+14 1.104342e+12 7.959762e-14
10.291272 4.469976e+08 5.279382e+08 4.768762e+14 5.526092e+14 1.092050e+12 7.894117e-14
10.342728 4.467024e+08 5.276058e+08 4.788635e+14 5.549563e+14 1.079978e+12 7.829068e-14
10.394442 4.464074e+08 5.272735e+08 4.808594e+14 5.573137e+14 1.068043e+12 7.764932e-14
10.446414 4.461125e+08 5.269412e+08 4.828639e+14 5.596813e+14 1.056244e+12 7.701937e-14
10.498646 4.458184e+08 5.266096e+08 4.848772e+14 5.620593e+14 1.044565e+12 7.639327e-14
10.551139 4.455271e+08 5.262814e+08 4.868991e+14 5.644477e+14 1.032946e+12 7.576503e-14
10.603895 4.452361e+08 5.259533e+08 4.889299e+14 5.668466e+14 1.021459e+12 7.514185e-14
10.656915 4.449453e+08 5.256254e+08 4.909695e+14 5.692559e+14 1.010103e+12 7.451626e-14
10.710199 4.446548e+08 5.252976e+08 4.930179e+14 5.716758e+14 9.988744e+11 7.389510e-14
10.763750 4.443643e+08 5.249698e+08 4.950752e+14 5.741062e+14 9.877750e+11 7.328622e-14
10.817569 4.440741e+08 5.246422e+08 4.971415e+14 5.765473e+14 9.768016e+11 7.268508e-14
10.871657 4.437878e+08 5.243191e+08 4.992167e+14 5.789990e+14 9.658609e+11 7.208284e-14
10.926015 4.435041e+08 5.239989e+08 5.013010e+14 5.814615e+14 9.549875e+11 7.147936e-14
10.980645 4.432190e+08 5.236770e+08 5.033944e+14 5.839348e+14 9.442751e+11 7.088360e-14
11.035548 4.429324e+08 5.233532e+08 5.054968e+14 5.864190e+14 9.337276e+11 7.029966e-14
11.090726 4.426461e+08 5.230295e+08 5.076085e+14 5.889140e+14 9.232994e+11 6.972006e-14
11.146180 4.423599e+08 5.227061e+08 5.097293e+14 5.914199e+14 9.129888e+11 6.913845e-14
11.201911 4.420743e+08 5.223831e+08 5.118593e+14 5.939368e+14 9.027893e+11 6.856160e-14
11.257920 4.417913e+08 5.220630e+08 5.139986e+14 5.964647e+14 8.926503e+11 6.798370e-14
11.314210 4.415085e+08 5.217431e+08 5.161472e+14 5.990038e+14 8.826270e+11 6.740948e-14
11.370781 4.412283e+08 5.214261e+08 5.183052e+14 6.015539e+14 8.726661e+11 6.684341e-14
11.427635 4.409484e+08 5.211094e+08 5.204726e+14 6.041152e+14 8.628152e+11 6.628381e-14
11.484773 4.406688e+08 5.207928e+08 5.226494e+14 6.066878e+14 8.530774e+11 6.573093e-14
11.542197 4.403894e+08 5.204764e+08 5.248358e+14 6.092717e+14 8.434512e+11 6.518533e-14
11.599908 4.401081e+08 5.201577e+08 5.270316e+14 6.118669e+14 8.339794e+11 6.463980e-14
11.657907 4.398257e+08 5.198377e+08 5.292371e+14 6.144735e+14 8.246441e+11 6.408105e-14
11.716197 4.395460e+08 5.195205e+08 5.314522e+14 6.170915e+14 8.153642e+11 6.352752e-14
11.774778 4.392698e+08 5.192075e+08 5.336769e+14 6.197210e+14 8.061200e+11 6.299854e-14
11.833652 4.389930e+08 5.188936e+08 5.359113e+14 6.223621e+14 7.970002e+11 6.247388e-14
11.892820 4.387138e+08 5.185767e+08 5.381555e+14 6.250147e+14 7.880386e+11 6.194069e-14
11.952284 4.384349e+08 5.182603e+08 5.404095e+14 6.276790e+14 7.791762e+11 6.140842e-14
12.012045 4.381580e+08 5.179461e+08 5.426733e+14 6.303550e+14 7.703774e+11 6.088986e-14
12.072106 4.378814e+08 5.176321e+08 5.449470e+14 6.330427e+14 7.616794e+11 6.038153e-14
12.132466 4.376050e+08 5.173183e+08 5.472306e+14 6.357423e+14 7.530801e+11 5.987008e-14
12.193129 4.373289e+08 5.170046e+08 5.495242e+14 6.384536e+14 7.445793e+11 5.935022e-14
12.254094 4.370570e+08 5.166958e+08 5.518278e+14 6.411769e+14 7.360980e+11 5.883654e-14
12.315365 4.367869e+08 5.163889e+08 5.541415e+14 6.439122e+14 7.276857e+11 5.833487e-14
12.376941 4.365149e+08 5.160797e+08 5.564653e+14 6.466595e+14 7.194110e+11 5.783739e-14
12.438826 4.362414e+08 5.157687e+08 5.587992e+14 6.494189e+14 7.112620e+11 5.734423e-14
12.501020 4.359703e+08 5.154604e+08 5.611434e+14 6.521904e+14 7.031671e+11 5.685520e-14
12.563525 4.357028e+08 5.151560e+08 5.634979e+14 6.549741e+14 6.951053e+11 5.636663e-14
12.626343 4.354354e+08 5.148518e+08 5.658626e+14 6.577701e+14 6.871368e+11 5.588106e-14
12.689475 4.351684e+08 5.145478e+08 5.682377e+14 6.605784e+14 6.792592e+11 5.539959e-14
12.752922 4.349017e+08 5.142441e+08 5.706233e+14 6.633991e+14 6.714717e+11 5.492220e-14
12.816687 4.346364e+08 5.139420e+08 5.730192e+14 6.662322e+14 6.637526e+11 5.444888e-14
12.880770 4.343714e+08 5.136400e+08 5.754257e+14 6.690778e+14 6.561235e+11 5.397965e-14
12.945174 4.340980e+08 5.133284e+08 5.778428e+14 6.719359e+14 6.487282e+11 5.351315e-14
13.009900 4.338241e+08 5.130161e+08 5.802704e+14 6.748066e+14 6.414295e+11 5.304322e-14
13.074949 4.335611e+08 5.127162e+08 5.827086e+14 6.776899e+14 6.340375e+11 5.257734e-14
13.140324 4.333023e+08 5.124209e+08 5.851575e+14 6.805859e+14 6.266656e+11 5.211992e-14
13.206026 4.330412e+08 5.121230e+08 5.876172e+14 6.834948e+14 6.194209e+11 5.166656e-14
13.272056 4.327785e+08 5.118231e+08 5.900877e+14 6.864164e+14 6.122897e+11 5.121700e-14
13.338416 4.325160e+08 5.115235e+08 5.925691e+14 6.893510e+14 6.052413e+11 5.077125e-14
13.405108 4.322538e+08 5.112240e+08 5.950613e+14 6.922985e+14 5.982743e+11 5.032732e-14
13.472134 4.319907e+08 5.109234e+08 5.975645e+14 6.952590e+14 5.914060e+11 4.988555e-14
13.539494 4.317246e+08 5.106192e+08 6.000787e+14 6.982325e+14 5.846671e+11 4.944641e-14
13.607192 4.314594e+08 5.103161e+08 6.026039e+14 7.012192e+14 5.779954e+11 4.900888e-14
13.675228 4.312032e+08 5.100231e+08 6.051401e+14 7.042190e+14 5.712669e+11 4.857514e-14
13.743604 4.309473e+08 5.097303e+08 6.076875e+14 7.072320e+14 5.646179e+11 4.814516e-14
13.812322 4.306919e+08 5.094381e+08 6.102462e+14 7.102584e+14 5.580408e+11 4.771891e-14
13.881384 4.304368e+08 5.091460e+08 6.128161e+14 7.132982e+14 5.515407e+11 4.730063e-14
13.950791 4.301782e+08 5.088499e+08 6.153973e+14 7.163514e+14 5.451709e+11 4.688603e-14
14.020544 4.299187e+08 5.085527e+08 6.179899e+14 7.194181e+14 5.388913e+11 4.646933e-14
14.090647 4.296623e+08 5.082589e+08 6.205938e+14 7.224984e+14 5.326439e+11 4.605455e-14
14.161100 4.294079e+08 5.079674e+08 6.232093e+14 7.255922e+14 5.264445e+11 4.564593e-14
14.231906 4.291537e+08 5.076759e+08 6.258362e+14 7.286998e+14 5.203176e+11 4.524269e-14
14.303065 4.288998e+08 5.073847e+08 6.284747e+14 7.318210e+14 5.142621e+11 4.484204e-14
14.374581 4.286460e+08 5.070936e+08 6.311249e+14 7.349561e+14 5.082785e+11 4.444335e-14
14.446454 4.283924e+08 5.068025e+08 6.337867e+14 7.381051e+14 5.023667e+11 4.404811e-14
14.518686 4.281394e+08 5.065122e+08 6.364602e+14 7.412680e+14 4.965174e+11 4.365626e-14
14.591279 4.278908e+08 5.062265e+08 6.391455e+14 7.444449e+14 4.906833e+11 4.326783e-14
14.664236 4.276423e+08 5.059411e+08 6.418427e+14 7.476358e+14 4.849186e+11 4.287622e-14
14.737557 4.273893e+08 5.056504e+08 6.445518e+14 7.508409e+14 4.792830e+11 4.248794e-14
14.811245 4.271364e+08 5.053598e+08 6.472728e+14 7.540602e+14 4.737149e+11 4.210664e-14
14.885301 4.268874e+08 5.050731e+08 6.500058e+14 7.572937e+14 4.681709e+11 4.172957e-14
14.959728 4.266394e+08 5.047872e+08 6.527509e+14 7.605416e+14 4.626841e+11 4.135199e-14
15.034526 4.263946e+08 5.045048e+08 6.555081e+14 7.638038e+14 4.572264e+11 4.097524e-14
15.109699 4.261515e+08 5.042244e+08 6.582775e+14 7.670806e+14 4.518143e+11 4.060178e-14
15.185247 4.259062e+08 5.039413e+08 6.610592e+14 7.703718e+14 4.464958e+11 4.023157e-14
15.261174 4.256588e+08 5.036559e+08 6.638531e+14 7.736777e+14 4.412680e+11 3.986431e-14
15.337479 4.254145e+08 5.033738e+08 6.666594e+14 7.769982e+14 4.360672e+11 3.949915e-14
15.414167 4.251765e+08 5.030986e+08 6.694781e+14 7.803335e+14 4.308584e+11 3.913792e-14
15.491238 4.249364e+08 5.028212e+08 6.723094e+14 7.836835e+14 4.257370e+11 3.878938e-14
15.568694 4.246883e+08 5.025347e+08 6.751531e+14 7.870485e+14 4.207715e+11 3.844388e-14
15.646537 4.244407e+08 5.022487e+08 6.780094e+14 7.904284e+14 4.158604e+11 3.808807e-14
15.724770 4.242027e+08 5.019733e+08 6.808784e+14 7.938233e+14 4.109019e+11 3.773304e-14
15.803394 4.239648e+08 5.016981e+08 6.837600e+14 7.972332e+14 4.060032e+11 3.738430e-14
15.882411 4.237270e+08 5.014228e+08 6.866544e+14 8.006584e+14 4.011659e+11 3.704015e-14
15.961823 4.234892e+08 5.011475e+08 6.895617e+14 8.040987e+14 3.963870e+11 3.669906e-14
16.041632 4.232471e+08 5.008673e+08 6.924819e+14 8.075544e+14 3.917150e+11 3.636099e-14
16.121840 4.230035e+08 5.005854e+08 6.954150e+14 8.110254e+14 3.871157e+11 3.602736e-14
16.202449 4.227658e+08 5.003100e+08 6.983611e+14 8.145118e+14 3.825115e+11 3.569976e-14
16.283462 4.225324e+08 5.000393e+08 7.013202e+14 8.180137e+14 3.779192e+11 3.537403e-14
16.364879 4.222990e+08 4.997686e+08 7.042925e+14 8.215312e+14 3.733845e+11 3.504262e-14
16.446703 4.220655e+08 4.994978e+08 7.072780e+14 8.250644e+14 3.689068e+11 3.471424e-14
16.528937 4.218303e+08 4.992249e+08 7.102767e+14 8.286133e+14 3.645027e+11 3.438844e-14
16.611581 4.215905e+08 4.989468e+08 7.132888e+14 8.321780e+14 3.601995e+11 3.406559e-14
16.694639 4.213521e+08 4.986703e+08 7.163142e+14 8.357585e+14 3.559350e+11 3.374928e-14
16.778113 4.211225e+08 4.984035e+08 7.193531e+14 8.393550e+14 3.516378e+11 3.343695e-14
16.862003 4.208931e+08 4.981368e+08 7.224054e+14 8.429675e+14 3.473930e+11 3.312476e-14
16.946313 4.206592e+08 4.978651e+08 7.254714e+14 8.465961e+14 3.432441e+11 3.281358e-14
17.031045 4.204254e+08 4.975934e+08 7.285509e+14 8.502409e+14 3.391457e+11 3.250523e-14
17.116200 4.201946e+08 4.973251e+08 7.316442e+14 8.539019e+14 3.350701e+11 3.219965e-14
17.201781 4.199646e+08 4.970575e+08 7.347512e+14 8.575792e+14 3.310382e+11 3.189691e-14
17.287790 4.197371e+08 4.967926e+08 7.378720e+14 8.612729e+14 3.270347e+11 3.159705e-14
17.374229 4.195108e+08 4.965290e+08 7.410067e+14 8.649831e+14 3.230701e+11 3.129981e-14
17.461100 4.192842e+08 4.962651e+08 7.441554e+14 8.687099e+14 3.191582e+11 3.100123e-14
17.548405 4.190573e+08 4.960008e+08 7.473182e+14 8.724533e+14 3.152977e+11 3.070543e-14
17.636147 4.188315e+08 4.957376e+08 7.504950e+14 8.762135e+14 3.114767e+11 3.041617e-14
17.724328 4.186072e+08 4.954759e+08 7.536860e+14 8.799904e+14 3.076915e+11 3.013009e-14
17.812950 4.183829e+08 4.952144e+08 7.568913e+14 8.837842e+14 3.039526e+11 2.984391e-14
17.902015 4.181589e+08 4.949529e+08 7.601108e+14 8.875950e+14 3.002594e+11 2.955913e-14
17.991525 4.179353e+08 4.946919e+08 7.633447e+14 8.914228e+14 2.966095e+11 2.927502e-14
18.081482 4.177138e+08 4.944332e+08 7.665930e+14 8.952677e+14 2.929880e+11 2.899168e-14
18.171890 4.174925e+08 4.941746e+08 7.698559e+14 8.991298e+14 2.894110e+11 2.871244e-14
18.262749 4.172741e+08 4.939193e+08 7.731333e+14 9.030092e+14 2.858551e+11 2.843841e-14
18.354063 4.170560e+08 4.936643e+08 7.764254e+14 9.069060e+14 2.823413e+11 2.816573e-14
18.445833 4.168340e+08 4.934050e+08 7.797322e+14 9.108202e+14 2.789032e+11 2.788933e-14
18.538062 4.166113e+08 4.931448e+08 7.830538e+14 9.147520e+14 2.755142e+11 2.761574e-14
18.630753 4.163904e+08 4.928866e+08 7.863902e+14 9.187013e+14 2.721537e+11 2.735315e-14
18.723906 4.161706e+08 4.926295e+08 7.897415e+14 9.226683e+14 2.688278e+11 2.709300e-14
18.817526 4.159522e+08 4.923739e+08 7.931078e+14 9.266531e+14 2.655336e+11 2.682870e-14
18.911614 4.157350e+08 4.921196e+08 7.964891e+14 9.306556e+14 2.622716e+11 2.656562e-14
19.006172 4.155191e+08 4.918667e+08 7.998856e+14 9.346762e+14 2.590421e+11 2.630520e-14
19.101203 4.153050e+08 4.916156e+08 8.032973e+14 9.387147e+14 2.558406e+11 2.604734e-14
19.196709 4.150916e+08 4.913653e+08 8.067243e+14 9.427714e+14 2.526749e+11 2.579440e-14
19.292692 4.148801e+08 4.911171e+08 8.101666e+14 9.468463e+14 2.495359e+11 2.554625e-14
19.389156 4.146686e+08 4.908688e+08 8.136244e+14 9.509395e+14 2.464374e+11 2.529798e-14
19.486101 4.144559e+08 4.906190e+08 8.170977e+14 9.550510e+14 2.433877e+11 2.504700e-14
19.583532 4.142432e+08 4.903694e+08 8.205866e+14 9.591811e+14 2.403760e+11 2.479851e-14
19.681449 4.140291e+08 4.901180e+08 8.240912e+14 9.633296e+14 2.374136e+11 2.455267e-14
19.779857 4.138150e+08 4.898666e+08 8.276114e+14 9.674968e+14 2.344884e+11 2.430923e-14
19.878756 4.136067e+08 4.896215e+08 8.311474e+14 9.716827e+14 2.315619e+11 2.407311e-14
19.978150 4.133996e+08 4.893778e+08 8.346993e+14 9.758874e+14 2.286647e+11 2.383923e-14
20.078041 4.131915e+08 4.891328e+08 8.382672e+14 9.801110e+14 2.258121e+11 2.360161e-14
20.178431 4.129830e+08 4.888874e+08 8.418511e+14 9.843536e+14 2.229988e+11 2.336510e-14
20.279323 4.127754e+08 4.886429e+08 8.454511e+14 9.886152e+14 2.202156e+11 2.313320e-14
20.380719 4.125687e+08 4.883994e+08 8.490673e+14 9.928961e+14 2.174629e+11 2.290462e-14
20.482623 4.123594e+08 4.881529e+08 8.526997e+14 9.971962e+14 2.147624e+11 2.267703e-14
20.585036 4.121463e+08 4.879022e+08 8.563485e+14 1.001516e+15 2.121200e+11 2.245044e-14
20.687961 4.119377e+08 4.876565e+08 8.600136e+14 1.005854e+15 2.094831e+11 2.222529e-14
20.791401 4.117474e+08 4.874307e+08 8.636952e+14 1.010213e+15 2.067696e+11 2.200083e-14
20.895358 4.115574e+08 4.872050e+08 8.673934e+14 1.014591e+15 2.040905e+11 2.177868e-14
20.999835 4.113684e+08 4.869804e+08 8.711085e+14 1.018989e+15 2.014411e+11 2.155920e-14
21.104834 4.111765e+08 4.867526e+08 8.748404e+14 1.023406e+15 1.988440e+11 2.134183e-14
21.210358 4.109548e+08 4.864925e+08 8.785892e+14 1.027844e+15 1.964538e+11 2.112523e-14
21.316410 4.107333e+08 4.862324e+08 8.823547e+14 1.032302e+15 1.940925e+11 2.091080e-14
21.422992 4.105497e+08 4.860135e+08 8.861370e+14 1.036780e+15 1.915457e+11 2.069849e-14
21.530107 4.103732e+08 4.858023e+08 8.899366e+14 1.041277e+15 1.889935e+11 2.048829e-14
21.637758 4.101765e+08 4.855690e+08 8.937535e+14 1.045796e+15 1.865880e+11 2.027914e-14
21.745946 4.099760e+08 4.853317e+08 8.975876e+14 1.050335e+15 1.842345e+11 2.007168e-14
21.854676 4.097698e+08 4.850881e+08 9.014390e+14 1.054894e+15 1.819428e+11 1.986528e-14
21.963950 4.095603e+08 4.848410e+08 9.053077e+14 1.059474e+15 1.796980e+11 1.966014e-14
22.073769 4.093557e+08 4.845991e+08 9.091938e+14 1.064074e+15 1.774563e+11 1.945833e-14
22.184138 4.091569e+08 4.843635e+08 9.130974e+14 1.068695e+15 1.752122e+11 1.926035e-14
22.295059 4.089612e+08 4.841324e+08 9.170185e+14 1.073337e+15 1.729756e+11 1.906397e-14
22.406534 4.087735e+08 4.839098e+08 9.209574e+14 1.078000e+15 1.707280e+11 1.886837e-14
22.518567 4.085842e+08 4.836855e+08 9.249142e+14 1.082684e+15 1.685180e+11 1.867461e-14
22.631160 4.083858e+08 4.834512e+08 9.288889e+14 1.087390e+15 1.663836e+11 1.848152e-14
22.744315 4.081881e+08 4.832176e+08 9.328816e+14 1.092116e+15 1.642738e+11 1.829038e-14
22.858037 4.080119e+08 4.830073e+08 9.368922e+14 1.096864e+15 1.620857e+11 1.809967e-14
22.972327 4.078359e+08 4.827971e+08 9.409212e+14 1.101634e+15 1.599270e+11 1.791082e-14
23.087189 4.076490e+08 4.825750e+08 9.449686e+14 1.106425e+15 1.578499e+11 1.772284e-14
23.202625 4.074613e+08 4.823521e+08 9.490344e+14 1.111238e+15 1.558044e+11 1.753650e-14
23.318638 4.072829e+08 4.821391e+08 9.531186e+14 1.116073e+15 1.537427e+11 1.735265e-14
23.435231 4.071063e+08 4.819280e+08 9.572214e+14 1.120930e+15 1.517006e+11 1.717101e-14
23.552407 4.069142e+08 4.817002e+08 9.613429e+14 1.125809e+15 1.497572e+11 1.699170e-14
23.670169 4.067179e+08 4.814677e+08 9.654832e+14 1.130710e+15 1.478587e+11 1.681472e-14
23.788520 4.065381e+08 4.812529e+08 9.696421e+14 1.135633e+15 1.459115e+11 1.663828e-14
23.907463 4.063725e+08 4.810535e+08 9.738199e+14 1.140579e+15 1.439275e+11 1.646128e-14
24.027000 4.061904e+08 4.808362e+08 9.780169e+14 1.145547e+15 1.420433e+11 1.628629e-14
24.147135 4.059926e+08 4.806019e+08 9.822330e+14 1.150538e+15 1.402524e+11 1.611389e-14
24.267871 4.058080e+08 4.803819e+08 9.864682e+14 1.155551e+15 1.384281e+11 1.594324e-14
24.389210 4.056530e+08 4.801935e+08 9.907226e+14 1.160588e+15 1.365038e+11 1.577360e-14
24.511156 4.054871e+08 4.799934e+08 9.949966e+14 1.165647e+15 1.346520e+11 1.560572e-14
24.633712 4.052986e+08 4.797689e+08 9.992902e+14 1.170730e+15 1.329191e+11 1.544269e-14
24.756880 4.051117e+08 4.795463e+08 1.003603e+15 1.175835e+15 1.312023e+11 1.528164e-14
24.880665 4.049331e+08 4.793324e+08 1.007936e+15 1.180964e+15 1.294754e+11 1.511458e-14
25.005068 4.047546e+08 4.791186e+08 1.012288e+15 1.186116e+15 1.277711e+11 1.494570e-14
25.130094 4.045794e+08 4.789082e+08 1.016661e+15 1.191291e+15 1.260772e+11 1.477835e-14
25.255744 4.044043e+08 4.786980e+08 1.021053e+15 1.196491e+15 1.244058e+11 1.461264e-14
25.382023 4.042332e+08 4.784920e+08 1.025465e+15 1.201713e+15 1.227416e+11 1.445765e-14
25.508933 4.040627e+08 4.782866e+08 1.029897e+15 1.206960e+15 1.210982e+11 1.431123e-14
25.636478 4.038957e+08 4.780848e+08 1.034350e+15 1.212231e+15 1.194640e+11 1.415981e-14
25.764660 4.037297e+08 4.778841e+08 1.038823e+15 1.217526e+15 1.178488e+11 1.399527e-14
25.893483 4.035466e+08 4.776651e+08 1.043317e+15 1.222845e+15 1.163185e+11 1.383590e-14
26.022951 4.033571e+08 4.774393e+08 1.047831e+15 1.228188e+15 1.148321e+11 1.368623e-14
26.153065 4.031830e+08 4.772298e+08 1.052366e+15 1.233555e+15 1.133101e+11 1.353849e-14
26.283831 4.030258e+08 4.770383e+08 1.056921e+15 1.238947e+15 1.117486e+11 1.339619e-14
26.415250 4.028587e+08 4.768362e+08 1.061497e+15 1.244363e+15 1.102440e+11 1.325535e-14
26.547326 4.026787e+08 4.766204e+08 1.066094e+15 1.249805e+15 1.088046e+11 1.311184e-14
26.680063 4.025064e+08 4.764127e+08 1.070712e+15 1.255271e+15 1.073583e+11 1.296935e-14
26.813463 4.023591e+08 4.762316e+08 1.075351e+15 1.260762e+15 1.058469e+11 1.282494e-14
26.947530 4.022064e+08 4.760447e+08 1.080012e+15 1.266278e+15 1.043752e+11 1.268080e-14
27.082268 4.020356e+08 4.758385e+08 1.084694e+15 1.271820e+15 1.029842e+11 1.254094e-14
27.217679 4.018652e+08 4.756327e+08 1.089398e+15 1.277387e+15 1.016110e+11 1.240456e-14
27.353768 4.016981e+08 4.754304e+08 1.094123e+15 1.282980e+15 1.002457e+11 1.226546e-14
27.490537 4.015312e+08 4.752283e+08 1.098870e+15 1.288598e+15 9.889869e+10 1.212282e-14
27.627989 4.013690e+08 4.750311e+08 1.103638e+15 1.294242e+15 9.755529e+10 1.198350e-14
27.766129 4.012072e+08 4.748345e+08 1.108429e+15 1.299911e+15 9.622909e+10 1.184895e-14
27.904960 4.010496e+08 4.746421e+08 1.113241e+15 1.305607e+15 9.490868e+10 1.171474e-14
28.044485 4.008930e+08 4.744508e+08 1.118076e+15 1.311329e+15 9.360355e+10 1.157877e-14
28.184707 4.007387e+08 4.742619e+08 1.122933e+15 1.317077e+15 9.230978e+10 1.144588e-14
28.325631 4.005854e+08 4.740741e+08 1.127812e+15 1.322851e+15 9.103123e+10 1.132085e-14
28.467259 4.004351e+08 4.738894e+08 1.132714e+15 1.328652e+15 8.976176e+10 1.119716e-14
28.609595 4.002867e+08 4.737067e+08 1.137639e+15 1.334480e+15 8.850498e+10 1.106364e-14
28.752643 4.001262e+08 4.735112e+08 1.142586e+15 1.340335e+15 8.730073e+10 1.093101e-14
28.896406 3.999566e+08 4.733060e+08 1.147556e+15 1.346216e+15 8.613897e+10 1.081125e-14
29.040888 3.997981e+08 4.731126e+08 1.152549e+15 1.352125e+15 8.496189e+10 1.069381e-14
29.186093 3.996594e+08 4.729400e+08 1.157564e+15 1.358060e+15 8.374668e+10 1.056633e-14
29.332023 3.995138e+08 4.727601e+08 1.162603e+15 1.364023e+15 8.256763e+10 1.043579e-14
29.478683 3.993549e+08 4.725662e+08 1.167666e+15 1.370014e+15 8.144133e+10 1.031575e-14
29.626077 3.991966e+08 4.723729e+08 1.172752e+15 1.376032e+15 8.032935e+10 1.020042e-14
29.774207 3.990403e+08 4.721817e+08 1.177861e+15 1.382077e+15 7.922740e+10 1.008442e-14
29.923078 3.988843e+08 4.719908e+08 1.182993e+15 1.388151e+15 7.814020e+10 9.968220e-15
30.072694 3.987342e+08 4.718060e+08 1.188150e+15 1.394252e+15 7.705295e+10 9.852861e-15
30.223057 3.985842e+08 4.716214e+08 1.193330e+15 1.400382e+15 7.598084e+10 9.738163e-15
30.374172 3.984379e+08 4.714406e+08 1.198534e+15 1.406539e+15 7.491467e+10 9.624326e-15
30.526043 3.982921e+08 4.712604e+08 1.203762e+15 1.412725e+15 7.386246e+10 9.510738e-15
30.678673 3.981493e+08 4.710834e+08 1.209014e+15 1.418940e+15 7.281760e+10 9.398182e-15
30.832067 3.980075e+08 4.709073e+08 1.214291e+15 1.425183e+15 7.178563e+10 9.285773e-15
30.986227 3.978683e+08 4.707339e+08 1.219592e+15 1.431456e+15 7.076211e+10 9.175559e-15
31.141158 3.977302e+08 4.705618e+08 1.224918e+15 1.437757e+15 6.975069e+10 9.073560e-15
31.296864 3.975972e+08 4.703950e+08 1.230269e+15 1.444087e+15 6.874185e+10 8.972667e-15
31.453348 3.974672e+08 4.702313e+08 1.235644e+15 1.450447e+15 6.774114e+10 8.863917e-15
31.610615 3.973233e+08 4.700531e+08 1.241045e+15 1.456837e+15 6.678652e+10 8.755058e-15
31.768668 3.971704e+08 4.698661e+08 1.246471e+15 1.463256e+15 6.586460e+10 8.653509e-15
31.927511 3.970300e+08 4.696926e+08 1.251922e+15 1.469704e+15 6.492693e+10 8.554383e-15
32.087149 3.969070e+08 4.695374e+08 1.257398e+15 1.476182e+15 6.396451e+10 8.450115e-15
32.247585 3.967760e+08 4.693738e+08 1.262900e+15 1.482691e+15 6.303380e+10 8.343300e-15
32.408823 3.966338e+08 4.691983e+08 1.268427e+15 1.489230e+15 6.214107e+10 8.242273e-15
32.570867 3.964931e+08 4.690244e+08 1.273980e+15 1.495799e+15 6.125799e+10 8.145156e-15
32.733721 3.963563e+08 4.688545e+08 1.279559e+15 1.502398e+15 6.037957e+10 8.048678e-15
32.897390 3.962199e+08 4.686851e+08 1.285164e+15 1.509028e+15 5.951288e+10 7.952755e-15
33.061877 3.960859e+08 4.685182e+08 1.290795e+15 1.515689e+15 5.865398e+10 7.857485e-15
33.227186 3.959525e+08 4.683518e+08 1.296452e+15 1.522381e+15 5.780662e+10 7.762350e-15
33.393322 3.958260e+08 4.681927e+08 1.302136e+15 1.529104e+15 5.695754e+10 7.668059e-15
33.560289 3.956997e+08 4.680337e+08 1.307846e+15 1.535858e+15 5.612092e+10 7.573768e-15
33.728090 3.955758e+08 4.678772e+08 1.313583e+15 1.542643e+15 5.529205e+10 7.480521e-15
33.896731 3.954519e+08 4.677208e+08 1.319346e+15 1.549461e+15 5.447532e+10 7.387619e-15
34.066214 3.953118e+08 4.675474e+08 1.325137e+15 1.556310e+15 5.370180e+10 7.295814e-15
34.236545 3.951704e+08 4.673725e+08 1.330955e+15 1.563190e+15 5.294189e+10 7.203883e-15
34.407728 3.950491e+08 4.672187e+08 1.336799e+15 1.570103e+15 5.215551e+10 7.113088e-15
34.579767 3.949350e+08 4.670724e+08 1.342672e+15 1.577048e+15 5.136779e+10 7.028913e-15
34.752665 3.948077e+08 4.669122e+08 1.348571e+15 1.584025e+15 5.061596e+10 6.945901e-15
34.926429 3.946753e+08 4.667467e+08 1.354499e+15 1.591035e+15 4.988437e+10 6.857779e-15
35.101061 3.945604e+08 4.665996e+08 1.360453e+15 1.598077e+15 4.913243e+10 6.768844e-15
35.276566 3.944583e+08 4.664657e+08 1.366436e+15 1.605152e+15 4.836961e+10 6.684876e-15
35.452949 3.943431e+08 4.663181e+08 1.372448e+15 1.612261e+15 4.764130e+10 6.603248e-15
35.630214 3.942191e+08 4.661614e+08 1.378487e+15 1.619403e+15 4.693894e+10 6.522250e-15
35.808365 3.940986e+08 4.660082e+08 1.384555e+15 1.626578e+15 4.624123e+10 6.441975e-15
35.987407 3.939815e+08 4.658587e+08 1.390652e+15 1.633787e+15 4.554823e+10 6.362030e-15
36.167344 3.938574e+08 4.657018e+08 1.396777e+15 1.641030e+15 4.487723e+10 6.282234e-15
36.348180 3.937235e+08 4.655347e+08 1.402931e+15 1.648306e+15 4.423210e+10 6.203118e-15
36.529921 3.935952e+08 4.653733e+08 1.409113e+15 1.655616e+15 4.358757e+10 6.124331e-15
36.712571 3.934859e+08 4.652319e+08 1.415324e+15 1.662960e+15 4.292230e+10 6.046332e-15
36.896134 3.933779e+08 4.650917e+08 1.421565e+15 1.670339e+15 4.226529e+10 5.968607e-15
37.080614 3.932754e+08 4.649572e+08 1.427835e+15 1.677752e+15 4.160997e+10 5.891745e-15
37.266018 3.931699e+08 4.648195e+08 1.434135e+15 1.685200e+15 4.096948e+10 5.815134e-15
37.452348 3.930494e+08 4.646657e+08 1.440464e+15 1.692683e+15 4.036195e+10 5.739365e-15
37.639609 3.929291e+08 4.645122e+08 1.446824e+15 1.700201e+15 3.976314e+10 5.662938e-15
37.827807 3.928150e+08 4.643651e+08 1.453213e+15 1.707754e+15 3.916428e+10 5.587678e-15
38.016946 3.927010e+08 4.642180e+08 1.459632e+15 1.715342e+15 3.857438e+10 5.518254e-15
38.207031 3.925896e+08 4.640738e+08 1.466082e+15 1.722966e+15 3.798956e+10 5.449673e-15
38.398066 3.924786e+08 4.639299e+08 1.472561e+15 1.730626e+15 3.741321e+10 5.376461e-15
38.590057 3.923726e+08 4.637913e+08 1.479072e+15 1.738322e+15 3.683862e+10 5.303320e-15
38.783007 3.922678e+08 4.636539e+08 1.485613e+15 1.746054e+15 3.627132e+10 5.234625e-15
38.976922 3.921648e+08 4.635184e+08 1.492185e+15 1.753822e+15 3.571022e+10 5.167368e-15
39.171807 3.920624e+08 4.633836e+08 1.498788e+15 1.761627e+15 3.515694e+10 5.100183e-15
39.367666 3.919668e+08 4.632557e+08 1.505423e+15 1.769468e+15 3.460336e+10 5.033563e-15
39.564504 3.918740e+08 4.631309e+08 1.512089e+15 1.777347e+15 3.405467e+10 4.967459e-15
39.762326 3.917671e+08 4.629914e+08 1.518787e+15 1.785262e+15 3.353301e+10 4.901995e-15
39.961138 3.916529e+08 4.628445e+08 1.525517e+15 1.793215e+15 3.302845e+10 4.836616e-15
40.160944 3.915543e+08 4.627136e+08 1.532278e+15 1.801205e+15 3.251209e+10 4.771404e-15
40.361749 3.914695e+08 4.625971e+08 1.539071e+15 1.809233e+15 3.198654e+10 4.706846e-15
40.563557 3.913748e+08 4.624704e+08 1.545897e+15 1.817299e+15 3.148161e+10 4.642892e-15
40.766375 3.912714e+08 4.623347e+08 1.552755e+15 1.825403e+15 3.099514e+10 4.581126e-15
40.970207 3.911721e+08 4.622032e+08 1.559646e+15 1.833546e+15 3.051137e+10 4.522136e-15
41.175058 3.910780e+08 4.620771e+08 1.566569e+15 1.841726e+15 3.002898e+10 4.462757e-15
41.380933 3.909843e+08 4.619515e+08 1.573525e+15 1.849945e+15 2.955369e+10 4.400327e-15
41.587838 3.908914e+08 4.618267e+08 1.580515e+15 1.858204e+15 2.908505e+10 4.339468e-15
41.795777 3.907944e+08 4.616977e+08 1.587538e+15 1.866501e+15 2.862842e+10 4.281994e-15
42.004756 3.906879e+08 4.615590e+08 1.594594e+15 1.874837e+15 2.818952e+10 4.224819e-15
42.214780 3.905849e+08 4.614239e+08 1.601683e+15 1.883212e+15 2.775358e+10 4.163587e-15
42.425854 3.905020e+08 4.613094e+08 1.608806e+15 1.891627e+15 2.730258e+10 4.103653e-15
42.637983 3.904172e+08 4.611932e+08 1.615963e+15 1.900082e+15 2.686080e+10 4.047870e-15
42.851173 3.903200e+08 4.610641e+08 1.623155e+15 1.908577e+15 2.643929e+10 3.992802e-15
43.065429 3.902230e+08 4.609353e+08 1.630380e+15 1.917112e+15 2.602421e+10 3.937367e-15
43.280756 3.901348e+08 4.608155e+08 1.637640e+15 1.925688e+15 2.560660e+10 3.882686e-15
43.497160 3.900467e+08 4.606954e+08 1.644934e+15 1.934304e+15 2.519587e+10 3.831364e-15
43.714645 3.899759e+08 4.605933e+08 1.652264e+15 1.942960e+15 2.477424e+10 3.780839e-15
43.933219 3.899067e+08 4.604927e+08 1.659628e+15 1.951659e+15 2.435807e+10 3.727993e-15
44.152885 3.898106e+08 4.603646e+08 1.667028e+15 1.960398e+15 2.397505e+10 3.674962e-15
44.373649 3.897135e+08 4.602355e+08 1.674464e+15 1.969179e+15 2.359905e+10 3.621919e-15
44.595517 3.896295e+08 4.601199e+08 1.681934e+15 1.978002e+15 2.321644e+10 3.569358e-15
44.818495 3.895489e+08 4.600078e+08 1.689441e+15 1.986866e+15 2.283678e+10 3.519526e-15
45.042588 3.894749e+08 4.599026e+08 1.696983e+15 1.995773e+15 2.245718e+10 3.471118e-15
45.267800 3.894029e+08 4.597995e+08 1.704561e+15 2.004722e+15 2.208192e+10 3.422803e-15
45.494139 3.893202e+08 4.596854e+08 1.712176e+15 2.013713e+15 2.172258e+10 3.374779e-15
45.721610 3.892339e+08 4.595676e+08 1.719828e+15 2.022748e+15 2.137229e+10 3.327205e-15
45.950218 3.891530e+08 4.594554e+08 1.727516e+15 2.031825e+15 2.102282e+10 3.280081e-15
46.179969 3.890751e+08 4.593465e+08 1.735241e+15 2.040945e+15 2.067639e+10 3.233250e-15
46.410869 3.889990e+08 4.592393e+08 1.743003e+15 2.050109e+15 2.033414e+10 3.186581e-15
46.642923 3.889243e+08 4.591336e+08 1.750802e+15 2.059317e+15 1.999634e+10 3.140450e-15
46.876138 3.888509e+08 4.590293e+08 1.758639e+15 2.068568e+15 1.966298e+10 3.094759e-15
47.110519 3.887788e+08 4.589265e+08 1.766513e+15 2.077864e+15 1.933400e+10 3.049307e-15
47.346071 3.887105e+08 4.588275e+08 1.774425e+15 2.087204e+15 1.900743e+10 3.003642e-15
47.582802 3.886467e+08 4.587332e+08 1.782376e+15 2.096588e+15 1.868268e+10 2.959490e-15
47.820716 3.885768e+08 4.586326e+08 1.790365e+15 2.106018e+15 1.836831e+10 2.917933e-15
48.059819 3.884984e+08 4.585235e+08 1.798392e+15 2.115493e+15 1.806566e+10 2.876292e-15
48.300118 3.884260e+08 4.584205e+08 1.806458e+15 2.125012e+15 1.776344e+10 2.832156e-15
48.541619 3.883663e+08 4.583306e+08 1.814563e+15 2.134578e+15 1.745658e+10 2.789136e-15
48.784327 3.883035e+08 4.582375e+08 1.822707e+15 2.144189e+15 1.715724e+10 2.748626e-15
49.028249 3.882345e+08 4.581382e+08 1.830891e+15 2.153846e+15 1.686751e+10 2.708569e-15
49.273390 3.881676e+08 4.580411e+08 1.839113e+15 2.163550e+15 1.658112e+10 2.668089e-15
49.519757 3.881064e+08 4.579498e+08 1.847376e+15 2.173300e+15 1.629542e+10 2.628196e-15
49.767356 3.880454e+08 4.578589e+08 1.855679e+15 2.183096e+15 1.601443e+10 2.588759e-15
50.016193 3.879853e+08 4.577687e+08 1.864021e+15 2.192940e+15 1.573767e+10 2.549906e-15
50.266273 3.879235e+08 4.576770e+08 1.872405e+15 2.202831e+15 1.546670e+10 2.513185e-15
50.517605 3.878549e+08 4.575784e+08 1.880828e+15 2.212769e+15 1.520499e+10 2.476982e-15
50.770193 3.877876e+08 4.574810e+08 1.889293e+15 2.222755e+15 1.494684e+10 2.439023e-15
51.024044 3.877352e+08 4.573991e+08 1.897798e+15 2.232789e+15 1.468312e+10 2.401274e-15
51.279164 3.876821e+08 4.573164e+08 1.906345e+15 2.242871e+15 1.442448e+10 2.365441e-15
51.535560 3.876207e+08 4.572253e+08 1.914933e+15 2.253002e+15 1.417560e+10 2.330346e-15
51.793238 3.875594e+08 4.571345e+08 1.923562e+15 2.263182e+15 1.393087e+10 2.295036e-15
52.052204 3.875051e+08 4.570507e+08 1.932234e+15 2.273410e+15 1.368602e+10 2.260023e-15
52.312465 3.874507e+08 4.569669e+08 1.940948e+15 2.283687e+15 1.344542e+10 2.224188e-15
52.574027 3.874031e+08 4.568902e+08 1.949704e+15 2.294014e+15 1.320483e+10 2.188292e-15
52.836897 3.873556e+08 4.568137e+08 1.958502e+15 2.304391e+15 1.296836e+10 2.155060e-15
53.101082 3.872931e+08 4.567218e+08 1.967344e+15 2.314818e+15 1.274499e+10 2.123054e-15
53.366587 3.872296e+08 4.566290e+08 1.976228e+15 2.325295e+15 1.252596e+10 2.090551e-15
53.633420 3.871840e+08 4.565546e+08 1.985156e+15 2.335823e+15 1.230033e+10 2.057871e-15
53.901587 3.871419e+08 4.564837e+08 1.994127e+15 2.346401e+15 1.207675e+10 2.025213e-15
54.171095 3.870922e+08 4.564051e+08 2.003141e+15 2.357030e+15 1.186139e+10 1.992709e-15
54.441951 3.870411e+08 4.563252e+08 2.012200e+15 2.367711e+15 1.165056e+10 1.961495e-15
54.714160 3.869948e+08 4.562504e+08 2.021303e+15 2.378443e+15 1.144077e+10 1.931331e-15
54.987731 3.869499e+08 4.561769e+08 2.030450e+15 2.389227e+15 1.123400e+10 1.901243e-15
55.262670 3.869047e+08 4.561032e+08 2.039642e+15 2.400064e+15 1.103100e+10 1.871220e-15
55.538983 3.868595e+08 4.560295e+08 2.048879e+15 2.410952e+15 1.083165e+10 1.841545e-15
55.816678 3.868092e+08 4.559508e+08 2.058161e+15 2.421894e+15 1.063839e+10 1.812172e-15
56.095762 3.867570e+08 4.558702e+08 2.067488e+15 2.432888e+15 1.044950e+10 1.783170e-15
56.376240 3.867173e+08 4.558024e+08 2.076860e+15 2.443935e+15 1.025770e+10 1.754477e-15
56.658122 3.866850e+08 4.557421e+08 2.086278e+15 2.455036e+15 1.006573e+10 1.725991e-15
56.941412 3.866459e+08 4.556750e+08 2.095743e+15 2.466191e+15 9.880483e+09 1.697505e-15
57.226119 3.866033e+08 4.556043e+08 2.105254e+15 2.477400e+15 9.700321e+09 1.669891e-15
57.512250 3.865635e+08 4.555367e+08 2.114811e+15 2.488664e+15 9.522002e+09 1.643499e-15
57.799811 3.865258e+08 4.554712e+08 2.124416e+15 2.499981e+15 9.345965e+09 1.617137e-15
58.088810 3.864906e+08 4.554084e+08 2.134067e+15 2.511354e+15 9.171912e+09 1.590081e-15
58.379254 3.864576e+08 4.553477e+08 2.143766e+15 2.522783e+15 9.000101e+09 1.563675e-15
58.671150 3.864194e+08 4.552820e+08 2.153512e+15 2.534266e+15 8.833665e+09 1.538207e-15
58.964506 3.863771e+08 4.552121e+08 2.163306e+15 2.545806e+15 8.672072e+09 1.513005e-15
59.259329 3.863437e+08 4.551513e+08 2.173148e+15 2.557401e+15 8.509567e+09 1.487758e-15
59.555625 3.863203e+08 4.551008e+08 2.183039e+15 2.569053e+15 8.345747e+09 1.462908e-15
59.853403 3.862926e+08 4.550459e+08 2.192978e+15 2.580762e+15 8.186823e+09 1.438401e-15
60.152671 3.862603e+08 4.549866e+08 2.202966e+15 2.592528e+15 8.032700e+09 1.414416e-15
60.453434 3.862297e+08 4.549289e+08 2.213004e+15 2.604351e+15 7.880762e+09 1.391305e-15
60.755701 3.862009e+08 4.548732e+08 2.223090e+15 2.616232e+15 7.730852e+09 1.368441e-15
61.059480 3.861690e+08 4.548144e+08 2.233227e+15 2.628171e+15 7.584988e+09 1.344935e-15
61.364777 3.861329e+08 4.547514e+08 2.243413e+15 2.640168e+15 7.443428e+09 1.321910e-15
61.671601 3.861028e+08 4.546946e+08 2.253649e+15 2.652223e+15 7.302155e+09 1.299794e-15
61.979959 3.860839e+08 4.546492e+08 2.263936e+15 2.664337e+15 7.159297e+09 1.277997e-15
62.289859 3.860619e+08 4.546008e+08 2.274273e+15 2.676511e+15 7.020274e+09 1.256138e-15
62.601308 3.860348e+08 4.545473e+08 2.284662e+15 2.688744e+15 6.885724e+09 1.234615e-15
62.914314 3.860093e+08 4.544954e+08 2.295102e+15 2.701036e+15 6.753128e+09 1.213029e-15
63.228886 3.859871e+08 4.544470e+08 2.305593e+15 2.713389e+15 6.621867e+09 1.191870e-15
63.545030 3.859662e+08 4.544000e+08 2.316136e+15 2.725802e+15 6.492616e+09 1.172018e-15
63.862756 3.859485e+08 4.543562e+08 2.326732e+15 2.738276e+15 6.364729e+09 1.152489e-15
64.182069 3.859286e+08 4.543105e+08 2.337380e+15 2.750811e+15 6.239992e+09 1.132008e-15
64.502980 3.859040e+08 4.542600e+08 2.348080e+15 2.763408e+15 6.119196e+09 1.111855e-15
64.825495 3.858834e+08 4.542137e+08 2.358833e+15 2.776066e+15 5.999377e+09 1.092576e-15
65.149622 3.858753e+08 4.541801e+08 2.369640e+15 2.788786e+15 5.877787e+09 1.073624e-15
65.475370 3.858645e+08 4.541440e+08 2.380500e+15 2.801569e+15 5.759407e+09 1.054649e-15
65.802747 3.858473e+08 4.541014e+08 2.391415e+15 2.814414e+15 5.645365e+09 1.035989e-15
66.131761 3.858317e+08 4.540604e+08 2.402383e+15 2.827323e+15 5.533033e+09 1.017665e-15
66.462420 3.858207e+08 4.540242e+08 2.413406e+15 2.840295e+15 5.421444e+09 9.996594e-16
66.794732 3.858074e+08 4.539858e+08 2.424483e+15 2.853331e+15 5.312739e+09 9.823180e-16
67.128705 3.857874e+08 4.539406e+08 2.435616e+15 2.866431e+15 5.208097e+09 9.652909e-16
67.464349 3.857685e+08 4.538967e+08 2.446804e+15 2.879595e+15 5.105151e+09 9.476323e-16
67.801671 3.857542e+08 4.538575e+08 2.458047e+15 2.892823e+15 5.002866e+09 9.301628e-16
68.140679 3.857427e+08 4.538211e+08 2.469346e+15 2.906117e+15 4.901801e+09 9.134865e-16
68.481382 3.857459e+08 4.537999e+08 2.480701e+15 2.919476e+15 4.798610e+09 8.971465e-16
68.823789 3.857448e+08 4.537742e+08 2.492112e+15 2.932901e+15 4.698709e+09 8.808706e-16
69.167908 3.857281e+08 4.537329e+08 2.503581e+15 2.946393e+15 4.604975e+09 8.648556e-16
69.513748 3.857136e+08 4.536940e+08 2.515107e+15 2.959951e+15 4.512460e+09 8.489227e-16
69.861317 3.857131e+08 4.536692e+08 2.526690e+15 2.973575e+15 4.418133e+09 8.332497e-16
70.210623 3.857113e+08 4.536432e+08 2.538331e+15 2.987267e+15 4.326024e+09 8.182400e-16
70.561676 3.857039e+08 4.536116e+08 2.550030e+15 3.001026e+15 4.237186e+09 8.035424e-16
70.914485 3.856969e+08 4.535806e+08 2.561787e+15 3.014853e+15 4.149997e+09 7.883790e-16
71.269057 3.856936e+08 4.535534e+08 2.573603e+15 3.028749e+15 4.063637e+09 7.733530e-16
71.625402 3.856907e+08 4.535266e+08 2.585478e+15 3.042713e+15 3.978926e+09 7.589482e-16
71.983529 3.856912e+08 4.535034e+08 2.597412e+15 3.056746e+15 3.895115e+09 7.448512e-16
72.343447 3.856923e+08 4.534808e+08 2.609406e+15 3.070849e+15 3.812865e+09 7.308737e-16
72.705164 3.856983e+08 4.534632e+08 2.621460e+15 3.085021e+15 3.731178e+09 7.171328e-16
73.068690 3.857032e+08 4.534447e+08 2.633574e+15 3.099264e+15 3.651403e+09 7.039088e-16
73.434033 3.857034e+08 4.534215e+08 2.645749e+15 3.113577e+15 3.574304e+09 6.909614e-16
73.801204 3.857038e+08 4.533986e+08 2.657985e+15 3.127961e+15 3.498718e+09 6.776757e-16
74.170210 3.857067e+08 4.533783e+08 2.670282e+15 3.142416e+15 3.424156e+09 6.645139e-16
74.541061 3.857103e+08 4.533588e+08 2.682640e+15 3.156943e+15 3.350956e+09 6.518699e-16
74.913766 3.857199e+08 4.533454e+08 2.695061e+15 3.171542e+15 3.278023e+09 6.395042e-16
75.288335 3.857281e+08 4.533307e+08 2.707544e+15 3.186214e+15 3.206902e+09 6.272087e-16
75.664777 3.857291e+08 4.533089e+08 2.720089e+15 3.200958e+15 3.138696e+09 6.151161e-16
76.043100 3.857307e+08 4.532877e+08 2.732698e+15 3.215776e+15 3.071765e+09 6.031051e-16
76.423316 3.857378e+08 4.532722e+08 2.745369e+15 3.230666e+15 3.005142e+09 5.912985e-16
76.805432 3.857451e+08 4.532571e+08 2.758104e+15 3.245631e+15 2.939863e+09 5.799258e-16
77.189460 3.857556e+08 4.532451e+08 2.770903e+15 3.260670e+15 2.875359e+09 5.687976e-16
77.575407 3.857665e+08 4.532338e+08 2.783767e+15 3.275784e+15 2.812118e+09 5.573941e-16
77.963284 3.857825e+08 4.532276e+08 2.796695e+15 3.290973e+15 2.749299e+09 5.461223e-16
78.353100 3.857972e+08 4.532202e+08 2.809688e+15 3.306238e+15 2.688044e+09 5.353413e-16
78.744866 3.858056e+08 4.532066e+08 2.822747e+15 3.321579e+15 2.629187e+09 5.247983e-16
79.138590 3.858149e+08 4.531940e+08 2.835871e+15 3.336996e+15 2.571420e+09 5.142685e-16
79.534283 3.858310e+08 4.531882e+08 2.849061e+15 3.352489e+15 2.513724e+09 5.039263e-16
79.931955 3.858471e+08 4.531827e+08 2.862318e+15 3.368060e+15 2.457251e+09 4.940451e-16
80.331614 3.858647e+08 4.531789e+08 2.875641e+15 3.383709e+15 2.401730e+09 4.843731e-16
80.733272 3.858828e+08 4.531756e+08 2.889032e+15 3.399436e+15 2.347333e+09 4.747254e-16
81.136939 3.859044e+08 4.531759e+08 2.902490e+15 3.415241e+15 2.293556e+09 4.652484e-16
81.542623 3.859253e+08 4.531756e+08 2.916017e+15 3.431126e+15 2.241063e+09 4.554881e-16
81.950337 3.859441e+08 4.531733e+08 2.929612e+15 3.447089e+15 2.190038e+09 4.458711e-16
82.360088 3.859627e+08 4.531709e+08 2.943275e+15 3.463133e+15 2.140144e+09 4.370007e-16
82.771889 3.859814e+08 4.531687e+08 2.957007e+15 3.479256e+15 2.091316e+09 4.283192e-16
83.185748 3.860020e+08 4.531684e+08 2.970809e+15 3.495461e+15 2.043277e+09 4.193840e-16
83.601677 3.860301e+08 4.531759e+08 2.984681e+15 3.511746e+15 1.995217e+09 4.105996e-16
84.019685 3.860554e+08 4.531807e+08 2.998622e+15 3.528113e+15 1.948613e+09 4.021690e-16
84.439784 3.860731e+08 4.531779e+08 3.012635e+15 3.544561e+15 1.904085e+09 3.939123e-16
84.861983 3.860930e+08 4.531773e+08 3.026718e+15 3.561092e+15 1.860247e+09 3.857095e-16
85.286293 3.861196e+08 4.531836e+08 3.040872e+15 3.577706e+15 1.816470e+09 3.776715e-16
85.712724 3.861464e+08 4.531903e+08 3.055098e+15 3.594403e+15 1.773643e+09 3.696965e-16
86.141288 3.861743e+08 4.531981e+08 3.069397e+15 3.611184e+15 1.731635e+09 3.618821e-16
86.571994 3.862008e+08 4.532046e+08 3.083767e+15 3.628049e+15 1.690744e+09 3.540929e-16
87.004854 3.862244e+08 4.532083e+08 3.098211e+15 3.644998e+15 1.651121e+09 3.464793e-16
87.439878 3.862491e+08 4.532133e+08 3.112728e+15 3.662032e+15 1.612246e+09 3.391427e-16
87.877078 3.862769e+08 4.532213e+08 3.127318e+15 3.679152e+15 1.573883e+09 3.319526e-16
88.316463 3.863057e+08 4.532306e+08 3.141982e+15 3.696358e+15 1.536258e+09 3.248505e-16
88.758045 3.863370e+08 4.532427e+08 3.156721e+15 3.713650e+15 1.499185e+09 3.178791e-16
89.201836 3.863680e+08 4.532544e+08 3.171534e+15 3.731029e+15 1.462999e+09 3.109165e-16
89.647845 3.863985e+08 4.532658e+08 3.186423e+15 3.748495e+15 1.427689e+09 3.041328e-16
90.096084 3.864284e+08 4.532766e+08 3.201387e+15 3.766049e+15 1.393257e+09 2.976410e-16
90.546564 3.864573e+08 4.532866e+08 3.216428e+15 3.783691e+15 1.359715e+09 2.912636e-16
90.999297 3.864886e+08 4.532990e+08 3.231544e+15 3.801422e+15 1.326690e+09 2.849096e-16
91.454294 3.865242e+08 4.533159e+08 3.246738e+15 3.819242e+15 1.293973e+09 2.786782e-16
91.911565 3.865624e+08 4.533354e+08 3.262009e+15 3.837152e+15 1.261753e+09 2.725203e-16
92.371123 3.866046e+08 4.533592e+08 3.277358e+15 3.855152e+15 1.229887e+09 2.664707e-16
92.832979 3.866436e+08 4.533798e+08 3.292785e+15 3.873243e+15 1.199085e+09 2.604643e-16
93.297144 3.866789e+08 4.533968e+08 3.308291e+15 3.891425e+15 1.169362e+09 2.546279e-16
93.763629 3.867144e+08 4.534141e+08 3.323875e+15 3.909699e+15 1.140316e+09 2.490150e-16
94.232447 3.867502e+08 4.534317e+08 3.339540e+15 3.928065e+15 1.111930e+09 2.434815e-16
94.703610 3.867869e+08 4.534503e+08 3.355284e+15 3.946523e+15 1.084119e+09 2.379673e-16
95.177128 3.868244e+08 4.534700e+08 3.371108e+15 3.965075e+15 1.056884e+09 2.325642e-16
95.653013 3.868626e+08 4.534904e+08 3.387013e+15 3.983720e+15 1.030240e+09 2.272577e-16
96.131278 3.869013e+08 4.535114e+08 3.402999e+15 4.002459e+15 1.004182e+09 2.220421e-16
96.611935 3.869422e+08 4.535346e+08 3.419066e+15 4.021293e+15 9.785650e+08 2.168982e-16
97.094994 3.869847e+08 4.535596e+08 3.435216e+15 4.040222e+15 9.534218e+08 2.118887e-16
97.580469 3.870296e+08 4.535870e+08 3.451448e+15 4.059246e+15 9.286881e+08 2.070140e-16
98.068372 3.870761e+08 4.536162e+08 3.467763e+15 4.078367e+15 9.044326e+08 2.022464e-16
98.558714 3.871201e+08 4.536429e+08 3.484162e+15 4.097585e+15 8.809610e+08 1.975832e-16
99.051507 3.871626e+08 4.536682e+08 3.500644e+15 4.116900e+15 8.581714e+08 1.929467e-16
99.546765 3.872077e+08 4.536963e+08 3.517211e+15 4.136312e+15 8.357373e+08 1.883470e-16
100.044499 3.872537e+08 4.537255e+08 3.533863e+15 4.155823e+15 8.137795e+08 1.839406e-16
