1.001000 4.742086e+37
1.002001 4.742594e+37
1.003003 4.743069e+37
1.004006 4.743500e+37
1.005010 4.743874e+37
1.006015 4.744202e+37
1.007021 4.744489e+37
1.008028 4.744737e+37
1.009036 4.744945e+37
1.010045 4.745116e+37
1.011055 4.745253e+37
1.012066 4.745362e+37
1.013078 4.745433e+37
1.014091 4.745477e+37
1.015105 4.745495e+37
1.016121 4.745492e+37
1.017137 4.745472e+37
1.018154 4.745437e+37
1.019172 4.745387e+37
1.020191 4.745330e+37
1.021211 4.745255e+37
1.022233 4.745172e+37
1.023255 4.745081e+37
1.024278 4.744985e+37
1.025302 4.744884e+37
1.026328 4.744779e+37
1.027354 4.744674e+37
1.028381 4.744567e+37
1.029410 4.744462e+37
1.030439 4.744358e+37
1.031470 4.744256e+37
1.032501 4.744157e+37
1.033533 4.744062e+37
1.034567 4.743971e+37
1.035602 4.743885e+37
1.036637 4.743804e+37
1.037674 4.743729e+37
1.038712 4.743660e+37
1.039750 4.743596e+37
1.040790 4.743538e+37
1.041831 4.743483e+37
1.042873 4.743436e+37
1.043915 4.743395e+37
1.044959 4.743359e+37
1.046004 4.743329e+37
1.047050 4.743303e+37
1.048097 4.743281e+37
1.049145 4.743262e+37
1.050195 4.743248e+37
1.051245 4.743236e+37
1.052296 4.743228e+37
1.053348 4.743222e+37
1.054402 4.743218e+37
1.055456 4.743216e+37
1.056512 4.743214e+37
1.057568 4.743213e+37
1.058626 4.743213e+37
1.059684 4.743213e+37
1.060744 4.743212e+37
1.061805 4.743211e+37
1.062867 4.743208e+37
1.063929 4.743205e+37
1.064993 4.743199e+37
1.066058 4.743194e+37
1.067124 4.743187e+37
1.068191 4.743179e+37
1.069260 4.743170e+37
1.070329 4.743156e+37
1.071399 4.743142e+37
1.072471 4.743125e+37
1.073543 4.743107e+37
1.074617 4.743089e+37
1.075691 4.743069e+37
1.076767 4.743048e+37
1.077844 4.743027e+37
1.078922 4.743005e+37
1.080001 4.742982e+37
1.081081 4.742959e+37
1.082162 4.742936e+37
1.083244 4.742913e+37
1.084327 4.742890e+37
1.085411 4.742868e+37
1.086497 4.742846e+37
1.087583 4.742826e+37
1.088671 4.742806e+37
1.089759 4.742786e+37
1.090849 4.742768e+37
1.091940 4.742751e+37
1.093032 4.742735e+37
1.094125 4.742721e+37
1.095219 4.742707e+37
1.096314 4.742695e+37
1.097411 4.742683e+37
1.098508 4.742673e+37
1.099607 4.742664e+37
1.100706 4.742656e+37
1.101807 4.742648e+37
1.102909 4.742641e+37
1.104012 4.742635e+37
1.105116 4.742630e+37
1.106221 4.742626e+37
1.107327 4.742621e+37
1.108434 4.742617e+37
1.109543 4.742613e+37
1.110652 4.742608e+37
1.111763 4.742605e+37
1.112875 4.742600e+37
1.113988 4.742594e+37
1.115102 4.742589e+37
1.116217 4.742583e+37
1.117333 4.742576e+37
1.118450 4.742569e+37
1.119569 4.742561e+37
1.120688 4.742553e+37
1.121809 4.742544e+37
1.122931 4.742535e+37
1.124054 4.742524e+37
1.125178 4.742513e+37
1.126303 4.742501e+37
1.127429 4.742488e+37
1.128557 4.742474e+37
1.129685 4.742460e+37
1.130815 4.742446e+37
1.131946 4.742431e+37
1.133078 4.742415e+37
1.134211 4.742399e+37
1.135345 4.742384e+37
1.136480 4.742368e+37
1.137617 4.742352e+37
1.138754 4.742336e+37
1.139893 4.742320e+37
1.141033 4.742305e+37
1.142174 4.742289e+37
1.143316 4.742274e+37
1.144460 4.742259e+37
1.145604 4.742244e+37
1.146750 4.742230e+37
1.147896 4.742216e+37
1.149044 4.742203e+37
1.150193 4.742189e+37
1.151344 4.742176e+37
1.152495 4.742164e+37
1.153647 4.742152e+37
1.154801 4.742140e+37
1.155956 4.742129e+37
1.157112 4.742118e+37
1.158269 4.742107e+37
1.159427 4.742096e+37
1.160587 4.742086e+37
1.161747 4.742076e+37
1.162909 4.742065e+37
1.164072 4.742055e+37
1.165236 4.742045e+37
1.166401 4.742035e+37
1.167568 4.742024e+37
1.168735 4.742013e+37
1.169904 4.742002e+37
1.171074 4.741991e+37
1.172245 4.741980e+37
1.173417 4.741968e+37
1.174590 4.741956e+37
1.175765 4.741944e+37
1.176941 4.741931e+37
1.178118 4.741918e+37
1.179296 4.741905e+37
1.180475 4.741892e+37
1.181656 4.741878e+37
1.182837 4.741864e+37
1.184020 4.741850e+37
1.185204 4.741835e+37
1.186389 4.741821e+37
1.187576 4.741805e+37
1.188763 4.741790e+37
1.189952 4.741774e+37
1.191142 4.741759e+37
1.192333 4.741743e+37
1.193526 4.741727e+37
1.194719 4.741711e+37
1.195914 4.741695e+37
1.197110 4.741679e+37
1.198307 4.741663e+37
1.199505 4.741648e+37
1.200705 4.741632e+37
1.201905 4.741616e+37
1.203107 4.741601e+37
1.204310 4.741586e+37
1.205515 4.741570e+37
1.206720 4.741555e+37
1.207927 4.741540e+37
1.209135 4.741525e+37
1.210344 4.741510e+37
1.211554 4.741496e+37
1.212766 4.741481e+37
1.213979 4.741466e+37
1.215193 4.741452e+37
1.216408 4.741437e+37
1.217624 4.741422e+37
1.218842 4.741408e+37
1.220061 4.741393e+37
1.221281 4.741379e+37
1.222502 4.741364e+37
1.223724 4.741349e+37
1.224948 4.741334e+37
1.226173 4.741319e+37
1.227399 4.741304e+37
1.228627 4.741289e+37
1.229855 4.741273e+37
1.231085 4.741258e+37
1.232316 4.741242e+37
1.233549 4.741225e+37
1.234782 4.741209e+37
1.236017 4.741193e+37
1.237253 4.741176e+37
1.238490 4.741159e+37
1.239729 4.741142e+37
1.240968 4.741124e+37
1.242209 4.741106e+37
1.243452 4.741088e+37
1.244695 4.741070e+37
1.245940 4.741052e+37
1.247186 4.741034e+37
1.248433 4.741016e+37
1.249681 4.740998e+37
1.250931 4.740979e+37
1.252182 4.740961e+37
1.253434 4.740943e+37
1.254688 4.740925e+37
1.255942 4.740906e+37
1.257198 4.740888e+37
1.258455 4.740870e+37
1.259714 4.740852e+37
1.260974 4.740833e+37
1.262235 4.740815e+37
1.263497 4.740797e+37
1.264760 4.740780e+37
1.266025 4.740762e+37
1.267291 4.740743e+37
1.268558 4.740725e+37
1.269827 4.740707e+37
1.271097 4.740688e+37
1.272368 4.740670e+37
1.273640 4.740652e+37
1.274914 4.740634e+37
1.276189 4.740615e+37
1.277465 4.740596e+37
1.278742 4.740577e+37
1.280021 4.740558e+37
1.281301 4.740539e+37
1.282582 4.740521e+37
1.283865 4.740501e+37
1.285149 4.740482e+37
1.286434 4.740462e+37
1.287720 4.740442e+37
1.289008 4.740421e+37
1.290297 4.740402e+37
1.291588 4.740382e+37
1.292879 4.740361e+37
1.294172 4.740340e+37
1.295466 4.740319e+37
1.296762 4.740298e+37
1.298058 4.740277e+37
1.299356 4.740255e+37
1.300656 4.740235e+37
1.301956 4.740213e+37
1.303258 4.740191e+37
1.304562 4.740170e+37
1.305866 4.740148e+37
1.307172 4.740127e+37
1.308479 4.740105e+37
1.309788 4.740084e+37
1.311098 4.740062e+37
1.312409 4.740040e+37
1.313721 4.740018e+37
1.315035 4.739997e+37
1.316350 4.739975e+37
1.317666 4.739953e+37
1.318984 4.739932e+37
1.320303 4.739910e+37
1.321623 4.739888e+37
1.322945 4.739866e+37
1.324268 4.739844e+37
1.325592 4.739822e+37
1.326918 4.739800e+37
1.328244 4.739777e+37
1.329573 4.739754e+37
1.330902 4.739732e+37
1.332233 4.739709e+37
1.333565 4.739686e+37
1.334899 4.739663e+37
1.336234 4.739640e+37
1.337570 4.739616e+37
1.338908 4.739592e+37
1.340247 4.739569e+37
1.341587 4.739545e+37
1.342928 4.739521e+37
1.344271 4.739497e+37
1.345616 4.739472e+37
1.346961 4.739448e+37
1.348308 4.739423e+37
1.349656 4.739399e+37
1.351006 4.739374e+37
1.352357 4.739349e+37
1.353709 4.739324e+37
1.355063 4.739299e+37
1.356418 4.739274e+37
1.357775 4.739249e+37
1.359132 4.739224e+37
1.360492 4.739198e+37
1.361852 4.739173e+37
1.363214 4.739147e+37
1.364577 4.739122e+37
1.365942 4.739096e+37
1.367308 4.739070e+37
1.368675 4.739044e+37
1.370044 4.739018e+37
1.371414 4.738993e+37
1.372785 4.738966e+37
1.374158 4.738940e+37
1.375532 4.738914e+37
1.376908 4.738887e+37
1.378284 4.738861e+37
1.379663 4.738834e+37
1.381042 4.738808e+37
1.382423 4.738781e+37
1.383806 4.738754e+37
1.385190 4.738726e+37
1.386575 4.738699e+37
1.387961 4.738672e+37
1.389349 4.738644e+37
1.390739 4.738617e+37
1.392130 4.738589e+37
1.393522 4.738561e+37
1.394915 4.738533e+37
1.396310 4.738505e+37
1.397706 4.738476e+37
1.399104 4.738447e+37
1.400503 4.738418e+37
1.401904 4.738389e+37
1.403306 4.738360e+37
1.404709 4.738331e+37
1.406114 4.738301e+37
1.407520 4.738271e+37
1.408927 4.738241e+37
1.410336 4.738211e+37
1.411747 4.738181e+37
1.413158 4.738151e+37
1.414571 4.738121e+37
1.415986 4.738090e+37
1.417402 4.738059e+37
1.418819 4.738028e+37
1.420238 4.737998e+37
1.421658 4.737967e+37
1.423080 4.737935e+37
1.424503 4.737904e+37
1.425928 4.737873e+37
1.427354 4.737841e+37
1.428781 4.737810e+37
1.430210 4.737778e+37
1.431640 4.737746e+37
1.433072 4.737714e+37
1.434505 4.737682e+37
1.435939 4.737649e+37
1.437375 4.737617e+37
1.438813 4.737584e+37
1.440251 4.737551e+37
1.441692 4.737518e+37
1.443133 4.737485e+37
1.444576 4.737451e+37
1.446021 4.737418e+37
1.447467 4.737384e+37
1.448914 4.737350e+37
1.450363 4.737316e+37
1.451814 4.737282e+37
1.453266 4.737247e+37
1.454719 4.737212e+37
1.456174 4.737178e+37
1.457630 4.737142e+37
1.459087 4.737107e+37
1.460546 4.737072e+37
1.462007 4.737037e+37
1.463469 4.737001e+37
1.464932 4.736965e+37
1.466397 4.736929e+37
1.467864 4.736893e+37
1.469332 4.736857e+37
1.470801 4.736821e+37
1.472272 4.736784e+37
1.473744 4.736747e+37
1.475218 4.736710e+37
1.476693 4.736673e+37
1.478170 4.736636e+37
1.479648 4.736598e+37
1.481128 4.736561e+37
1.482609 4.736523e+37
1.484091 4.736485e+37
1.485575 4.736447e+37
1.487061 4.736408e+37
1.488548 4.736370e+37
1.490037 4.736331e+37
1.491527 4.736292e+37
1.493018 4.736253e+37
1.494511 4.736213e+37
1.496006 4.736173e+37
1.497502 4.736133e+37
1.498999 4.736094e+37
1.500498 4.736053e+37
1.501999 4.736013e+37
1.503501 4.735972e+37
1.505004 4.735931e+37
1.506509 4.735890e+37
1.508016 4.735849e+37
1.509524 4.735807e+37
1.511033 4.735765e+37
1.512544 4.735723e+37
1.514057 4.735681e+37
1.515571 4.735638e+37
1.517086 4.735596e+37
1.518603 4.735553e+37
1.520122 4.735510e+37
1.521642 4.735467e+37
1.523164 4.735423e+37
1.524687 4.735379e+37
1.526212 4.735335e+37
1.527738 4.735291e+37
1.529266 4.735246e+37
1.530795 4.735201e+37
1.532326 4.735157e+37
1.533858 4.735111e+37
1.535392 4.735066e+37
1.536927 4.735020e+37
1.538464 4.734975e+37
1.540003 4.734929e+37
1.541543 4.734882e+37
1.543084 4.734836e+37
1.544627 4.734789e+37
1.546172 4.734742e+37
1.547718 4.734695e+37
1.549266 4.734648e+37
1.550815 4.734600e+37
1.552366 4.734552e+37
1.553918 4.734504e+37
1.555472 4.734456e+37
1.557028 4.734407e+37
1.558585 4.734358e+37
1.560143 4.734309e+37
1.561703 4.734260e+37
1.563265 4.734210e+37
1.564828 4.734160e+37
1.566393 4.734110e+37
1.567960 4.734060e+37
1.569528 4.734009e+37
1.571097 4.733958e+37
1.572668 4.733907e+37
1.574241 4.733856e+37
1.575815 4.733804e+37
1.577391 4.733752e+37
1.578968 4.733700e+37
1.580547 4.733647e+37
1.582128 4.733594e+37
1.583710 4.733542e+37
1.585294 4.733488e+37
1.586879 4.733435e+37
1.588466 4.733381e+37
1.590054 4.733327e+37
1.591644 4.733272e+37
1.593236 4.733218e+37
1.594829 4.733163e+37
1.596424 4.733107e+37
1.598020 4.733052e+37
1.599618 4.732996e+37
1.601218 4.732940e+37
1.602819 4.732884e+37
1.604422 4.732827e+37
1.606027 4.732770e+37
1.607633 4.732713e+37
1.609240 4.732656e+37
1.610849 4.732598e+37
1.612460 4.732540e+37
1.614073 4.732482e+37
1.615687 4.732423e+37
1.617303 4.732364e+37
1.618920 4.732305e+37
1.620539 4.732246e+37
1.622159 4.732186e+37
1.623781 4.732126e+37
1.625405 4.732065e+37
1.627031 4.732005e+37
1.628658 4.731944e+37
1.630286 4.731882e+37
1.631917 4.731820e+37
1.633549 4.731759e+37
1.635182 4.731697e+37
1.636817 4.731634e+37
1.638454 4.731571e+37
1.640093 4.731508e+37
1.641733 4.731444e+37
1.643374 4.731380e+37
1.645018 4.731316e+37
1.646663 4.731252e+37
1.648309 4.731187e+37
1.649958 4.731122e+37
1.651608 4.731056e+37
1.653259 4.730990e+37
1.654913 4.730924e+37
1.656567 4.730857e+37
1.658224 4.730790e+37
1.659882 4.730723e+37
1.661542 4.730655e+37
1.663204 4.730587e+37
1.664867 4.730518e+37
1.666532 4.730450e+37
1.668198 4.730380e+37
1.669866 4.730311e+37
1.671536 4.730241e+37
1.673208 4.730171e+37
1.674881 4.730100e+37
1.676556 4.730029e+37
1.678233 4.729957e+37
1.679911 4.729886e+37
1.681591 4.729814e+37
1.683272 4.729741e+37
1.684956 4.729668e+37
1.686640 4.729595e+37
1.688327 4.729521e+37
1.690015 4.729447e+37
1.691705 4.729372e+37
1.693397 4.729297e+37
1.695091 4.729222e+37
1.696786 4.729146e+37
1.698482 4.729070e+37
1.700181 4.728994e+37
1.701881 4.728917e+37
1.703583 4.728839e+37
1.705287 4.728761e+37
1.706992 4.728683e+37
1.708699 4.728604e+37
1.710408 4.728525e+37
1.712118 4.728446e+37
1.713830 4.728366e+37
1.715544 4.728285e+37
1.717259 4.728205e+37
1.718977 4.728123e+37
1.720696 4.728042e+37
1.722416 4.727959e+37
1.724139 4.727877e+37
1.725863 4.727794e+37
1.727589 4.727710e+37
1.729316 4.727626e+37
1.731046 4.727542e+37
1.732777 4.727457e+37
1.734510 4.727372e+37
1.736244 4.727286e+37
1.737980 4.727200e+37
1.739718 4.727113e+37
1.741458 4.727026e+37
1.743199 4.726938e+37
1.744943 4.726850e+37
1.746688 4.726761e+37
1.748434 4.726672e+37
1.750183 4.726582e+37
1.751933 4.726492e+37
1.753685 4.726401e+37
1.755439 4.726310e+37
1.757194 4.726218e+37
1.758951 4.726126e+37
1.760710 4.726033e+37
1.762471 4.725940e+37
1.764233 4.725846e+37
1.765998 4.725752e+37
1.767764 4.725657e+37
1.769531 4.725561e+37
1.771301 4.725466e+37
1.773072 4.725369e+37
1.774845 4.725272e+37
1.776620 4.725175e+37
1.778397 4.725077e+37
1.780175 4.724978e+37
1.781955 4.724879e+37
1.783737 4.724779e+37
1.785521 4.724679e+37
1.787306 4.724578e+37
1.789094 4.724476e+37
1.790883 4.724375e+37
1.792674 4.724272e+37
1.794466 4.724169e+37
1.796261 4.724065e+37
1.798057 4.723961e+37
1.799855 4.723856e+37
1.801655 4.723751e+37
1.803457 4.723645e+37
1.805260 4.723538e+37
1.807065 4.723430e+37
1.808872 4.723323e+37
1.810681 4.723214e+37
1.812492 4.723105e+37
1.814304 4.722995e+37
1.816119 4.722885e+37
1.817935 4.722774e+37
1.819753 4.722662e+37
1.821573 4.722550e+37
1.823394 4.722437e+37
1.825218 4.722324e+37
1.827043 4.722209e+37
1.828870 4.722095e+37
1.830699 4.721979e+37
1.832529 4.721863e+37
1.834362 4.721746e+37
1.836196 4.721629e+37
1.838032 4.721510e+37
1.839871 4.721391e+37
1.841710 4.721272e+37
1.843552 4.721152e+37
1.845396 4.721031e+37
1.847241 4.720909e+37
1.849088 4.720787e+37
1.850937 4.720663e+37
1.852788 4.720540e+37
1.854641 4.720415e+37
1.856496 4.720290e+37
1.858352 4.720164e+37
1.860211 4.720037e+37
1.862071 4.719909e+37
1.863933 4.719781e+37
1.865797 4.719652e+37
1.867663 4.719522e+37
1.869530 4.719392e+37
1.871400 4.719260e+37
1.873271 4.719128e+37
1.875144 4.718996e+37
1.877020 4.718862e+37
1.878897 4.718728e+37
1.880776 4.718592e+37
1.882656 4.718457e+37
1.884539 4.718320e+37
1.886424 4.718182e+37
1.888310 4.718044e+37
1.890198 4.717905e+37
1.892088 4.717765e+37
1.893981 4.717624e+37
1.895875 4.717483e+37
1.897770 4.717340e+37
1.899668 4.717197e+37
1.901568 4.717053e+37
1.903469 4.716908e+37
1.905373 4.716762e+37
1.907278 4.716615e+37
1.909186 4.716468e+37
1.911095 4.716320e+37
1.913006 4.716170e+37
1.914919 4.716020e+37
1.916834 4.715869e+37
1.918751 4.715717e+37
1.920669 4.715565e+37
1.922590 4.715411e+37
1.924513 4.715257e+37
1.926437 4.715101e+37
1.928364 4.714945e+37
1.930292 4.714787e+37
1.932222 4.714629e+37
1.934154 4.714470e+37
1.936089 4.714310e+37
1.938025 4.714149e+37
1.939963 4.713986e+37
1.941903 4.713823e+37
1.943845 4.713659e+37
1.945788 4.713494e+37
1.947734 4.713328e+37
1.949682 4.713161e+37
1.951632 4.712993e+37
1.953583 4.712824e+37
1.955537 4.712654e+37
1.957492 4.712483e+37
1.959450 4.712311e+37
1.961409 4.712138e+37
1.963371 4.711964e+37
1.965334 4.711788e+37
1.967299 4.711612e+37
1.969267 4.711435e+37
1.971236 4.711256e+37
1.973207 4.711077e+37
1.975180 4.710896e+37
1.977156 4.710714e+37
1.979133 4.710531e+37
1.981112 4.710347e+37
1.983093 4.710162e+37
1.985076 4.709976e+37
1.987061 4.709789e+37
1.989048 4.709600e+37
1.991037 4.709410e+37
1.993028 4.709220e+37
1.995021 4.709028e+37
1.997016 4.708835e+37
1.999013 4.708641e+37
2.001012 4.708446e+37
2.003013 4.708249e+37
2.005016 4.708051e+37
2.007021 4.707852e+37
2.009028 4.707652e+37
2.011037 4.707450e+37
2.013048 4.707247e+37
2.015062 4.707043e+37
2.017077 4.706838e+37
2.019094 4.706632e+37
2.021113 4.706424e+37
2.023134 4.706214e+37
2.025157 4.706004e+37
2.027182 4.705792e+37
2.029209 4.705579e+37
2.031239 4.705365e+37
2.033270 4.705149e+37
2.035303 4.704933e+37
2.037338 4.704714e+37
2.039376 4.704495e+37
2.041415 4.704273e+37
2.043457 4.704051e+37
2.045500 4.703827e+37
2.047545 4.703602e+37
2.049593 4.703376e+37
2.051643 4.703147e+37
2.053694 4.702918e+37
2.055748 4.702687e+37
2.057804 4.702455e+37
2.059861 4.702222e+37
2.061921 4.701987e+37
2.063983 4.701752e+37
2.066047 4.701514e+37
2.068113 4.701274e+37
2.070181 4.701032e+37
2.072252 4.700789e+37
2.074324 4.700544e+37
2.076398 4.700298e+37
2.078475 4.700050e+37
2.080553 4.699801e+37
2.082634 4.699551e+37
2.084716 4.699300e+37
2.086801 4.699048e+37
2.088888 4.698792e+37
2.090977 4.698535e+37
2.093068 4.698276e+37
2.095161 4.698016e+37
2.097256 4.697754e+37
2.099353 4.697490e+37
2.101452 4.697225e+37
2.103554 4.696958e+37
2.105657 4.696689e+37
2.107763 4.696418e+37
2.109871 4.696146e+37
2.111981 4.695872e+37
2.114093 4.695596e+37
2.116207 4.695318e+37
2.118323 4.695038e+37
2.120441 4.694757e+37
2.122562 4.694474e+37
2.124684 4.694189e+37
2.126809 4.693903e+37
2.128936 4.693615e+37
2.131065 4.693324e+37
2.133196 4.693032e+37
2.135329 4.692738e+37
2.137464 4.692443e+37
2.139602 4.692146e+37
2.141741 4.691846e+37
2.143883 4.691544e+37
2.146027 4.691241e+37
2.148173 4.690936e+37
2.150321 4.690628e+37
2.152472 4.690319e+37
2.154624 4.690007e+37
2.156779 4.689693e+37
2.158935 4.689377e+37
2.161094 4.689059e+37
2.163255 4.688738e+37
2.165419 4.688416e+37
2.167584 4.688091e+37
2.169752 4.687765e+37
2.171921 4.687437e+37
2.174093 4.687106e+37
2.176268 4.686773e+37
2.178444 4.686440e+37
2.180622 4.686102e+37
2.182803 4.685762e+37
2.184986 4.685422e+37
2.187171 4.685078e+37
2.189358 4.684732e+37
2.191547 4.684384e+37
2.193739 4.684034e+37
2.195932 4.683680e+37
2.198128 4.683326e+37
2.200327 4.682969e+37
2.202527 4.682609e+37
2.204729 4.682246e+37
2.206934 4.681881e+37
2.209141 4.681513e+37
2.211350 4.681143e+37
2.213562 4.680773e+37
2.215775 4.680398e+37
2.217991 4.680020e+37
2.220209 4.679642e+37
2.222429 4.679260e+37
2.224651 4.678874e+37
2.226876 4.678488e+37
2.229103 4.678099e+37
2.231332 4.677706e+37
2.233563 4.677311e+37
2.235797 4.676914e+37
2.238033 4.676514e+37
2.240271 4.676110e+37
2.242511 4.675704e+37
2.244754 4.675296e+37
2.246998 4.674885e+37
2.249245 4.674471e+37
2.251495 4.674053e+37
2.253746 4.673633e+37
2.256000 4.673210e+37
2.258256 4.672786e+37
2.260514 4.672357e+37
2.262775 4.671927e+37
2.265037 4.671493e+37
2.267302 4.671055e+37
2.269570 4.670615e+37
2.271839 4.670172e+37
2.274111 4.669725e+37
2.276385 4.669276e+37
2.278662 4.668824e+37
2.280940 4.668368e+37
2.283221 4.667910e+37
2.285504 4.667448e+37
2.287790 4.666984e+37
2.290078 4.666515e+37
2.292368 4.666044e+37
2.294660 4.665569e+37
2.296955 4.665091e+37
2.299252 4.664610e+37
2.301551 4.664125e+37
2.303853 4.663636e+37
2.306156 4.663144e+37
2.308463 4.662650e+37
2.310771 4.662152e+37
2.313082 4.661650e+37
2.315395 4.661144e+37
2.317710 4.660637e+37
2.320028 4.660125e+37
2.322348 4.659608e+37
2.324670 4.659090e+37
2.326995 4.658567e+37
2.329322 4.658041e+37
2.331651 4.657511e+37
2.333983 4.656977e+37
2.336317 4.656440e+37
2.338653 4.655899e+37
2.340992 4.655354e+37
2.343333 4.654805e+37
2.345676 4.654253e+37
2.348022 4.653696e+37
2.350370 4.653136e+37
2.352720 4.652572e+37
2.355073 4.652006e+37
2.357428 4.651435e+37
2.359786 4.650857e+37
2.362145 4.650275e+37
2.364508 4.649693e+37
2.366872 4.649104e+37
2.369239 4.648513e+37
2.371608 4.647916e+37
2.373980 4.647315e+37
2.376354 4.646711e+37
2.378730 4.646102e+37
2.381109 4.645489e+37
2.383490 4.644869e+37
2.385873 4.644247e+37
2.388259 4.643620e+37
2.390648 4.642989e+37
2.393038 4.642354e+37
2.395431 4.641713e+37
2.397827 4.641066e+37
2.400225 4.640414e+37
2.402625 4.639757e+37
2.405027 4.639096e+37
2.407432 4.638430e+37
2.409840 4.637760e+37
2.412250 4.637085e+37
2.414662 4.636407e+37
2.417077 4.635724e+37
2.419494 4.635037e+37
2.421913 4.634347e+37
2.424335 4.633653e+37
2.426759 4.632955e+37
2.429186 4.632255e+37
2.431615 4.631548e+37
2.434047 4.630836e+37
2.436481 4.630120e+37
2.438918 4.629400e+37
2.441356 4.628675e+37
2.443798 4.627944e+37
2.446242 4.627207e+37
2.448688 4.626465e+37
2.451137 4.625715e+37
2.453588 4.624957e+37
2.456041 4.624177e+37
2.458497 4.623402e+37
2.460956 4.622610e+37
2.463417 4.621806e+37
2.465880 4.620988e+37
2.468346 4.620155e+37
2.470814 4.619308e+37
2.473285 4.618449e+37
2.475758 4.617579e+37
2.478234 4.616703e+37
2.480712 4.615834e+37
2.483193 4.614974e+37
2.485676 4.614122e+37
2.488162 4.613302e+37
2.490650 4.612482e+37
2.493141 4.611677e+37
2.495634 4.610877e+37
2.498130 4.610090e+37
2.500628 4.609366e+37
2.503128 4.608691e+37
2.505632 4.608122e+37
2.508137 4.607586e+37
2.510645 4.607107e+37
2.513156 4.606505e+37
2.515669 4.605876e+37
2.518185 4.605132e+37
2.520703 4.604144e+37
2.523224 4.602778e+37
2.525747 4.600736e+37
2.528273 4.597809e+37
2.530801 4.594223e+37
2.533332 4.589805e+37
2.535865 4.584022e+37
2.538401 4.577905e+37
2.540939 4.570978e+37
2.543480 4.563630e+37
2.546024 4.555987e+37
2.548570 4.548168e+37
2.551118 4.540239e+37
2.553669 4.532244e+37
2.556223 4.524202e+37
2.558779 4.516137e+37
2.561338 4.508050e+37
2.563899 4.499968e+37
2.566463 4.491852e+37
2.569030 4.483741e+37
2.571599 4.475613e+37
2.574170 4.467488e+37
2.576745 4.459356e+37
2.579321 4.451230e+37
2.581901 4.443107e+37
2.584483 4.434990e+37
2.587067 4.426879e+37
2.589654 4.418774e+37
2.592244 4.410676e+37
2.594836 4.402585e+37
2.597431 4.394501e+37
2.600028 4.386425e+37
2.602628 4.378356e+37
2.605231 4.370295e+37
2.607836 4.362242e+37
2.610444 4.354196e+37
2.613054 4.346158e+37
2.615667 4.338128e+37
2.618283 4.330106e+37
2.620901 4.322092e+37
2.623522 4.314085e+37
2.626146 4.306087e+37
2.628772 4.298096e+37
2.631401 4.290114e+37
2.634032 4.282140e+37
2.636666 4.274174e+37
2.639303 4.266216e+37
2.641942 4.258268e+37
2.644584 4.250326e+37
2.647229 4.242393e+37
2.649876 4.234468e+37
2.652526 4.226551e+37
2.655178 4.218643e+37
2.657834 4.210743e+37
2.660491 4.202851e+37
2.663152 4.194968e+37
2.665815 4.187092e+37
2.668481 4.179225e+37
2.671149 4.171366e+37
2.673820 4.163516e+37
2.676494 4.155674e+37
2.679171 4.147840e+37
2.681850 4.140015e+37
2.684532 4.132198e+37
2.687216 4.124390e+37
2.689904 4.116590e+37
2.692593 4.108798e+37
2.695286 4.101015e+37
2.697981 4.093240e+37
2.700679 4.085474e+37
2.703380 4.077716e+37
2.706083 4.069966e+37
2.708789 4.062226e+37
2.711498 4.054493e+37
2.714210 4.046770e+37
2.716924 4.039055e+37
2.719641 4.031348e+37
2.722360 4.023650e+37
2.725083 4.015961e+37
2.727808 4.008280e+37
2.730536 4.000607e+37
2.733266 3.992944e+37
2.736000 3.985289e+37
2.738736 3.977642e+37
2.741474 3.970004e+37
2.744216 3.962375e+37
2.746960 3.954754e+37
2.749707 3.947142e+37
2.752457 3.939539e+37
2.755209 3.931945e+37
2.757964 3.924359e+37
2.760722 3.916782e+37
2.763483 3.909213e+37
2.766246 3.901655e+37
2.769013 3.894103e+37
2.771782 3.886561e+37
2.774554 3.879028e+37
2.777328 3.871503e+37
2.780105 3.863987e+37
2.782886 3.856480e+37
2.785668 3.848982e+37
2.788454 3.841493e+37
2.791243 3.834012e+37
2.794034 3.826539e+37
2.796828 3.819076e+37
2.799625 3.811622e+37
2.802424 3.804177e+37
2.805227 3.796741e+37
2.808032 3.789313e+37
2.810840 3.781894e+37
2.813651 3.774484e+37
2.816464 3.767083e+37
2.819281 3.759691e+37
2.822100 3.752307e+37
2.824922 3.744933e+37
2.827747 3.737568e+37
2.830575 3.730211e+37
2.833406 3.722864e+37
2.836239 3.715526e+37
2.839075 3.708196e+37
2.841914 3.700875e+37
2.844756 3.693563e+37
2.847601 3.686261e+37
2.850448 3.678967e+37
2.853299 3.671682e+37
2.856152 3.664407e+37
2.859008 3.657140e+37
2.861867 3.649882e+37
2.864729 3.642634e+37
2.867594 3.635394e+37
2.870462 3.628164e+37
2.873332 3.620942e+37
2.876205 3.613730e+37
2.879082 3.606527e+37
2.881961 3.599332e+37
2.884843 3.592147e+37
2.887727 3.584971e+37
2.890615 3.577804e+37
2.893506 3.570646e+37
2.896399 3.563497e+37
2.899296 3.556358e+37
2.902195 3.549227e+37
2.905097 3.542106e+37
2.908002 3.534993e+37
2.910910 3.527890e+37
2.913821 3.520796e+37
2.916735 3.513711e+37
2.919652 3.506635e+37
2.922571 3.499568e+37
2.925494 3.492511e+37
2.928420 3.485463e+37
2.931348 3.478424e+37
2.934279 3.471394e+37
2.937214 3.464374e+37
2.940151 3.457363e+37
2.943091 3.450361e+37
2.946034 3.443368e+37
2.948980 3.436384e+37
2.951929 3.429409e+37
2.954881 3.422444e+37
2.957836 3.415489e+37
2.960794 3.408542e+37
2.963754 3.401605e+37
2.966718 3.394676e+37
2.969685 3.387757e+37
2.972655 3.380847e+37
2.975627 3.373946e+37
2.978603 3.367055e+37
2.981581 3.360173e+37
2.984563 3.353300e+37
2.987548 3.346437e+37
2.990535 3.339583e+37
2.993526 3.332738e+37
2.996519 3.325902e+37
2.999516 3.319076e+37
3.002515 3.312260e+37
3.005518 3.305452e+37
3.008523 3.298654e+37
3.011532 3.291865e+37
3.014543 3.285085e+37
3.017558 3.278315e+37
3.020575 3.271554e+37
3.023596 3.264802e+37
3.026620 3.258060e+37
3.029646 3.251327e+37
3.032676 3.244603e+37
3.035709 3.237889e+37
3.038744 3.231184e+37
3.041783 3.224489e+37
3.044825 3.217803e+37
3.047870 3.211126e+37
3.050918 3.204459e+37
3.053968 3.197801e+37
3.057022 3.191152e+37
3.060079 3.184513e+37
3.063140 3.177883e+37
3.066203 3.171263e+37
3.069269 3.164652e+37
3.072338 3.158050e+37
3.075410 3.151458e+37
3.078486 3.144875e+37
3.081564 3.138301e+37
3.084646 3.131738e+37
3.087731 3.125183e+37
3.090818 3.118638e+37
3.093909 3.112102e+37
3.097003 3.105576e+37
3.100100 3.099059e+37
3.103200 3.092552e+37
3.106303 3.086054e+37
3.109410 3.079565e+37
3.112519 3.073086e+37
3.115632 3.066616e+37
3.118747 3.060156e+37
3.121866 3.053705e+37
3.124988 3.047263e+37
3.128113 3.040832e+37
3.131241 3.034409e+37
3.134372 3.027996e+37
3.137507 3.021593e+37
3.140644 3.015198e+37
3.143785 3.008813e+37
3.146928 3.002438e+37
3.150075 2.996072e+37
3.153225 2.989716e+37
3.156379 2.983369e+37
3.159535 2.977032e+37
3.162695 2.970704e+37
3.165857 2.964385e+37
3.169023 2.958077e+37
3.172192 2.951777e+37
3.175364 2.945487e+37
3.178540 2.939206e+37
3.181718 2.932935e+37
3.184900 2.926673e+37
3.188085 2.920421e+37
3.191273 2.914178e+37
3.194464 2.907945e+37
3.197659 2.901721e+37
3.200856 2.895507e+37
3.204057 2.889302e+37
3.207261 2.883107e+37
3.210469 2.876920e+37
3.213679 2.870744e+37
3.216893 2.864577e+37
3.220110 2.858419e+37
3.223330 2.852272e+37
3.226553 2.846133e+37
3.229780 2.840004e+37
3.233009 2.833884e+37
3.236242 2.827774e+37
3.239479 2.821673e+37
3.242718 2.815581e+37
3.245961 2.809500e+37
3.249207 2.803427e+37
3.252456 2.797365e+37
3.255708 2.791312e+37
3.258964 2.785268e+37
3.262223 2.779234e+37
3.265485 2.773208e+37
3.268751 2.767193e+37
3.272020 2.761187e+37
3.275292 2.755190e+37
3.278567 2.749203e+37
3.281845 2.743225e+37
3.285127 2.737257e+37
3.288412 2.731299e+37
3.291701 2.725349e+37
3.294993 2.719409e+37
3.298288 2.713478e+37
3.301586 2.707558e+37
3.304887 2.701646e+37
3.308192 2.695744e+37
3.311500 2.689852e+37
3.314812 2.683969e+37
3.318127 2.678095e+37
3.321445 2.672231e+37
3.324766 2.666376e+37
3.328091 2.660531e+37
3.331419 2.654695e+37
3.334751 2.648869e+37
3.338085 2.643052e+37
3.341423 2.637245e+37
3.344765 2.631447e+37
3.348110 2.625658e+37
3.351458 2.619879e+37
3.354809 2.614109e+37
3.358164 2.608348e+37
3.361522 2.602597e+37
3.364884 2.596855e+37
3.368249 2.591123e+37
3.371617 2.585400e+37
3.374988 2.579686e+37
3.378363 2.573983e+37
3.381742 2.568289e+37
3.385124 2.562605e+37
3.388509 2.556930e+37
3.391897 2.551264e+37
3.395289 2.545607e+37
3.398684 2.539959e+37
3.402083 2.534320e+37
3.405485 2.528691e+37
3.408891 2.523072e+37
3.412300 2.517463e+37
3.415712 2.511863e+37
3.419128 2.506272e+37
3.422547 2.500690e+37
3.425969 2.495117e+37
3.429395 2.489554e+37
3.432825 2.484000e+37
3.436257 2.478456e+37
3.439694 2.472920e+37
3.443133 2.467395e+37
3.446576 2.461879e+37
3.450023 2.456372e+37
3.453473 2.450874e+37
3.456927 2.445386e+37
3.460383 2.439907e+37
3.463844 2.434438e+37
3.467308 2.428977e+37
3.470775 2.423527e+37
3.474246 2.418085e+37
3.477720 2.412653e+37
3.481198 2.407229e+37
3.484679 2.401816e+37
3.488164 2.396411e+37
3.491652 2.391016e+37
3.495143 2.385630e+37
3.498639 2.380254e+37
3.502137 2.374887e+37
3.505639 2.369529e+37
3.509145 2.364180e+37
3.512654 2.358841e+37
3.516167 2.353510e+37
3.519683 2.348189e+37
3.523203 2.342877e+37
3.526726 2.337576e+37
3.530253 2.332283e+37
3.533783 2.326999e+37
3.537317 2.321725e+37
3.540854 2.316459e+37
3.544395 2.311202e+37
3.547939 2.305955e+37
3.551487 2.300718e+37
3.555039 2.295490e+37
3.558594 2.290271e+37
3.562152 2.285061e+37
3.565714 2.279859e+37
3.569280 2.274668e+37
3.572849 2.269485e+37
3.576422 2.264311e+37
3.579999 2.259146e+37
3.583579 2.253991e+37
3.587162 2.248846e+37
3.590749 2.243709e+37
3.594340 2.238581e+37
3.597934 2.233462e+37
3.601532 2.228353e+37
3.605134 2.223253e+37
3.608739 2.218162e+37
3.612348 2.213081e+37
3.615960 2.208008e+37
3.619576 2.202944e+37
3.623196 2.197889e+37
3.626819 2.192843e+37
3.630446 2.187807e+37
3.634076 2.182779e+37
3.637710 2.177761e+37
3.641348 2.172751e+37
3.644989 2.167751e+37
3.648634 2.162760e+37
3.652283 2.157779e+37
3.655935 2.152806e+37
3.659591 2.147842e+37
3.663251 2.142887e+37
3.666914 2.137942e+37
3.670581 2.133006e+37
3.674251 2.128078e+37
3.677926 2.123160e+37
3.681604 2.118250e+37
3.685285 2.113349e+37
3.688971 2.108458e+37
3.692660 2.103575e+37
3.696352 2.098701e+37
3.700049 2.093836e+37
3.703749 2.088980e+37
3.707452 2.084133e+37
3.711160 2.079295e+37
3.714871 2.074466e+37
3.718586 2.069645e+37
3.722304 2.064833e+37
3.726027 2.060030e+37
3.729753 2.055236e+37
3.733482 2.050453e+37
3.737216 2.045678e+37
3.740953 2.040913e+37
3.744694 2.036157e+37
3.748439 2.031409e+37
3.752187 2.026670e+37
3.755939 2.021940e+37
3.759695 2.017217e+37
3.763455 2.012503e+37
3.767219 2.007798e+37
3.770986 2.003102e+37
3.774757 1.998414e+37
3.778532 1.993736e+37
3.782310 1.989067e+37
3.786092 1.984407e+37
3.789878 1.979756e+37
3.793668 1.975114e+37
3.797462 1.970481e+37
3.801259 1.965857e+37
3.805061 1.961241e+37
3.808866 1.956633e+37
3.812675 1.952035e+37
3.816487 1.947444e+37
3.820304 1.942863e+37
3.824124 1.938290e+37
3.827948 1.933726e+37
3.831776 1.929171e+37
3.835608 1.924624e+37
3.839444 1.920087e+37
3.843283 1.915558e+37
3.847126 1.911038e+37
3.850973 1.906526e+37
3.854824 1.902023e+37
3.858679 1.897529e+37
3.862538 1.893043e+37
3.866400 1.888566e+37
3.870267 1.884098e+37
3.874137 1.879638e+37
3.878011 1.875187e+37
3.881889 1.870745e+37
3.885771 1.866311e+37
3.889657 1.861886e+37
3.893547 1.857470e+37
3.897440 1.853062e+37
3.901338 1.848663e+37
3.905239 1.844272e+37
3.909144 1.839890e+37
3.913053 1.835516e+37
3.916966 1.831151e+37
3.920883 1.826794e+37
3.924804 1.822446e+37
3.928729 1.818106e+37
3.932658 1.813775e+37
3.936590 1.809453e+37
3.940527 1.805139e+37
3.944467 1.800833e+37
3.948412 1.796537e+37
3.952360 1.792248e+37
3.956313 1.787968e+37
3.960269 1.783696e+37
3.964229 1.779433e+37
3.968194 1.775178e+37
3.972162 1.770932e+37
3.976134 1.766694e+37
3.980110 1.762464e+37
3.984090 1.758244e+37
3.988074 1.754031e+37
3.992062 1.749827e+37
3.996054 1.745632e+37
4.000050 1.741444e+37
4.004050 1.737265e+37
4.008055 1.733094e+37
4.012063 1.728932e+37
4.016075 1.724777e+37
4.020091 1.720631e+37
4.024111 1.716493e+37
4.028135 1.712364e+37
4.032163 1.708242e+37
4.036195 1.704128e+37
4.040231 1.700024e+37
4.044272 1.695928e+37
4.048316 1.691840e+37
4.052364 1.687761e+37
4.056417 1.683691e+37
4.060473 1.679628e+37
4.064533 1.675573e+37
4.068598 1.671527e+37
4.072667 1.667489e+37
4.076739 1.663458e+37
4.080816 1.659437e+37
4.084897 1.655423e+37
4.088982 1.651417e+37
4.093071 1.647419e+37
4.097164 1.643430e+37
4.101261 1.639449e+37
4.105362 1.635475e+37
4.109468 1.631510e+37
4.113577 1.627553e+37
4.117691 1.623605e+37
4.121808 1.619664e+37
4.125930 1.615732e+37
4.130056 1.611807e+37
4.134186 1.607891e+37
4.138320 1.603982e+37
4.142459 1.600082e+37
4.146601 1.596190e+37
4.150748 1.592305e+37
4.154898 1.588428e+37
4.159053 1.584560e+37
4.163212 1.580700e+37
4.167376 1.576848e+37
4.171543 1.573004e+37
4.175714 1.569168e+37
4.179890 1.565339e+37
4.184070 1.561519e+37
4.188254 1.557706e+37
4.192442 1.553902e+37
4.196635 1.550105e+37
4.200831 1.546318e+37
4.205032 1.542537e+37
4.209237 1.538765e+37
4.213447 1.535001e+37
4.217660 1.531244e+37
4.221878 1.527496e+37
4.226100 1.523755e+37
4.230326 1.520022e+37
4.234556 1.516297e+37
4.238791 1.512579e+37
4.243029 1.508869e+37
4.247272 1.505167e+37
4.251520 1.501472e+37
4.255771 1.497785e+37
4.260027 1.494107e+37
4.264287 1.490437e+37
4.268551 1.486774e+37
4.272820 1.483120e+37
4.277093 1.479472e+37
4.281370 1.475833e+37
4.285651 1.472201e+37
4.289937 1.468577e+37
4.294227 1.464961e+37
4.298521 1.461352e+37
4.302819 1.457752e+37
4.307122 1.454158e+37
4.311429 1.450572e+37
4.315741 1.446993e+37
4.320057 1.443422e+37
4.324377 1.439860e+37
4.328701 1.436305e+37
4.333030 1.432759e+37
4.337363 1.429219e+37
4.341700 1.425688e+37
4.346042 1.422165e+37
4.350388 1.418648e+37
4.354738 1.415138e+37
4.359093 1.411636e+37
4.363452 1.408142e+37
4.367815 1.404656e+37
4.372183 1.401178e+37
4.376555 1.397707e+37
4.380932 1.394244e+37
4.385313 1.390787e+37
4.389698 1.387338e+37
4.394088 1.383896e+37
4.398482 1.380461e+37
4.402881 1.377035e+37
4.407283 1.373617e+37
4.411691 1.370205e+37
4.416102 1.366802e+37
4.420518 1.363405e+37
4.424939 1.360017e+37
4.429364 1.356634e+37
4.433793 1.353260e+37
4.438227 1.349893e+37
4.442665 1.346534e+37
4.447108 1.343183e+37
4.451555 1.339838e+37
4.456007 1.336500e+37
4.460463 1.333171e+37
4.464923 1.329849e+37
4.469388 1.326533e+37
4.473857 1.323226e+37
4.478331 1.319928e+37
4.482810 1.316636e+37
4.487292 1.313350e+37
4.491780 1.310072e+37
4.496272 1.306802e+37
4.500768 1.303540e+37
4.505269 1.300287e+37
4.509774 1.297039e+37
4.514284 1.293797e+37
4.518798 1.290563e+37
4.523317 1.287337e+37
4.527840 1.284120e+37
4.532368 1.280909e+37
4.536900 1.277704e+37
4.541437 1.274506e+37
4.545979 1.271316e+37
4.550525 1.268133e+37
4.555075 1.264957e+37
4.559630 1.261787e+37
4.564190 1.258625e+37
4.568754 1.255472e+37
4.573323 1.252324e+37
4.577896 1.249185e+37
4.582474 1.246052e+37
4.587056 1.242926e+37
4.591643 1.239808e+37
4.596235 1.236696e+37
4.600831 1.233591e+37
4.605432 1.230493e+37
4.610038 1.227404e+37
4.614648 1.224321e+37
4.619262 1.221247e+37
4.623882 1.218179e+37
4.628505 1.215119e+37
4.633134 1.212066e+37
4.637767 1.209021e+37
4.642405 1.205982e+37
4.647047 1.202951e+37
4.651694 1.199926e+37
4.656346 1.196908e+37
4.661002 1.193899e+37
4.665663 1.190896e+37
4.670329 1.187899e+37
4.674999 1.184912e+37
4.679674 1.181932e+37
4.684354 1.178960e+37
4.689038 1.175993e+37
4.693727 1.173032e+37
4.698421 1.170081e+37
4.703120 1.167137e+37
4.707823 1.164199e+37
4.712530 1.161270e+37
4.717243 1.158346e+37
4.721960 1.155433e+37
4.726682 1.152529e+37
4.731409 1.149633e+37
4.736140 1.146743e+37
4.740876 1.143860e+37
4.745617 1.140987e+37
4.750363 1.138118e+37
4.755113 1.135260e+37
4.759868 1.132408e+37
4.764628 1.129564e+37
4.769393 1.126728e+37
4.774162 1.123901e+37
4.778936 1.121083e+37
4.783715 1.118274e+37
4.788499 1.115470e+37
4.793288 1.112670e+37
4.798081 1.109883e+37
4.802879 1.107099e+37
4.807682 1.104328e+37
4.812490 1.101560e+37
4.817302 1.098806e+37
4.822119 1.096056e+37
4.826941 1.093320e+37
4.831768 1.090589e+37
4.836600 1.087873e+37
4.841437 1.085165e+37
4.846278 1.082472e+37
4.851124 1.079789e+37
4.855976 1.077125e+37
4.860832 1.074470e+37
4.865692 1.071819e+37
4.870558 1.069189e+37
4.875429 1.066570e+37
4.880304 1.063968e+37
4.885184 1.061386e+37
4.890070 1.058814e+37
4.894960 1.056255e+37
4.899855 1.053711e+37
4.904754 1.051188e+37
4.909659 1.048683e+37
4.914569 1.046199e+37
4.919483 1.043742e+37
4.924403 1.041303e+37
4.929327 1.038875e+37
4.934257 1.036500e+37
4.939191 1.034156e+37
4.944130 1.031847e+37
4.949074 1.029575e+37
4.954023 1.027349e+37
4.958977 1.025177e+37
4.963936 1.023067e+37
4.968900 1.021026e+37
4.973869 1.019070e+37
4.978843 1.017219e+37
4.983822 1.015493e+37
4.988806 1.013925e+37
4.993794 1.012563e+37
4.998788 1.011472e+37
5.003787 1.010743e+37
5.008791 1.010521e+37
5.013800 1.011078e+37
5.018813 1.012609e+37
5.023832 1.015183e+37
5.028856 1.020897e+37
5.033885 1.027539e+37
5.038919 1.039293e+37
5.043958 1.054664e+37
5.049002 1.069663e+37
5.054051 1.092259e+37
5.059105 1.119830e+37
5.064164 1.151330e+37
5.069228 1.187578e+37
5.074297 1.229858e+37
5.079372 1.279321e+37
5.084451 1.336987e+37
5.089535 1.403850e+37
5.094625 1.480955e+37
5.099720 1.569445e+37
5.104819 1.670565e+37
5.109924 1.785656e+37
5.115034 1.916153e+37
5.120149 2.063573e+37
5.125269 2.229502e+37
5.130394 2.415599e+37
5.135525 2.623598e+37
5.140660 2.855280e+37
5.145801 3.112481e+37
5.150947 3.397082e+37
5.156098 3.710987e+37
5.161254 4.056103e+37
5.166415 4.434338e+37
5.171582 4.847577e+37
5.176753 5.297667e+37
5.181930 5.786388e+37
5.187112 6.315449e+37
5.192299 6.886442e+37
5.197491 7.500841e+37
5.202689 8.159979e+37
5.207891 8.865007e+37
5.213099 9.616902e+37
5.218312 1.041643e+38
5.223531 1.126410e+38
5.228754 1.216023e+38
5.233983 1.310484e+38
5.239217 1.409766e+38
5.244456 1.513819e+38
5.249701 1.622557e+38
5.254950 1.735870e+38
5.260205 1.853612e+38
5.265465 1.975612e+38
5.270731 2.101667e+38
5.276002 2.231546e+38
5.281278 2.364983e+38
5.286559 2.501691e+38
5.291846 2.641365e+38
5.297137 2.783667e+38
5.302435 2.928238e+38
5.307737 3.074695e+38
5.313045 3.222665e+38
5.318358 3.371733e+38
5.323676 3.521506e+38
5.329000 3.671562e+38
5.334329 3.821478e+38
5.339663 3.970836e+38
5.345003 4.119207e+38
5.350348 4.266223e+38
5.355698 4.411484e+38
5.361054 4.554608e+38
5.366415 4.695205e+38
5.371781 4.832989e+38
5.377153 4.967632e+38
5.382530 5.098805e+38
5.387913 5.226309e+38
5.393301 5.349900e+38
5.398694 5.469371e+38
5.404093 5.584555e+38
5.409497 5.695272e+38
5.414906 5.801511e+38
5.420321 5.903199e+38
5.425741 6.000358e+38
5.431167 6.092844e+38
5.436598 6.180809e+38
5.442035 6.264268e+38
5.447477 6.343434e+38
5.452924 6.418438e+38
5.458377 6.489448e+38
5.463836 6.556663e+38
5.469300 6.620315e+38
5.474769 6.680664e+38
5.480244 6.737992e+38
5.485724 6.792603e+38
5.491210 6.844821e+38
5.496701 6.894929e+38
5.502198 6.943358e+38
5.507700 6.990454e+38
5.513207 7.036569e+38
5.518721 7.082063e+38
5.524239 7.127300e+38
5.529764 7.172649e+38
5.535293 7.218479e+38
5.540829 7.265163e+38
5.546370 7.313061e+38
5.551916 7.362550e+38
5.557468 7.414003e+38
5.563025 7.467752e+38
5.568588 7.524185e+38
5.574157 7.583639e+38
5.579731 7.646427e+38
5.585311 7.712790e+38
5.590896 7.783101e+38
5.596487 7.857506e+38
5.602083 7.936200e+38
5.607686 8.019293e+38
5.613293 8.106997e+38
5.618907 8.199407e+38
5.624525 8.296590e+38
5.630150 8.398581e+38
5.635780 8.505345e+38
5.641416 8.616938e+38
5.647057 8.733299e+38
5.652704 8.854332e+38
5.658357 8.979885e+38
5.664015 9.109859e+38
5.669679 9.244059e+38
5.675349 9.382260e+38
5.681024 9.524209e+38
5.686705 9.669627e+38
5.692392 9.818213e+38
5.698085 9.969646e+38
5.703783 1.012359e+39
5.709486 1.027969e+39
5.715196 1.043759e+39
5.720911 1.059693e+39
5.726632 1.075733e+39
5.732359 1.091842e+39
5.738091 1.107983e+39
5.743829 1.124118e+39
5.749573 1.140208e+39
5.755323 1.156218e+39
5.761078 1.172116e+39
5.766839 1.187863e+39
5.772606 1.203429e+39
5.778378 1.218785e+39
5.784157 1.233905e+39
5.789941 1.248770e+39
5.795731 1.263354e+39
5.801527 1.277642e+39
5.807328 1.291621e+39
5.813135 1.305290e+39
5.818949 1.318636e+39
5.824768 1.331659e+39
5.830592 1.344370e+39
5.836423 1.356770e+39
5.842259 1.368870e+39
5.848102 1.380692e+39
5.853950 1.392247e+39
5.859804 1.403564e+39
5.865663 1.414660e+39
5.871529 1.425570e+39
5.877401 1.436321e+39
5.883278 1.446941e+39
5.889161 1.457465e+39
5.895050 1.467935e+39
5.900945 1.478385e+39
5.906846 1.488855e+39
5.912753 1.499382e+39
5.918666 1.510005e+39
5.924585 1.520762e+39
5.930509 1.531688e+39
5.936440 1.542820e+39
5.942376 1.554192e+39
5.948319 1.565837e+39
5.954267 1.577791e+39
5.960221 1.590080e+39
5.966181 1.602731e+39
5.972148 1.615771e+39
5.978120 1.629220e+39
5.984098 1.643096e+39
5.990082 1.657407e+39
5.996072 1.672164e+39
6.002068 1.687367e+39
6.008070 1.703020e+39
6.014078 1.719118e+39
6.020092 1.735659e+39
6.026112 1.752634e+39
6.032139 1.770032e+39
6.038171 1.787836e+39
6.044209 1.806028e+39
6.050253 1.824580e+39
6.056303 1.843461e+39
6.062360 1.862639e+39
6.068422 1.882080e+39
6.074490 1.901750e+39
6.080565 1.921611e+39
6.086645 1.941621e+39
6.092732 1.961739e+39
6.098825 1.981919e+39
6.104924 2.002114e+39
6.111029 2.022280e+39
6.117140 2.042370e+39
6.123257 2.062342e+39
6.129380 2.082152e+39
6.135509 2.101759e+39
6.141645 2.121121e+39
6.147787 2.140200e+39
6.153934 2.158956e+39
6.160088 2.177356e+39
6.166248 2.195379e+39
6.172415 2.213009e+39
6.178587 2.230224e+39
6.184766 2.247027e+39
6.190950 2.263403e+39
6.197141 2.279364e+39
6.203338 2.294900e+39
6.209542 2.310027e+39
6.215751 2.324772e+39
6.221967 2.339171e+39
6.228189 2.353271e+39
6.234417 2.367115e+39
6.240652 2.380759e+39
6.246892 2.394255e+39
6.253139 2.407673e+39
6.259392 2.421079e+39
6.265652 2.434554e+39
6.271917 2.448187e+39
6.278189 2.462066e+39
6.284467 2.476284e+39
6.290752 2.490931e+39
6.297043 2.506107e+39
6.303340 2.521918e+39
6.309643 2.538469e+39
6.315953 2.555853e+39
6.322269 2.574176e+39
6.328591 2.593520e+39
6.334920 2.613976e+39
6.341254 2.635627e+39
6.347596 2.658538e+39
6.353943 2.682794e+39
6.360297 2.708456e+39
6.366658 2.735551e+39
6.373024 2.764120e+39
6.379397 2.794166e+39
6.385777 2.825699e+39
6.392162 2.858717e+39
6.398555 2.893203e+39
6.404953 2.929126e+39
6.411358 2.966450e+39
6.417769 3.005103e+39
6.424187 3.045020e+39
6.430611 3.086122e