3.7636 -1.6687 -1.7269 -1.8138 -1.8879 -1.9318 -1.9515 -1.9630 -1.9778 -1.9829 -1.9598 -1.9729 -2.1669 -2.1222 -2.0283 -1.8405 -1.5901 -1.2565 -0.8711 -0.4397
3.8428 -1.5434 -1.5400 -1.5399 -1.5502 -1.5794 -1.6253 -1.6748 -1.7053 -1.6888 -1.6061 -1.4569 -1.2751 -1.0847 -0.8807 -0.7531 -0.5698 -0.3225 -0.0796 0.2139
3.9677 -1.5176 -1.5235 -1.5209 -1.5119 -1.4952 -1.4635 -1.3800 -1.2707 -1.0639 -0.8089 -0.5676 -0.3503 -0.1192 0.1480 0.4272 0.6816 0.9200 1.1291 1.3088
4.0646 -1.3714 -1.3798 -1.3949 -1.4161 -1.4321 -1.4297 -1.3973 -1.3159 -1.1511 -0.8687 -0.4740 -0.0285 0.4036 0.7487 1.0552 1.3380 1.5999 1.8414 2.0517
4.1615 -1.1975 -1.2062 -1.2256 -1.2370 -1.2508 -1.2331 -1.1888 -1.1160 -0.9978 -0.8004 -0.4973 -0.0781 0.4242 0.9428 1.4101 1.7952 2.1121 2.3871 2.6393
4.2407 -1.1165 -1.1225 -1.1186 -1.1042 -1.0786 -1.0396 -0.9715 -0.8371 -0.6359 -0.3726 -0.0894 0.2232 0.5945 1.0303 1.5049 1.9723 2.3822 2.7246 3.0154
4.3657 -0.9777 -0.9765 -0.9617 -0.9347 -0.8942 -0.8422 -0.7341 -0.5274 -0.2104 0.1674 0.5572 0.9506 1.3386 1.6968 2.0262 2.3590 2.7266 3.1213 3.5054
4.4626 -0.9009 -0.8908 -0.8722 -0.8394 -0.7890 -0.7086 -0.5677 -0.3412 -0.0372 0.3252 0.7352 1.1922 1.6587 2.1028 2.5124 2.8728 3.1940 3.5167 3.8561
4.5417 -0.8250 -0.8228 -0.8056 -0.7682 -0.7019 -0.5880 -0.4030 -0.1491 0.1687 0.5412 0.9447 1.3642 1.8111 2.2831 2.7462 3.1713 3.5467 3.8734 4.1663
4.6087 -0.7655 -0.7488 -0.7246 -0.6882 -0.6202 -0.4896 -0.2764 0.0169 0.3720 0.7633 1.1695 1.5910 2.0198 2.4581 2.9159 3.3758 3.7964 4.1484 4.4365
4.6667 -0.7407 -0.7236 -0.6925 -0.6367 -0.5440 -0.4008 -0.1835 0.1251 0.4995 0.9099 1.3400 1.7758 2.2135 2.6483 3.0892 3.5410 3.9779 4.3527 4.6467
4.7636 -0.7708 -0.7407 -0.6950 -0.6272 -0.5217 -0.3479 -0.0845 0.2606 0.6548 1.0745 1.5140 1.9698 2.4386 2.9180 3.3828 3.8209 4.2410 4.6209 4.9133
4.8428 -0.7621 -0.7455 -0.7150 -0.6533 -0.5393 -0.3521 -0.0755 0.2777 0.6849 1.1346 1.6028 2.0683 2.5373 3.0246 3.5297 4.0065 4.4211 4.7749 5.0370
4.9097 -0.7601 -0.7388 -0.7047 -0.6456 -0.5392 -0.3523 -0.0725 0.2923 0.7131 1.1586 1.6276 2.1223 2.6153 3.1055 3.6073 4.0946 4.5140 4.8397 5.0603
4.9677 -0.7500 -0.7343 -0.7023 -0.6432 -0.5369 -0.3495 -0.0558 0.3158 0.7395 1.2003 1.6742 2.1619 2.6643 3.1660 3.6645 4.1450 4.5646 4.8744 5.0676
5.0189 -0.7084 -0.6962 -0.6720 -0.6223 -0.5241 -0.3483 -0.0623 0.3289 0.7691 1.2348 1.7178 2.2048 2.7001 3.2047 3.7072 4.1817 4.5949 4.8919 5.0607
5.0646 -0.6503 -0.6372 -0.6149 -0.5741 -0.4912 -0.3296 -0.0590 0.3177 0.7678 1.2480 1.7425 2.2419 2.7377 3.2377 3.7392 4.2099 4.6032 4.8782 5.0254
5.1615 -0.5847 -0.5432 -0.4976 -0.4390 -0.3494 -0.2026 0.0310 0.3551 0.7580 1.2240 1.7370 2.2769 2.8143 3.3352 3.8201 4.2424 4.5751 4.7871 4.8933
5.2407 -0.6598 -0.6061 -0.5371 -0.4521 -0.3358 -0.1635 0.0826 0.3968 0.7745 1.2183 1.7203 2.2626 2.8199 3.3628 3.8498 4.2396 4.5150 4.6772 4.7581
5.3657 -0.7656 -0.7394 -0.6908 -0.6118 -0.4951 -0.3271 -0.0834 0.2505 0.6539 1.1033 1.5956 2.1312 2.7098 3.2785 3.7496 4.0753 4.2780 4.4006 4.4837
5.4626 -0.7690 -0.7619 -0.7451 -0.7012 -0.6055 -0.4339 -0.1720 0.1731 0.5716 1.0097 1.4978 2.0279 2.5776 3.0989 3.5270 3.8307 4.0322 4.1683 4.2715
5.5417 -0.7588 -0.7602 -0.7514 -0.7246 -0.6577 -0.5141 -0.2593 0.1105 0.5521 1.0126 1.4762 1.9553 2.4476 2.9145 3.3148 3.6221 3.8399 3.9967 4.1178
5.6667 -0.7109 -0.7160 -0.7143 -0.7000 -0.6610 -0.5672 -0.3738 -0.0516 0.3818 0.8675 1.3559 1.8183 2.2501 2.6552 3.0217 3.3416 3.6031 3.8043 3.9407
5.7636 -0.6951 -0.6909 -0.6831 -0.6680 -0.6320 -0.5445 -0.3678 -0.0875 0.2807 0.7229 1.2030 1.6787 2.1241 2.5418 2.9281 3.2726 3.5591 3.7669 3.8754
5.8428 -0.6934 -0.6893 -0.6789 -0.6557 -0.6095 -0.5171 -0.3479 -0.0855 0.2693 0.6904 1.1460 1.6156 2.0722 2.5079 2.9155 3.2672 3.5444 3.7334 3.8295
5.9097 -0.6931 -0.6894 -0.6806 -0.6586 -0.6083 -0.5091 -0.3326 -0.0627 0.2815 0.6869 1.1386 1.6087 2.0742 2.5167 2.9359 3.2905 3.5565 3.7254 3.8065
5.9677 -0.6914 -0.6871 -0.6790 -0.6602 -0.6140 -0.5136 -0.3309 -0.0491 0.3150 0.7205 1.1600 1.6310 2.1013 2.5515 2.9794 3.3276 3.5796 3.7270 3.7897
6.0189 -0.6909 -0.6849 -0.6756 -0.6579 -0.6165 -0.5219 -0.3386 -0.0485 0.3345 0.7629 1.2049 1.6670 2.1397 2.5955 3.0262 3.3673 3.6044 3.7287 3.7795
6.0646 -0.6921 -0.6845 -0.6724 -0.6534 -0.6147 -0.5267 -0.3491 -0.0550 0.3414 0.7909 1.2505 1.7143 2.1847 2.6418 3.0710 3.4072 3.6113 3.7150 3.7674
6.1615 -0.6959 -0.6902 -0.6769 -0.6493 -0.6021 -0.5191 -0.3567 -0.0731 0.3301 0.8091 1.3144 1.8157 2.2975 2.7501 3.1430 3.4172 3.5768 3.6600 3.7018
6.2407 -0.6973 -0.6937 -0.6842 -0.6602 -0.6071 -0.5105 -0.3464 -0.0737 0.3195 0.7959 1.3238 1.8558 2.3505 2.7916 3.1420 3.3677 3.4964 3.5662 3.5926
6.3077 -0.6984 -0.6955 -0.6885 -0.6697 -0.6224 -0.5224 -0.3461 -0.0682 0.3243 0.7996 1.3165 1.8418 2.3333 2.7573 3.0741 3.2714 3.3807 3.4428 3.4690
6.3657 -0.6991 -0.6968 -0.6913 -0.6765 -0.6374 -0.5450 -0.3670 -0.0787 0.3184 0.7859 1.2852 1.7872 2.2600 2.6650 2.9575 3.1335 3.2432 3.3156 3.3452
6.4168 -0.6999 -0.6981 -0.6935 -0.6816 -0.6494 -0.5688 -0.3997 -0.1139 0.2815 0.7417 1.2229 1.6996 2.1475 2.5233 2.8031 2.9865 3.1114 3.1948 3.2246
6.4626 -0.7006 -0.6991 -0.6953 -0.6854 -0.6585 -0.5890 -0.4362 -0.1654 0.2184 0.6672 1.1326 1.5874 2.0089 2.3727 2.6530 2.8496 2.9912 3.0846 3.1134
6.5040 -0.7012 -0.6999 -0.6968 -0.6885 -0.6656 -0.6059 -0.4704 -0.2216 0.1418 0.5743 1.0249 1.4600 1.8683 2.2294 2.5155 2.7276 2.8844 2.9760 3.0125
6.5417 -0.7016 -0.7006 -0.6979 -0.6908 -0.6713 -0.6196 -0.5003 -0.2753 0.0630 0.4760 0.9095 1.3331 1.7356 2.0986 2.3929 2.6209 2.7893 2.8755 2.9191
6.6087 -0.7023 -0.7016 -0.6997 -0.6943 -0.6795 -0.6400 -0.5466 -0.3650 -0.0786 0.2901 0.6948 1.1037 1.5036 1.8743 2.1878 2.4317 2.5964 2.7005 2.7572
6.6667 -0.7031 -0.7024 -0.7009 -0.6967 -0.6850 -0.6537 -0.5792 -0.4312 -0.1899 0.1383 0.5175 0.9150 1.3141 1.6863 2.0007 2.2569 2.4351 2.5562 2.6223
6.7636 -0.7038 -0.7035 -0.7025 -0.6998 -0.6919 -0.6706 -0.6194 -0.5157 -0.3376 -0.0741 0.2593 0.6296 1.0109 1.3798 1.7177 1.9906 2.1861 2.3154 2.4169
6.8050 -0.7046 -0.7043 -0.7034 -0.7010 -0.6944 -0.6764 -0.6327 -0.5433 -0.3867 -0.1480 0.1627 0.5191 0.8951 1.2669 1.6107 1.8875 2.0774 2.2213 2.3750
6.8428 -0.7053 -0.7050 -0.7042 -0.7020 -0.6962 -0.6807 -0.6428 -0.5646 -0.4252 -0.2079 0.0832 0.4280 0.7986 1.1719 1.5192 1.7988 1.9788 2.1369 2.3138
6.8775 -0.7060 -0.7057 -0.7049 -0.7029 -0.6977 -0.6839 -0.6506 -0.5812 -0.4556 -0.2565 0.0185 0.3521 0.7172 1.0906 1.4396 1.7039 1.8924 2.0624 2.2582
6.9097 -0.7066 -0.7063 -0.7056 -0.7037 -0.6989 -0.6864 -0.6565 -0.5941 -0.4800 -0.2955 -0.0347 0.2887 0.6479 1.0198 1.3620 1.6176 1.8163 2.0008 2.2074
6.9677 -0.7077 -0.7075 -0.7069 -0.7052 -0.7011 -0.6903 -0.6650 -0.6124 -0.5147 -0.3525 -0.1145 0.1900 0.5362 0.8922 1.2142 1.4718 1.6907 1.9126 2.1167
7.0189 -0.7087 -0.7085 -0.7080 -0.7066 -0.7030 -0.6936 -0.6713 -0.6246 -0.5373 -0.3901 -0.1695 0.1180 0.4436 0.7831 1.0948 1.3540 1.5836 1.8461 2.0133
7.0646 -0.7096 -0.7094 -0.7090 -0.7078 -0.7047 -0.6965 -0.6767 -0.6342 -0.5534 -0.4160 -0.2085 0.0594 0.3683 0.6934 0.9959 1.2573 1.5020 1.7930 1.9214
7.1158 -0.7113 -0.7111 -0.7108 -0.7098 -0.7071 -0.7002 -0.6830 -0.6450 -0.5701 -0.4404 -0.2478 0.0022 0.2917 0.5999 0.8928 1.1508 1.4259 1.7297 1.8191
7.1615 -0.7127 -0.7126 -0.7123 -0.7115 -0.7092 -0.7032 -0.6883 -0.6544 -0.5852 -0.4632 -0.2800 -0.0445 0.2277 0.5215 0.8067 1.0647 1.3655 1.6564 1.7242
7.2029 -0.7141 -0.7140 -0.7137 -0.7130 -0.7110 -0.7058 -0.6927 -0.6625 -0.5994 -0.4844 -0.3093 -0.0854 0.1722 0.4539 0.7200 0.9978 1.3170 1.5916 1.6353
7.2407 -0.7153 -0.7152 -0.7150 -0.7144 -0.7126 -0.7080 -0.6963 -0.6692 -0.6117 -0.5039 -0.3366 -0.1224 0.1233 0.3882 0.6487 0.9453 1.2901 1.5336 1.5535
7.2755 -0.7168 -0.7168 -0.7166 -0.7160 -0.7145 -0.7103 -0.6998 -0.6753 -0.6226 -0.5220 -0.3621 -0.1560 0.0783 0.3265 0.5902 0.9033 1.2445 1.4814 1.4738
7.3077 -0.7183 -0.7182 -0.7180 -0.7176 -0.7162 -0.7124 -0.7029 -0.6805 -0.6320 -0.5381 -0.3855 -0.1863 0.0333 0.2732 0.5417 0.8640 1.2039 1.4292 1.3940
7.3376 -0.7196 -0.7195 -0.7194 -0.7189 -0.7177 -0.7142 -0.7055 -0.6850 -0.6401 -0.5524 -0.4067 -0.2178 -0.0074 0.2270 0.5013 0.8304 1.1672 1.3723 1.3183
7.3657 -0.7208 -0.7208 -0.7207 -0.7202 -0.7191 -0.7159 -0.7079 -0.6888 -0.6471 -0.5650 -0.4268 -0.2470 -0.0435 0.1869 0.4671 0.8010 1.1336 1.3196 1.2484
7.3920 -0.7227 -0.7227 -0.7226 -0.7222 -0.7211 -0.7182 -0.7107 -0.6929 -0.6540 -0.5767 -0.4465 -0.2737 -0.0762 0.1517 0.4378 0.7747 1.1028 1.2704 1.1865
7.4168 -0.7245 -0.7244 -0.7243 -0.7240 -0.7230 -0.7203 -0.7133 -0.6966 -0.6600 -0.5873 -0.4639 -0.2977 -0.1056 0.1208 0.4101 0.7507 1.0745 1.2242 1.1279
7.4403 -0.7262 -0.7261 -0.7260 -0.7257 -0.7248 -0.7222 -0.7157 -0.7000 -0.6654 -0.5966 -0.4792 -0.3192 -0.1320 0.0937 0.3850 0.7280 1.0457 1.1809 1.0722
7.4626 -0.7278 -0.7277 -0.7276 -0.7273 -0.7265 -0.7241 -0.7179 -0.7030 -0.6703 -0.6049 -0.4928 -0.3385 -0.1557 0.0698 0.3626 0.7045 1.0109 1.1401 1.0203
7.4838 -0.7293 -0.7293 -0.7292 -0.7289 -0.7281 -0.7258 -0.7199 -0.7058 -0.6747 -0.6124 -0.5049 -0.3561 -0.1775 0.0484 0.3418 0.6824 0.9782 1.0981 0.9721
7.5040 -0.7307 -0.7307 -0.7306 -0.7303 -0.7296 -0.7274 -0.7219 -0.7084 -0.6787 -0.6190 -0.5157 -0.3719 -0.1968 0.0282 0.3230 0.6613 0.9475 1.0564 0.9258
7.5417 -0.7335 -0.7334 -0.7333 -0.7331 -0.7324 -0.7305 -0.7254 -0.7131 -0.6858 -0.6305 -0.5345 -0.3995 -0.2301 -0.0062 0.2896 0.6233 0.8920 0.9787 0.8379
7.6087 -0.7383 -0.7383 -0.7382 -0.7380 -0.7374 -0.7357 -0.7314 -0.7208 -0.6970 -0.6485 -0.5637 -0.4440 -0.2845 -0.0598 0.2327 0.5479 0.7975 0.8369 0.6774
7.6667 -0.7425 -0.7424 -0.7424 -0.7422 -0.7417 -0.7402 -0.7364 -0.7271 -0.7058 -0.6622 -0.5869 -0.4802 -0.3232 -0.1016 0.1793 0.4802 0.7036 0.6998 0.5373
7.7636 -0.7538 -0.7538 -0.7538 -0.7536 -0.7532 -0.7521 -0.7490 -0.7415 -0.7239 -0.6879 -0.6265 -0.5302 -0.3811 -0.1737 0.0896 0.3737 0.5367 0.4847 0.3031
7.8428 -0.7632 -0.7631 -0.7631 -0.7630 -0.7626 -0.7617 -0.7591 -0.7525 -0.7372 -0.7061 -0.6532 -0.5631 -0.4253 -0.2341 0.0104 0.2624 0.3925 0.3138 0.1299
7.9677 -0.7839 -0.7839 -0.7839 -0.7838 -0.7835 -0.7828 -0.7807 -0.7754 -0.7630 -0.7376 -0.6955 -0.6188 -0.5005 -0.3369 -0.1220 0.0938 0.1374 0.0341 -0.1342
8.0646 -0.8031 -0.8031 -0.8031 -0.8030 -0.8028 -0.8022 -0.8006 -0.7964 -0.7862 -0.7651 -0.7283 -0.6624 -0.5632 -0.4230 -0.2265 -0.0635 -0.0710 -0.1856 -0.3391
8.2407 -0.8464 -0.8464 -0.8464 -0.8463 -0.8462 -0.8457 -0.8445 -0.8412 -0.8331 -0.8205 -0.7948 -0.7537 -0.6933 -0.5945 -0.4490 -0.3713 -0.4292 -0.5481 -0.7001
8.4626 -0.9215 -0.9215 -0.9215 -0.9215 -0.9214 -0.9211 -0.9202 -0.9178 -0.9144 -0.9102 -0.9042 -0.9036 -0.8950 -0.8396 -0.7730 -0.8042 -0.8812 -0.9813 -1.1266
8.6667 -1.0096 -1.0096 -1.0096 -1.0096 -1.0095 -1.0092 -1.0086 -1.0070 -1.0102 -1.0152 -1.0349 -1.0731 -1.1049 -1.1031 -1.1309 -1.1741 -1.2430 -1.3591 -1.4852
8.8428 -1.0976 -1.0976 -1.0976 -1.0976 -1.0976 -1.0974 -1.0968 -1.0990 -1.1059 -1.1242 -1.1695 -1.2459 -1.3034 -1.3445 -1.3976 -1.4523 -1.5292 -1.6497 -1.7285
9.0646 -1.2262 -1.2262 -1.2262 -1.2262 -1.2261 -1.2260 -1.2267 -1.2336 -1.2488 -1.2914 -1.3720 -1.4686 -1.5477 -1.6208 -1.6670 -1.7234 -1.8250 -1.9468 -1.9529
