logT -8.0 -7.5 -7.0 -6.5 -6.0 -5.5 -5.0 -4.5 -4.0 -3.5 -3.0 -2.5 -2.0 -1.5 -1.0 -0.5 0.0 0.5 1.0

3.200 -5.294 -5.152 -4.974 -4.770 -4.531 -4.231 -3.842 -3.387 -2.986 -2.708 -2.533 -2.425 -2.358 -2.322 -2.308 -2.310 -2.321 -2.339 -2.363
3.220 -5.342 -5.247 -5.111 -4.930 -4.716 -4.473 -4.181 -3.820 -3.391 -2.971 -2.650 -2.441 -2.309 -2.226 -2.178 -2.154 -2.149 -2.155 -2.170
3.240 -5.404 -5.329 -5.226 -5.089 -4.907 -4.685 -4.432 -4.143 -3.795 -3.388 -2.963 -2.612 -2.371 -2.217 -2.119 -2.058 -2.024 -2.010 -2.010
3.260 -5.440 -5.401 -5.329 -5.218 -5.072 -4.887 -4.659 -4.395 -4.102 -3.759 -3.365 -2.944 -2.574 -2.308 -2.134 -2.022 -1.949 -1.905 -1.882
3.280 -5.435 -5.427 -5.396 -5.329 -5.217 -5.060 -4.865 -4.630 -4.355 -4.053 -3.710 -3.320 -2.904 -2.525 -2.240 -2.051 -1.927 -1.844 -1.790
3.300 -5.361 -5.404 -5.408 -5.385 -5.325 -5.214 -5.049 -4.838 -4.592 -4.306 -3.989 -3.642 -3.254 -2.842 -2.459 -2.164 -1.963 -1.829 -1.738
3.320 -5.170 -5.282 -5.349 -5.367 -5.346 -5.285 -5.168 -4.986 -4.755 -4.493 -4.196 -3.863 -3.504 -3.119 -2.711 -2.331 -2.036 -1.833 -1.696
3.340 -4.948 -5.080 -5.202 -5.289 -5.326 -5.314 -5.255 -5.134 -4.940 -4.687 -4.402 -4.085 -3.732 -3.358 -2.971 -2.571 -2.197 -1.907 -1.705
3.360 -4.761 -4.871 -4.997 -5.123 -5.224 -5.277 -5.279 -5.222 -5.097 -4.892 -4.615 -4.301 -3.957 -3.584 -3.196 -2.804 -2.409 -2.047 -1.766
3.380 -4.626 -4.703 -4.803 -4.922 -5.048 -5.155 -5.221 -5.236 -5.184 -5.052 -4.830 -4.527 -4.177 -3.803 -3.411 -3.012 -2.615 -2.224 -1.876
3.400 -4.540 -4.584 -4.652 -4.742 -4.854 -4.978 -5.087 -5.160 -5.183 -5.135 -4.992 -4.746 -4.407 -4.018 -3.615 -3.208 -2.800 -2.399 -2.016
3.420 -4.502 -4.512 -4.544 -4.601 -4.683 -4.787 -4.905 -5.013 -5.085 -5.106 -5.047 -4.878 -4.592 -4.210 -3.790 -3.372 -2.960 -2.551 -2.153
3.440 -4.502 -4.491 -4.490 -4.509 -4.556 -4.627 -4.723 -4.836 -4.941 -5.009 -5.022 -4.945 -4.739 -4.403 -3.979 -3.537 -3.109 -2.695 -2.288
3.460 -4.514 -4.500 -4.483 -4.471 -4.478 -4.512 -4.573 -4.660 -4.766 -4.864 -4.924 -4.919 -4.807 -4.547 -4.159 -3.709 -3.256 -2.826 -2.413
3.480 -4.510 -4.510 -4.496 -4.476 -4.455 -4.449 -4.469 -4.519 -4.595 -4.691 -4.778 -4.819 -4.779 -4.608 -4.285 -3.861 -3.400 -2.948 -2.522
3.500 -4.461 -4.495 -4.502 -4.491 -4.468 -4.440 -4.421 -4.425 -4.461 -4.525 -4.606 -4.673 -4.678 -4.576 -4.329 -3.954 -3.514 -3.057 -2.614
3.520 -4.341 -4.425 -4.473 -4.490 -4.483 -4.457 -4.421 -4.386 -4.372 -4.388 -4.433 -4.491 -4.524 -4.468 -4.279 -3.960 -3.559 -3.121 -2.677
3.540 -4.173 -4.287 -4.384 -4.448 -4.475 -4.471 -4.444 -4.399 -4.348 -4.311 -4.301 -4.318 -4.340 -4.317 -4.185 -3.919 -3.556 -3.143 -2.712
3.560 -4.031 -4.124 -4.237 -4.342 -4.419 -4.456 -4.457 -4.426 -4.371 -4.301 -4.235 -4.190 -4.164 -4.130 -4.038 -3.835 -3.519 -3.132 -2.716
3.580 -3.957 -4.004 -4.085 -4.193 -4.303 -4.388 -4.434 -4.438 -4.403 -4.333 -4.237 -4.132 -4.036 -3.949 -3.848 -3.695 -3.450 -3.107 -2.707
3.600 -3.917 -3.944 -3.983 -4.054 -4.156 -4.267 -4.358 -4.410 -4.413 -4.369 -4.277 -4.143 -3.982 -3.821 -3.667 -3.508 -3.321 -3.057 -2.702
3.620 -3.777 -3.823 -3.856 -3.896 -3.963 -4.059 -4.166 -4.256 -4.309 -4.307 -4.244 -4.118 -3.921 -3.686 -3.447 -3.222 -3.009 -2.784 -2.504
3.640 -3.595 -3.676 -3.735 -3.776 -3.817 -3.877 -3.965 -4.068 -4.158 -4.207 -4.192 -4.100 -3.912 -3.636 -3.321 -3.013 -2.737 -2.488 -2.239
3.660 -3.419 -3.506 -3.591 -3.655 -3.699 -3.740 -3.800 -3.888 -3.990 -4.075 -4.111 -4.064 -3.904 -3.617 -3.249 -2.864 -2.523 -2.228 -1.961
3.680 -3.303 -3.361 -3.436 -3.517 -3.587 -3.641 -3.690 -3.753 -3.834 -3.923 -3.991 -3.993 -3.877 -3.612 -3.226 -2.795 -2.389 -2.041 -1.732
3.700 -3.188 -3.210 -3.256 -3.330 -3.419 -3.502 -3.559 -3.602 -3.658 -3.738 -3.827 -3.889 -3.846 -3.641 -3.267 -2.802 -2.327 -1.901 -1.526
3.750 -3.149 -3.150 -3.153 -3.163 -3.187 -3.237 -3.315 -3.403 -3.479 -3.529 -3.570 -3.607 -3.601 -3.476 -3.190 -2.768 -2.281 -1.776 -1.289
3.800 -3.135 -3.134 -3.130 -3.125 -3.123 -3.125 -3.137 -3.167 -3.227 -3.306 -3.375 -3.399 -3.340 -3.171 -2.899 -2.563 -2.171 -1.725 -1.215
3.850 -2.913 -3.009 -3.067 -3.092 -3.096 -3.090 -3.082 -3.077 -3.079 -3.094 -3.123 -3.142 -3.088 -2.897 -2.583 -2.221 -1.866 -1.499 -1.078
3.900 -2.261 -2.464 -2.645 -2.797 -2.912 -2.986 -3.021 -3.026 -3.011 -2.985 -2.948 -2.889 -2.770 -2.564 -2.277 -1.930 -1.565 -1.204 -0.840
3.950 -1.556 -1.764 -1.979 -2.188 -2.383 -2.555 -2.699 -2.807 -2.872 -2.886 -2.839 -2.720 -2.514 -2.233 -1.923 -1.597 -1.255 -0.897 -0.534
4.000 -1.098 -1.204 -1.362 -1.548 -1.744 -1.947 -2.140 -2.321 -2.482 -2.604 -2.676 -2.645 -2.496 -2.225 -1.889 -1.531 -1.164 -0.809 -0.457
4.050 -0.992 -0.994 -1.029 -1.104 -1.218 -1.363 -1.512 -1.651 -1.774 -1.862 -1.920 -1.916 -1.852 -1.709 -1.488 -1.192 -0.851 -0.496 -0.141
4.100 -0.965 -0.961 -0.957 -0.956 -0.962 -0.982 -1.013 -1.052 -1.082 -1.096 -1.092 -1.064 -1.012 -0.925 -0.800 -0.627 -0.402 -0.123 0.207
4.150 -0.962 -0.947 -0.934 -0.920 -0.897 -0.851 -0.767 -0.657 -0.546 -0.452 -0.374 -0.300 -0.227 -0.141 -0.041 0.087 0.247 0.447 0.689
4.200 -0.964 -0.952 -0.937 -0.915 -0.881 -0.818 -0.702 -0.525 -0.303 -0.074 0.126 0.285 0.410 0.522 0.637 0.764 0.903 1.060 1.239
4.250 -0.963 -0.954 -0.940 -0.919 -0.885 -0.823 -0.707 -0.514 -0.246 0.068 0.380 0.650 0.864 1.033 1.181 1.324 1.465 1.608 1.762
4.300 -0.943 -0.944 -0.936 -0.918 -0.888 -0.831 -0.722 -0.539 -0.272 0.068 0.446 0.813 1.131 1.384 1.584 1.750 1.901 2.047 2.193
4.350 -0.848 -0.878 -0.895 -0.896 -0.879 -0.834 -0.740 -0.573 -0.320 0.017 0.416 0.840 1.244 1.590 1.862 2.073 2.247 2.400 2.538
4.400 -0.728 -0.760 -0.789 -0.811 -0.817 -0.795 -0.725 -0.585 -0.355 -0.033 0.366 0.812 1.267 1.687 2.039 2.317 2.532 2.703 2.847
4.450 -0.650 -0.660 -0.674 -0.685 -0.687 -0.672 -0.622 -0.514 -0.325 -0.042 0.332 0.775 1.250 1.716 2.136 2.485 2.761 2.974 3.138
4.500 -0.641 -0.626 -0.611 -0.591 -0.557 -0.502 -0.424 -0.315 -0.157 0.074 0.390 0.786 1.242 1.722 2.185 2.596 2.937 3.203 3.393
4.550 -0.640 -0.626 -0.605 -0.566 -0.497 -0.386 -0.235 -0.059 0.129 0.337 0.590 0.909 1.300 1.748 2.221 2.674 3.068 3.382 3.606
4.600 -0.640 -0.625 -0.606 -0.569 -0.497 -0.363 -0.152 0.118 0.405 0.672 0.918 1.175 1.480 1.852 2.288 2.746 3.171 3.522 3.784
4.650 -0.638 -0.625 -0.606 -0.573 -0.508 -0.382 -0.164 0.151 0.528 0.904 1.232 1.507 1.765 2.059 2.423 2.844 3.268 3.644 3.939
4.700 -0.636 -0.622 -0.603 -0.573 -0.515 -0.403 -0.204 0.099 0.498 0.949 1.387 1.761 2.062 2.335 2.639 2.998 3.388 3.763 4.080
4.750 -0.636 -0.620 -0.600 -0.571 -0.519 -0.418 -0.238 0.037 0.410 0.864 1.360 1.840 2.250 2.585 2.884 3.197 3.541 3.892 4.216
4.800 -0.638 -0.621 -0.600 -0.570 -0.521 -0.429 -0.264 -0.010 0.336 0.761 1.250 1.774 2.280 2.718 3.080 3.399 3.715 4.036 4.352
4.850 -0.637 -0.620 -0.599 -0.569 -0.520 -0.433 -0.279 -0.040 0.287 0.688 1.152 1.669 2.212 2.728 3.174 3.546 3.875 4.184 4.485
4.900 -0.628 -0.612 -0.591 -0.561 -0.513 -0.430 -0.285 -0.057 0.259 0.648 1.096 1.596 2.134 2.678 3.184 3.621 3.992 4.314 4.607
4.950 -0.604 -0.591 -0.573 -0.543 -0.496 -0.416 -0.279 -0.061 0.248 0.634 1.077 1.566 2.091 2.634 3.164 3.648 4.063 4.411 4.702
5.000 -0.556 -0.546 -0.531 -0.505 -0.461 -0.384 -0.254 -0.044 0.260 0.646 1.087 1.571 2.088 2.623 3.156 3.662 4.106 4.475 4.763
5.050 -0.485 -0.475 -0.461 -0.437 -0.396 -0.323 -0.199 -0.001 0.290 0.667 1.108 1.594 2.108 2.639 3.172 3.682 4.135 4.508 4.782
5.100 -0.417 -0.395 -0.373 -0.344 -0.300 -0.226 -0.106 0.079 0.350 0.710 1.146 1.629 2.141 2.671 3.203 3.706 4.149 4.506 4.760
5.150 -0.381 -0.344 -0.306 -0.260 -0.200 -0.113 0.014 0.196 0.451 0.789 1.209 1.681 2.187 2.709 3.230 3.714 4.131 4.463 4.692
5.200 -0.395 -0.344 -0.288 -0.222 -0.140 -0.028 0.123 0.320 0.573 0.894 1.291 1.746 2.236 2.738 3.230 3.682 4.067 4.371 4.586
5.250 -0.448 -0.390 -0.322 -0.241 -0.138 -0.001 0.180 0.405 0.671 0.986 1.365 1.800 2.267 2.737 3.188 3.600 3.953 4.239 4.452
5.300 -0.523 -0.464 -0.394 -0.305 -0.191 -0.038 0.167 0.420 0.709 1.035 1.407 1.822 2.260 2.693 3.102 3.476 3.806 4.083 4.302
5.350 -0.593 -0.544 -0.480 -0.395 -0.281 -0.124 0.093 0.370 0.690 1.038 1.411 1.808 2.218 2.615 2.987 3.331 3.645 3.920 4.149
5.400 -0.645 -0.613 -0.562 -0.489 -0.385 -0.234 -0.015 0.279 0.625 0.996 1.376 1.762 2.148 2.517 2.860 3.181 3.485 3.760 3.997
5.450 -0.674 -0.656 -0.622 -0.566 -0.478 -0.341 -0.128 0.171 0.537 0.928 1.319 1.699 2.067 2.412 2.733 3.036 3.333 3.611 3.851
5.500 -0.687 -0.678 -0.660 -0.622 -0.554 -0.435 -0.237 0.058 0.435 0.846 1.250 1.630 1.984 2.310 2.612 2.901 3.193 3.472 3.713
5.550 -0.692 -0.687 -0.678 -0.656 -0.610 -0.516 -0.341 -0.057 0.324 0.754 1.174 1.558 1.903 2.213 2.501 2.779 3.066 3.344 3.584
5.600 -0.693 -0.691 -0.686 -0.673 -0.644 -0.577 -0.434 -0.175 0.202 0.646 1.087 1.482 1.825 2.125 2.401 2.670 2.951 3.227 3.463
5.650 -0.695 -0.692 -0.688 -0.679 -0.660 -0.615 -0.507 -0.287 0.067 0.517 0.983 1.399 1.750 2.046 2.314 2.576 2.850 3.120 3.351
5.700 -0.695 -0.693 -0.689 -0.681 -0.667 -0.634 -0.556 -0.381 -0.066 0.376 0.863 1.308 1.675 1.975 2.237 2.493 2.760 3.022 3.247
5.750 -0.696 -0.693 -0.690 -0.683 -0.670 -0.642 -0.581 -0.443 -0.174 0.242 0.739 1.210 1.597 1.906 2.168 2.420 2.680 2.934 3.146
5.800 -0.696 -0.694 -0.690 -0.684 -0.671 -0.647 -0.594 -0.481 -0.251 0.132 0.621 1.108 1.515 1.836 2.102 2.353 2.608 2.852 3.052
5.850 -0.696 -0.694 -0.691 -0.685 -0.673 -0.650 -0.602 -0.502 -0.301 0.047 0.516 1.008 1.431 1.765 2.038 2.291 2.542 2.778 2.966
5.900 -0.695 -0.693 -0.691 -0.685 -0.675 -0.653 -0.609 -0.517 -0.334 -0.015 0.430 0.917 1.351 1.697 1.978 2.235 2.482 2.707 2.883
5.950 -0.694 -0.692 -0.689 -0.684 -0.674 -0.655 -0.614 -0.529 -0.358 -0.058 0.367 0.844 1.282 1.638 1.928 2.188 2.426 2.635 2.803
6.000 -0.693 -0.690 -0.686 -0.681 -0.671 -0.653 -0.615 -0.536 -0.374 -0.087 0.322 0.788 1.225 1.588 1.886 2.148 2.372 2.562 2.732
6.100 -0.695 -0.691 -0.684 -0.674 -0.660 -0.640 -0.606 -0.538 -0.396 -0.137 0.242 0.688 1.128 1.506 1.816 2.062 2.251 2.416 2.617
6.200 -0.699 -0.697 -0.692 -0.683 -0.664 -0.635 -0.590 -0.519 -0.389 -0.161 0.185 0.613 1.051 1.428 1.723 1.936 2.094 2.250 2.492
6.300 -0.700 -0.699 -0.698 -0.694 -0.685 -0.662 -0.611 -0.521 -0.374 -0.148 0.176 0.576 0.981 1.324 1.581 1.760 1.914 2.093 2.358
6.400 -0.701 -0.700 -0.699 -0.698 -0.695 -0.685 -0.656 -0.579 -0.418 -0.162 0.172 0.540 0.885 1.168 1.385 1.553 1.726 1.942 2.226
6.500 -0.702 -0.701 -0.701 -0.700 -0.698 -0.692 -0.678 -0.631 -0.505 -0.260 0.078 0.430 0.729 0.968 1.162 1.340 1.547 1.800 2.090
6.600 -0.702 -0.702 -0.702 -0.701 -0.700 -0.696 -0.686 -0.655 -0.570 -0.379 -0.084 0.245 0.529 0.752 0.941 1.139 1.381 1.664 1.956
6.700 -0.703 -0.703 -0.703 -0.703 -0.702 -0.699 -0.692 -0.670 -0.610 -0.471 -0.236 0.050 0.317 0.537 0.736 0.958 1.229 1.531 1.822
6.800 -0.705 -0.704 -0.704 -0.704 -0.704 -0.702 -0.696 -0.681 -0.639 -0.538 -0.357 -0.122 0.118 0.335 0.551 0.801 1.097 1.408 1.689
6.900 -0.706 -0.706 -0.706 -0.706 -0.705 -0.704 -0.700 -0.688 -0.658 -0.585 -0.449 -0.256 -0.044 0.171 0.404 0.676 0.981 1.288 1.550
7.000 -0.708 -0.708 -0.708 -0.708 -0.707 -0.705 -0.700 -0.689 -0.666 -0.613 -0.511 -0.354 -0.165 0.048 0.302 0.573 0.876 1.170 1.413
