logT  -8.0   -7.5   -7.0   -6.5   -6.0   -5.5   -5.0   -4.5   -4.0   -3.5   -3.0   -2.5   -2.0   -1.5   -1.0   -0.5    0.0    0.5    1.0 

3.200 -5.111 -4.726 -4.106 -3.411 -2.859 -2.581 -2.493 -2.467 -2.458 -2.454 -2.452 -2.451 -2.451 -2.450 -2.448 -2.444 -2.437 -2.424 -2.405
3.210 -5.186 -4.935 -4.439 -3.745 -3.063 -2.601 -2.410 -2.352 -2.333 -2.326 -2.323 -2.322 -2.321 -2.320 -2.319 -2.318 -2.316 -2.312 -2.303
3.220 -5.211 -5.071 -4.717 -4.117 -3.393 -2.777 -2.430 -2.306 -2.268 -2.255 -2.249 -2.247 -2.246 -2.245 -2.244 -2.243 -2.241 -2.238 -2.232
3.230 -5.211 -5.140 -4.915 -4.451 -3.770 -3.062 -2.548 -2.307 -2.229 -2.204 -2.194 -2.190 -2.188 -2.187 -2.186 -2.185 -2.183 -2.181 -2.175
3.240 -5.200 -5.166 -5.038 -4.711 -4.138 -3.415 -2.770 -2.373 -2.217 -2.168 -2.151 -2.145 -2.142 -2.140 -2.139 -2.138 -2.136 -2.133 -2.128
3.250 -5.188 -5.170 -5.103 -4.893 -4.454 -3.790 -3.074 -2.526 -2.247 -2.150 -2.119 -2.107 -2.103 -2.100 -2.099 -2.097 -2.095 -2.093 -2.088
3.260 -5.175 -5.165 -5.130 -5.008 -4.696 -4.142 -3.426 -2.766 -2.338 -2.156 -2.097 -2.077 -2.070 -2.066 -2.064 -2.062 -2.060 -2.057 -2.053
3.270 -5.160 -5.155 -5.136 -5.069 -4.867 -4.439 -3.788 -3.072 -2.507 -2.202 -2.091 -2.055 -2.042 -2.037 -2.034 -2.032 -2.029 -2.026 -2.021
3.280 -5.139 -5.142 -5.133 -5.096 -4.976 -4.669 -4.122 -3.413 -2.750 -2.306 -2.109 -2.042 -2.020 -2.011 -2.007 -2.004 -2.002 -1.998 -1.993
3.290 -5.105 -5.124 -5.123 -5.104 -5.036 -4.834 -4.407 -3.758 -3.047 -2.479 -2.163 -2.044 -2.004 -1.990 -1.984 -1.980 -1.977 -1.973 -1.968
3.300 -5.053 -5.094 -5.107 -5.100 -5.063 -4.941 -4.630 -4.078 -3.372 -2.716 -2.271 -2.067 -1.997 -1.973 -1.963 -1.958 -1.955 -1.950 -1.945
3.310 -4.977 -5.041 -5.073 -5.078 -5.059 -4.984 -4.763 -4.309 -3.648 -2.948 -2.394 -2.084 -1.964 -1.923 -1.908 -1.901 -1.896 -1.892 -1.887
3.320 -4.891 -4.974 -5.029 -5.052 -5.048 -5.005 -4.862 -4.511 -3.922 -3.216 -2.583 -2.157 -1.961 -1.892 -1.868 -1.857 -1.852 -1.847 -1.842
3.330 -4.801 -4.894 -4.971 -5.017 -5.029 -5.010 -4.923 -4.672 -4.176 -3.498 -2.815 -2.287 -1.994 -1.879 -1.839 -1.823 -1.815 -1.810 -1.804
3.340 -4.713 -4.808 -4.897 -4.966 -5.001 -5.001 -4.954 -4.788 -4.398 -3.776 -3.074 -2.466 -2.068 -1.886 -1.820 -1.796 -1.785 -1.778 -1.771
3.350 -4.630 -4.721 -4.816 -4.900 -4.959 -4.981 -4.962 -4.862 -4.575 -4.038 -3.346 -2.683 -2.187 -1.919 -1.814 -1.775 -1.759 -1.749 -1.742
3.360 -4.556 -4.639 -4.731 -4.824 -4.901 -4.947 -4.953 -4.899 -4.704 -4.269 -3.620 -2.925 -2.348 -1.985 -1.822 -1.761 -1.736 -1.724 -1.714
3.370 -4.491 -4.563 -4.649 -4.742 -4.830 -4.898 -4.929 -4.909 -4.787 -4.456 -3.880 -3.181 -2.543 -2.086 -1.849 -1.755 -1.718 -1.700 -1.688
3.380 -4.436 -4.496 -4.572 -4.660 -4.752 -4.834 -4.889 -4.898 -4.830 -4.594 -4.110 -3.440 -2.761 -2.223 -1.901 -1.760 -1.704 -1.678 -1.663
3.390 -4.389 -4.438 -4.502 -4.582 -4.671 -4.761 -4.833 -4.869 -4.842 -4.685 -4.298 -3.687 -2.994 -2.390 -1.981 -1.778 -1.694 -1.657 -1.637
3.400 -4.353 -4.388 -4.441 -4.510 -4.592 -4.682 -4.765 -4.822 -4.827 -4.732 -4.438 -3.905 -3.228 -2.577 -2.089 -1.814 -1.692 -1.638 -1.610
3.410 -4.325 -4.345 -4.385 -4.441 -4.514 -4.598 -4.684 -4.754 -4.784 -4.733 -4.516 -4.060 -3.424 -2.754 -2.202 -1.851 -1.681 -1.606 -1.567
3.420 -4.308 -4.314 -4.339 -4.383 -4.444 -4.519 -4.603 -4.680 -4.727 -4.709 -4.558 -4.181 -3.601 -2.936 -2.335 -1.913 -1.686 -1.581 -1.528
3.430 -4.300 -4.295 -4.305 -4.335 -4.383 -4.447 -4.524 -4.601 -4.658 -4.663 -4.563 -4.265 -3.748 -3.109 -2.481 -1.995 -1.705 -1.562 -1.491
3.440 -4.297 -4.285 -4.282 -4.296 -4.331 -4.383 -4.449 -4.521 -4.581 -4.601 -4.536 -4.309 -3.860 -3.263 -2.629 -2.092 -1.738 -1.551 -1.457
3.450 -4.297 -4.282 -4.270 -4.269 -4.288 -4.327 -4.381 -4.444 -4.500 -4.525 -4.483 -4.312 -3.935 -3.388 -2.769 -2.199 -1.786 -1.549 -1.426
3.460 -4.296 -4.282 -4.265 -4.254 -4.257 -4.280 -4.321 -4.372 -4.420 -4.443 -4.410 -4.279 -3.971 -3.481 -2.893 -2.307 -1.844 -1.555 -1.399
3.470 -4.291 -4.282 -4.265 -4.247 -4.237 -4.244 -4.269 -4.307 -4.343 -4.358 -4.326 -4.216 -3.966 -3.538 -2.992 -2.412 -1.910 -1.569 -1.376
3.480 -4.278 -4.278 -4.265 -4.245 -4.227 -4.218 -4.227 -4.250 -4.272 -4.274 -4.236 -4.133 -3.924 -3.558 -3.062 -2.504 -1.980 -1.592 -1.358
3.490 -4.253 -4.267 -4.263 -4.246 -4.224 -4.205 -4.197 -4.202 -4.209 -4.196 -4.145 -4.040 -3.851 -3.540 -3.099 -2.576 -2.048 -1.622 -1.346
3.500 -4.212 -4.245 -4.254 -4.245 -4.224 -4.199 -4.178 -4.165 -4.154 -4.124 -4.057 -3.942 -3.760 -3.486 -3.101 -2.622 -2.108 -1.655 -1.340
3.510 -4.151 -4.209 -4.236 -4.239 -4.223 -4.197 -4.166 -4.136 -4.105 -4.056 -3.970 -3.839 -3.653 -3.401 -3.064 -2.635 -2.147 -1.684 -1.334
3.520 -4.068 -4.153 -4.204 -4.224 -4.220 -4.197 -4.163 -4.121 -4.070 -3.999 -3.892 -3.743 -3.547 -3.301 -2.998 -2.618 -2.167 -1.708 -1.332
3.530 -3.964 -4.075 -4.153 -4.197 -4.209 -4.196 -4.164 -4.115 -4.048 -3.955 -3.826 -3.656 -3.445 -3.196 -2.910 -2.571 -2.163 -1.722 -1.331
3.540 -3.842 -3.976 -4.081 -4.153 -4.188 -4.189 -4.165 -4.116 -4.038 -3.925 -3.771 -3.578 -3.349 -3.092 -2.812 -2.499 -2.132 -1.719 -1.326
3.550 -3.707 -3.859 -3.988 -4.087 -4.150 -4.173 -4.161 -4.118 -4.036 -3.907 -3.728 -3.511 -3.262 -2.992 -2.710 -2.410 -2.075 -1.696 -1.312
3.560 -3.561 -3.728 -3.877 -4.001 -4.091 -4.142 -4.150 -4.117 -4.038 -3.899 -3.699 -3.456 -3.185 -2.899 -2.609 -2.314 -2.000 -1.651 -1.285
3.570 -3.406 -3.587 -3.752 -3.896 -4.012 -4.092 -4.126 -4.111 -4.040 -3.898 -3.681 -3.412 -3.118 -2.815 -2.514 -2.216 -1.911 -1.586 -1.242
3.580 -3.245 -3.438 -3.616 -3.776 -3.914 -4.021 -4.084 -4.093 -4.037 -3.899 -3.672 -3.381 -3.062 -2.740 -2.425 -2.120 -1.818 -1.508 -1.184
3.590 -3.079 -3.282 -3.472 -3.646 -3.801 -3.931 -4.022 -4.060 -4.025 -3.897 -3.667 -3.359 -3.018 -2.675 -2.345 -2.029 -1.724 -1.421 -1.113
3.600 -2.910 -3.122 -3.322 -3.508 -3.677 -3.825 -3.941 -4.007 -3.998 -3.888 -3.663 -3.345 -2.984 -2.621 -2.273 -1.945 -1.633 -1.331 -1.032
3.610 -2.738 -2.956 -3.163 -3.357 -3.535 -3.695 -3.827 -3.916 -3.935 -3.852 -3.643 -3.326 -2.951 -2.567 -2.200 -1.856 -1.534 -1.228 -0.931
3.620 -2.568 -2.791 -3.005 -3.206 -3.393 -3.563 -3.708 -3.814 -3.857 -3.801 -3.615 -3.308 -2.926 -2.526 -2.141 -1.781 -1.447 -1.133 -0.836
3.630 -2.400 -2.627 -2.846 -3.054 -3.249 -3.427 -3.583 -3.703 -3.766 -3.734 -3.574 -3.285 -2.905 -2.493 -2.091 -1.714 -1.366 -1.043 -0.741
3.640 -2.233 -2.463 -2.687 -2.900 -3.101 -3.286 -3.451 -3.583 -3.660 -3.647 -3.513 -3.248 -2.879 -2.462 -2.045 -1.652 -1.289 -0.955 -0.647
3.650 -2.068 -2.300 -2.527 -2.745 -2.952 -3.145 -3.318 -3.460 -3.548 -3.549 -3.436 -3.197 -2.849 -2.435 -2.008 -1.600 -1.221 -0.873 -0.554
3.660 -1.910 -2.144 -2.374 -2.596 -2.809 -3.009 -3.189 -3.339 -3.435 -3.446 -3.346 -3.130 -2.806 -2.405 -1.975 -1.555 -1.163 -0.803 -0.475
3.670 -1.756 -1.990 -2.222 -2.449 -2.666 -2.872 -3.059 -3.215 -3.316 -3.332 -3.241 -3.042 -2.745 -2.366 -1.942 -1.515 -1.110 -0.737 -0.397
3.680 -1.605 -1.838 -2.071 -2.300 -2.521 -2.731 -2.924 -3.085 -3.191 -3.210 -3.124 -2.938 -2.664 -2.313 -1.904 -1.475 -1.060 -0.674 -0.322
3.690 -1.459 -1.689 -1.921 -2.151 -2.375 -2.589 -2.786 -2.952 -3.062 -3.084 -3.001 -2.823 -2.567 -2.243 -1.857 -1.436 -1.015 -0.618 -0.254
3.700 -1.317 -1.542 -1.772 -2.001 -2.225 -2.441 -2.640 -2.810 -2.923 -2.947 -2.865 -2.694 -2.454 -2.155 -1.798 -1.393 -0.970 -0.561 -0.183
3.750 -0.769 -0.929 -1.120 -1.329 -1.544 -1.757 -1.958 -2.130 -2.242 -2.260 -2.175 -2.012 -1.802 -1.563 -1.298 -1.006 -0.677 -0.308 0.083
3.800 -0.573 -0.610 -0.686 -0.807 -0.960 -1.127 -1.291 -1.431 -1.518 -1.526 -1.449 -1.304 -1.119 -0.909 -0.682 -0.440 -0.178 0.109 0.426
3.850 -0.550 -0.545 -0.541 -0.542 -0.561 -0.607 -0.670 -0.727 -0.756 -0.741 -0.674 -0.561 -0.413 -0.238 -0.045 0.164 0.391 0.635 0.901
3.900 -0.550 -0.542 -0.525 -0.492 -0.432 -0.343 -0.238 -0.141 -0.059 0.016 0.095 0.187 0.298 0.431 0.586 0.760 0.953 1.167 1.402
3.950 -0.552 -0.546 -0.531 -0.495 -0.420 -0.286 -0.080 0.177 0.429 0.625 0.767 0.878 0.977 1.081 1.198 1.335 1.492 1.674 1.877
4.000 -0.534 -0.542 -0.539 -0.514 -0.451 -0.316 -0.087 0.237 0.611 0.958 1.227 1.415 1.549 1.658 1.760 1.869 1.994 2.141 2.308
4.050 -0.502 -0.503 -0.501 -0.483 -0.427 -0.300 -0.076 0.252 0.654 1.077 1.463 1.771 1.996 2.154 2.274 2.379 2.486 2.604 2.738
4.100 -0.486 -0.480 -0.475 -0.459 -0.411 -0.301 -0.101 0.202 0.595 1.043 1.498 1.910 2.241 2.484 2.656 2.786 2.900 3.011 3.131
4.150 -0.482 -0.471 -0.460 -0.439 -0.393 -0.294 -0.115 0.159 0.524 0.958 1.432 1.904 2.328 2.670 2.924 3.106 3.245 3.367 3.489
4.200 -0.484 -0.470 -0.454 -0.429 -0.381 -0.286 -0.120 0.133 0.473 0.887 1.353 1.842 2.319 2.746 3.091 3.344 3.530 3.678 3.815
4.250 -0.485 -0.472 -0.454 -0.425 -0.377 -0.285 -0.128 0.113 0.440 0.842 1.298 1.784 2.280 2.760 3.183 3.516 3.764 3.954 4.115
4.300 -0.480 -0.468 -0.450 -0.421 -0.372 -0.285 -0.135 0.096 0.417 0.821 1.278 1.763 2.261 2.762 3.234 3.637 3.955 4.197 4.389
4.350 -0.464 -0.456 -0.439 -0.410 -0.362 -0.280 -0.140 0.082 0.402 0.809 1.275 1.770 2.276 2.786 3.284 3.735 4.113 4.409 4.631
4.400 -0.445 -0.437 -0.420 -0.388 -0.337 -0.256 -0.123 0.091 0.409 0.819 1.291 1.796 2.314 2.835 3.350 3.832 4.250 4.588 4.844
4.450 -0.431 -0.421 -0.403 -0.366 -0.306 -0.215 -0.081 0.127 0.437 0.844 1.320 1.833 2.364 2.901 3.431 3.934 4.377 4.746 5.030
4.500 -0.425 -0.412 -0.392 -0.352 -0.280 -0.171 -0.017 0.198 0.503 0.903 1.376 1.891 2.427 2.974 3.519 4.036 4.496 4.883 5.185
4.550 -0.424 -0.410 -0.390 -0.349 -0.272 -0.144 0.038 0.283 0.600 0.995 1.457 1.964 2.498 3.048 3.600 4.126 4.596 4.992 5.299
4.600 -0.423 -0.409 -0.390 -0.352 -0.276 -0.141 0.067 0.353 0.706 1.115 1.569 2.059 2.577 3.116 3.663 4.188 4.659 5.053 5.355
4.650 -0.422 -0.409 -0.391 -0.356 -0.285 -0.154 0.062 0.370 0.758 1.196 1.662 2.145 2.646 3.167 3.697 4.209 4.670 5.055 5.347
4.700 -0.421 -0.406 -0.389 -0.358 -0.294 -0.173 0.035 0.341 0.739 1.199 1.689 2.184 2.682 3.185 3.692 4.183 4.628 5.003 5.289
4.750 -0.420 -0.404 -0.386 -0.357 -0.301 -0.190 0.004 0.295 0.680 1.136 1.635 2.148 2.659 3.161 3.652 4.122 4.552 4.919 5.202
4.800 -0.421 -0.405 -0.387 -0.358 -0.305 -0.203 -0.024 0.251 0.618 1.056 1.544 2.061 2.586 3.098 3.588 4.049 4.468 4.829 5.109
4.850 -0.420 -0.406 -0.388 -0.358 -0.306 -0.210 -0.042 0.217 0.566 0.986 1.460 1.970 2.499 3.022 3.520 3.982 4.398 4.752 5.023
4.900 -0.414 -0.401 -0.382 -0.353 -0.302 -0.211 -0.051 0.196 0.530 0.938 1.401 1.905 2.430 2.957 3.463 3.932 4.347 4.692 4.949
4.950 -0.396 -0.385 -0.368 -0.340 -0.291 -0.203 -0.051 0.186 0.513 0.914 1.371 1.868 2.390 2.916 3.426 3.900 4.312 4.645 4.880
5.000 -0.358 -0.349 -0.335 -0.311 -0.267 -0.183 -0.038 0.194 0.517 0.915 1.367 1.859 2.375 2.897 3.406 3.880 4.282 4.595 4.804
5.050 -0.299 -0.290 -0.278 -0.256 -0.216 -0.140 -0.004 0.216 0.529 0.923 1.374 1.864 2.375 2.891 3.394 3.857 4.240 4.527 4.713
5.100 -0.237 -0.219 -0.201 -0.175 -0.135 -0.063 0.063 0.266 0.561 0.943 1.390 1.876 2.380 2.886 3.372 3.811 4.167 4.428 4.598
5.150 -0.200 -0.169 -0.136 -0.097 -0.045 0.033 0.157 0.346 0.621 0.984 1.418 1.892 2.384 2.870 3.327 3.729 4.055 4.298 4.465
5.200 -0.206 -0.161 -0.113 -0.056 0.015 0.112 0.248 0.438 0.698 1.038 1.450 1.907 2.378 2.833 3.249 3.612 3.913 4.147 4.320
5.250 -0.248 -0.195 -0.135 -0.064 0.025 0.143 0.299 0.502 0.758 1.080 1.469 1.904 2.350 2.771 3.146 3.473 3.753 3.987 4.171
5.300 -0.311 -0.257 -0.193 -0.113 -0.013 0.118 0.290 0.509 0.775 1.093 1.464 1.876 2.296 2.686 3.026 3.324 3.592 3.828 4.023
5.350 -0.373 -0.327 -0.266 -0.188 -0.087 0.047 0.227 0.461 0.745 1.072 1.436 1.828 2.224 2.587 2.901 3.178 3.436 3.675 3.881
5.400 -0.423 -0.390 -0.341 -0.271 -0.177 -0.047 0.134 0.377 0.679 1.020 1.387 1.767 2.143 2.484 2.777 3.038 3.291 3.532 3.744
5.450 -0.450 -0.430 -0.397 -0.343 -0.261 -0.140 0.035 0.279 0.592 0.950 1.326 1.702 2.062 2.384 2.659 2.909 3.157 3.399 3.615
5.500 -0.463 -0.453 -0.434 -0.397 -0.331 -0.225 -0.061 0.180 0.501 0.875 1.262 1.638 1.985 2.289 2.550 2.791 3.036 3.278 3.496
5.550 -0.467 -0.463 -0.453 -0.431 -0.386 -0.301 -0.153 0.082 0.410 0.799 1.200 1.576 1.912 2.202 2.450 2.686 2.927 3.167 3.387
5.600 -0.469 -0.467 -0.461 -0.449 -0.421 -0.360 -0.236 -0.015 0.315 0.719 1.134 1.515 1.844 2.123 2.362 2.592 2.829 3.067 3.289
5.650 -0.471 -0.468 -0.464 -0.455 -0.438 -0.398 -0.304 -0.111 0.208 0.622 1.059 1.452 1.782 2.053 2.286 2.511 2.743 2.978 3.207
5.700 -0.471 -0.469 -0.465 -0.458 -0.445 -0.418 -0.350 -0.194 0.097 0.513 0.971 1.385 1.722 1.991 2.221 2.442 2.668 2.899 3.135
5.750 -0.471 -0.469 -0.466 -0.459 -0.448 -0.425 -0.374 -0.252 0.002 0.401 0.872 1.309 1.659 1.932 2.163 2.381 2.601 2.827 3.067
5.800 -0.471 -0.470 -0.466 -0.460 -0.449 -0.429 -0.386 -0.287 -0.069 0.302 0.771 1.225 1.592 1.874 2.108 2.325 2.541 2.764 3.006
5.850 -0.471 -0.470 -0.467 -0.462 -0.451 -0.432 -0.392 -0.306 -0.117 0.220 0.674 1.137 1.520 1.814 2.055 2.274 2.488 2.710 2.953
5.900 -0.471 -0.470 -0.467 -0.463 -0.453 -0.434 -0.397 -0.317 -0.148 0.159 0.590 1.052 1.449 1.756 2.005 2.227 2.440 2.658 2.899
5.950 -0.470 -0.468 -0.466 -0.461 -0.453 -0.435 -0.400 -0.325 -0.169 0.117 0.529 0.984 1.387 1.705 1.962 2.187 2.395 2.605 2.842
6.000 -0.469 -0.466 -0.462 -0.457 -0.449 -0.434 -0.401 -0.331 -0.181 0.092 0.486 0.931 1.336 1.663 1.927 2.152 2.352 2.552 2.788
6.100 -0.470 -0.466 -0.459 -0.450 -0.438 -0.420 -0.391 -0.330 -0.197 0.049 0.413 0.840 1.250 1.594 1.865 2.076 2.256 2.444 2.683
6.200 -0.475 -0.472 -0.467 -0.457 -0.439 -0.412 -0.372 -0.307 -0.188 0.027 0.360 0.770 1.180 1.521 1.776 1.959 2.119 2.305 2.564
6.300 -0.476 -0.475 -0.474 -0.470 -0.460 -0.435 -0.386 -0.301 -0.168 0.042 0.349 0.729 1.107 1.414 1.633 1.794 1.955 2.160 2.440
6.400 -0.477 -0.476 -0.475 -0.475 -0.471 -0.461 -0.429 -0.351 -0.198 0.035 0.341 0.681 0.998 1.250 1.439 1.601 1.784 2.018 2.310
6.500 -0.478 -0.477 -0.477 -0.476 -0.474 -0.469 -0.454 -0.404 -0.277 -0.046 0.259 0.570 0.835 1.047 1.225 1.404 1.620 1.881 2.173
6.600 -0.478 -0.478 -0.478 -0.478 -0.476 -0.473 -0.463 -0.432 -0.345 -0.160 0.110 0.396 0.639 0.835 1.017 1.219 1.466 1.749 2.042
6.700 -0.480 -0.479 -0.479 -0.479 -0.478 -0.476 -0.469 -0.448 -0.388 -0.253 -0.038 0.211 0.438 0.633 0.826 1.051 1.322 1.621 1.911
6.800 -0.481 -0.481 -0.481 -0.481 -0.480 -0.478 -0.473 -0.459 -0.417 -0.321 -0.157 0.047 0.254 0.450 0.658 0.906 1.198 1.501 1.772
6.900 -0.482 -0.482 -0.482 -0.482 -0.482 -0.480 -0.476 -0.465 -0.436 -0.367 -0.245 -0.079 0.106 0.302 0.525 0.789 1.085 1.381 1.628
7.000 -0.484 -0.484 -0.484 -0.484 -0.484 -0.481 -0.476 -0.467 -0.445 -0.396 -0.305 -0.171 -0.003 0.197 0.426 0.689 0.982 1.261 1.495
