3.7636 -1.6591 -1.7171 -1.7985 -1.8651 -1.9030 -1.9197 -1.9307 -1.9464 -1.9515 -1.9250 -1.9460 -2.1375 -2.0940 -2.0009 -1.8123 -1.5661 -1.2368 -0.8553 -0.4308
3.8428 -1.5402 -1.5366 -1.5362 -1.5459 -1.5738 -1.6177 -1.6634 -1.6881 -1.6649 -1.5744 -1.4186 -1.2353 -1.0482 -0.8507 -0.7213 -0.5412 -0.2909 -0.0540 0.2338
3.9677 -1.5130 -1.5196 -1.5172 -1.5085 -1.4920 -1.4607 -1.3781 -1.2700 -1.0643 -0.8085 -0.5638 -0.3405 -0.1003 0.1772 0.4613 0.7130 0.9458 1.1610 1.3342
4.0646 -1.3595 -1.3684 -1.3848 -1.4079 -1.4257 -1.4246 -1.3931 -1.3126 -1.1489 -0.8674 -0.4729 -0.0265 0.4079 0.7581 1.0706 1.3594 1.6243 1.8645 2.0821
4.1615 -1.1923 -1.2002 -1.2180 -1.2273 -1.2392 -1.2200 -1.1749 -1.1022 -0.9847 -0.7888 -0.4880 -0.0704 0.4309 0.9496 1.4185 1.8066 2.1274 2.4057 2.6597
4.2407 -1.1099 -1.1166 -1.1131 -1.0985 -1.0723 -1.0314 -0.9596 -0.8191 -0.6130 -0.3481 -0.0664 0.2429 0.6102 1.0428 1.5159 1.9835 2.3955 2.7420 3.0373
4.3657 -0.9705 -0.9678 -0.9518 -0.9242 -0.8838 -0.8323 -0.7247 -0.5175 -0.1995 0.1809 0.5755 0.9742 1.3647 1.7224 2.0499 2.3802 2.7455 3.1394 3.5250
4.4626 -0.8955 -0.8859 -0.8674 -0.8340 -0.7824 -0.6995 -0.5554 -0.3263 -0.0217 0.3397 0.7487 1.2062 1.6758 2.1248 2.5381 2.8995 3.2196 3.5404 3.8779
4.5417 -0.8214 -0.8185 -0.8007 -0.7628 -0.6962 -0.5819 -0.3959 -0.1397 0.1816 0.5574 0.9623 1.3815 1.8276 2.3006 2.7666 3.1947 3.5718 3.8985 4.1904
4.6087 -0.7643 -0.7473 -0.7226 -0.6852 -0.6153 -0.4824 -0.2678 0.0256 0.3806 0.7732 1.1828 1.6075 2.0377 2.4761 2.9346 3.3967 3.8197 4.1729 4.4606
4.6667 -0.7406 -0.7232 -0.6919 -0.6357 -0.5421 -0.3967 -0.1763 0.1344 0.5090 0.9188 1.3490 1.7873 2.2285 2.6658 3.1083 3.5611 3.9993 4.3748 4.6682
4.7636 -0.7711 -0.7412 -0.6958 -0.6281 -0.5222 -0.3477 -0.0832 0.2633 0.6598 1.0822 1.5233 1.9792 2.4484 2.9296 3.3968 3.8371 4.2591 4.6397 4.9309
4.8428 -0.7633 -0.7466 -0.7160 -0.6545 -0.5409 -0.3535 -0.0767 0.2771 0.6853 1.1369 1.6076 2.0759 2.5469 3.0347 3.5406 4.0184 4.4339 4.7877 5.0480
4.9097 -0.7615 -0.7403 -0.7064 -0.6476 -0.5418 -0.3553 -0.0752 0.2901 0.7111 1.1572 1.6278 2.1260 2.6225 3.1156 3.6184 4.1052 4.5239 4.8488 5.0675
4.9677 -0.7513 -0.7357 -0.7039 -0.6453 -0.5398 -0.3538 -0.0610 0.3113 0.7358 1.1971 1.6719 2.1619 2.6676 3.1732 3.6742 4.1552 4.5733 4.8810 5.0717
5.0189 -0.7097 -0.6976 -0.6735 -0.6242 -0.5269 -0.3525 -0.0681 0.3223 0.7632 1.2300 1.7137 2.2021 2.7002 3.2086 3.7146 4.1906 4.6025 4.8965 5.0621
5.0646 -0.6515 -0.6384 -0.6163 -0.5758 -0.4936 -0.3333 -0.0643 0.3111 0.7609 1.2418 1.7373 2.2377 2.7354 3.2386 3.7444 4.2165 4.6085 4.8796 5.0237
5.1615 -0.5859 -0.5445 -0.4989 -0.4404 -0.3511 -0.2051 0.0274 0.3504 0.7522 1.2179 1.7309 2.2714 2.8097 3.3323 3.8195 4.2433 4.5752 4.7841 4.8881
5.2407 -0.6604 -0.6072 -0.5384 -0.4534 -0.3373 -0.1653 0.0804 0.3940 0.7707 1.2134 1.7148 2.2569 2.8142 3.3576 3.8457 4.2358 4.5102 4.6705 4.7505
5.3657 -0.7639 -0.7380 -0.6898 -0.6111 -0.4947 -0.3270 -0.0839 0.2492 0.6518 1.1002 1.5912 2.1255 2.7022 3.2697 3.7401 4.0651 4.2672 4.3899 4.4735
5.4626 -0.7657 -0.7588 -0.7424 -0.6992 -0.6042 -0.4322 -0.1690 0.1764 0.5732 1.0086 1.4937 2.0213 2.5689 3.0882 3.5153 3.8189 4.0207 4.1575 4.2617
5.5417 -0.7560 -0.7571 -0.7481 -0.7214 -0.6549 -0.5118 -0.2570 0.1137 0.5553 1.0138 1.4739 1.9494 2.4390 2.9040 3.3033 3.6106 3.8289 3.9868 4.1089
5.6667 -0.7102 -0.7149 -0.7129 -0.6985 -0.6592 -0.5651 -0.3715 -0.0493 0.3833 0.8674 1.3541 1.8144 2.2440 2.6475 3.0133 3.3334 3.5959 3.7985 3.9360
5.7636 -0.6950 -0.6907 -0.6829 -0.6677 -0.6318 -0.5447 -0.3683 -0.0879 0.2814 0.7240 1.2031 1.6772 2.1213 2.5381 2.9238 3.2682 3.5559 3.7654 3.8750
5.8428 -0.6934 -0.6892 -0.6786 -0.6554 -0.6098 -0.5185 -0.3503 -0.0883 0.2677 0.6907 1.1476 1.6171 2.0728 2.5080 2.9153 3.2670 3.5453 3.7360 3.8334
5.9097 -0.6930 -0.6893 -0.6803 -0.6580 -0.6077 -0.5096 -0.3351 -0.0667 0.2777 0.6853 1.1402 1.6123 2.0781 2.5206 2.9400 3.2944 3.5613 3.7314 3.8136
5.9677 -0.6914 -0.6870 -0.6787 -0.6595 -0.6128 -0.5126 -0.3318 -0.0524 0.3107 0.7173 1.1604 1.6355 2.1074 2.5587 2.9872 3.3349 3.5871 3.7349 3.7987
6.0189 -0.6909 -0.6849 -0.6755 -0.6573 -0.6151 -0.5198 -0.3374 -0.0498 0.3315 0.7603 1.2049 1.6711 2.1471 2.6049 3.0367 3.3769 3.6132 3.7368 3.7891
6.0646 -0.6922 -0.6846 -0.6724 -0.6530 -0.6134 -0.5241 -0.3460 -0.0537 0.3408 0.7900 1.2511 1.7183 2.1924 2.6522 3.0831 3.4175 3.6197 3.7228 3.7761
6.1615 -0.6959 -0.6903 -0.6771 -0.6496 -0.6017 -0.5169 -0.3520 -0.0667 0.3361 0.8140 1.3190 1.8214 2.3055 2.7606 3.1527 3.4242 3.5815 3.6640 3.7053
6.2407 -0.6974 -0.6938 -0.6844 -0.6607 -0.6076 -0.5099 -0.3428 -0.0665 0.3288 0.8050 1.3313 1.8624 2.3574 2.7981 3.1456 3.3686 3.4959 3.5657 3.5909
6.3077 -0.6984 -0.6956 -0.6887 -0.6702 -0.6234 -0.5231 -0.3447 -0.0628 0.3327 0.8083 1.3235 1.8463 2.3361 2.7576 3.0715 3.2672 3.3761 3.4385 3.4643
6.3657 -0.6991 -0.6968 -0.6914 -0.6770 -0.6383 -0.5465 -0.3677 -0.0764 0.3235 0.7915 1.2890 1.7880 2.2580 2.6601 2.9503 3.1258 3.2362 3.3091 3.3390
6.4168 -0.6999 -0.6982 -0.6937 -0.6820 -0.6502 -0.5705 -0.4016 -0.1146 0.2825 0.7429 1.2225 1.6964 2.1414 2.5148 2.7936 2.9774 3.1032 3.1872 3.2177
6.4626 -0.7006 -0.6992 -0.6954 -0.6857 -0.6592 -0.5906 -0.4387 -0.1680 0.2162 0.6646 1.1286 1.5811 2.0001 2.3625 2.6426 2.8399 2.9824 3.0765 3.1061
6.5040 -0.7013 -0.6999 -0.6969 -0.6887 -0.6662 -0.6073 -0.4731 -0.2252 0.1374 0.5692 1.0184 1.4517 1.8583 2.2186 2.5048 2.7177 2.8753 2.9675 3.0051
6.5417 -0.7017 -0.7006 -0.6980 -0.6910 -0.6718 -0.6209 -0.5028 -0.2793 0.0576 0.4694 0.9017 1.3238 1.7251 2.0876 2.3821 2.6110 2.7799 2.8668 2.9116
6.6087 -0.7024 -0.7016 -0.6997 -0.6945 -0.6799 -0.6410 -0.5488 -0.3690 -0.0844 0.2827 0.6863 1.0942 1.4931 1.8634 2.1772 2.4215 2.5869 2.6917 2.7500
6.6667 -0.7031 -0.7024 -0.7009 -0.6968 -0.6853 -0.6545 -0.5810 -0.4347 -0.1953 0.1313 0.5093 0.9057 1.3039 1.6757 1.9903 2.2468 2.4255 2.5474 2.6160
6.7636 -0.7039 -0.7035 -0.7025 -0.6998 -0.6921 -0.6712 -0.6207 -0.5182 -0.3418 -0.0799 0.2520 0.6211 1.0014 1.3700 1.7078 1.9809 2.1768 2.3075 2.4132
6.8050 -0.7046 -0.7043 -0.7034 -0.7011 -0.6946 -0.6768 -0.6338 -0.5455 -0.3905 -0.1533 0.1559 0.5111 0.8861 1.2574 1.6010 1.8778 2.0681 2.2141 2.3710
6.8428 -0.7053 -0.7050 -0.7042 -0.7021 -0.6964 -0.6811 -0.6438 -0.5666 -0.4285 -0.2128 0.0769 0.4203 0.7899 1.1627 1.5097 1.7893 1.9699 2.1303 2.3097
6.8775 -0.7060 -0.7057 -0.7049 -0.7029 -0.6978 -0.6843 -0.6514 -0.5829 -0.4586 -0.2609 0.0125 0.3448 0.7089 1.0817 1.4302 1.6943 1.8838 2.0567 2.2540
6.9097 -0.7066 -0.7063 -0.7056 -0.7037 -0.6990 -0.6867 -0.6573 -0.5956 -0.4827 -0.2997 -0.0403 0.2817 0.6399 1.0111 1.3526 1.6082 1.8083 1.9959 2.2032
6.9677 -0.7077 -0.7075 -0.7069 -0.7053 -0.7012 -0.6906 -0.6656 -0.6136 -0.5170 -0.3561 -0.1196 0.1836 0.5288 0.8839 1.2051 1.4629 1.6838 1.9088 2.1125
7.0189 -0.7087 -0.7085 -0.7080 -0.7067 -0.7031 -0.6938 -0.6718 -0.6257 -0.5393 -0.3933 -0.1741 0.1121 0.4367 0.7752 1.0860 1.3457 1.5777 1.8422 2.0091
7.0646 -0.7096 -0.7094 -0.7090 -0.7079 -0.7048 -0.6967 -0.6771 -0.6351 -0.5551 -0.4189 -0.2128 0.0540 0.3619 0.6857 0.9875 1.2498 1.4970 1.7889 1.9172
7.1158 -0.7113 -0.7111 -0.7108 -0.7098 -0.7072 -0.7003 -0.6834 -0.6458 -0.5716 -0.4430 -0.2515 -0.0026 0.2857 0.5925 0.8848 1.1442 1.4217 1.7254 1.8148
7.1615 -0.7128 -0.7126 -0.7124 -0.7115 -0.7093 -0.7033 -0.6886 -0.6551 -0.5865 -0.4654 -0.2834 -0.0489 0.2220 0.5144 0.7993 1.0591 1.3616 1.6521 1.7199
7.2029 -0.7141 -0.7140 -0.7137 -0.7130 -0.7111 -0.7059 -0.6929 -0.6630 -0.6005 -0.4864 -0.3123 -0.0894 0.1668 0.4470 0.7133 0.9929 1.3131 1.5873 1.6310
7.2407 -0.7153 -0.7152 -0.7150 -0.7144 -0.7127 -0.7081 -0.6965 -0.6698 -0.6127 -0.5057 -0.3393 -0.1261 0.1181 0.3817 0.6427 0.9408 1.2857 1.5292 1.5492
7.2755 -0.7168 -0.7168 -0.7166 -0.7161 -0.7145 -0.7104 -0.7000 -0.6758 -0.6236 -0.5236 -0.3646 -0.1595 0.0733 0.3205 0.5848 0.8991 1.2402 1.4771 1.4695
7.3077 -0.7183 -0.7182 -0.7181 -0.7176 -0.7162 -0.7124 -0.7030 -0.6809 -0.6329 -0.5396 -0.3877 -0.1895 0.0285 0.2676 0.5368 0.8600 1.1996 1.4249 1.3898
7.3376 -0.7196 -0.7195 -0.7194 -0.7190 -0.7177 -0.7143 -0.7057 -0.6853 -0.6409 -0.5538 -0.4089 -0.2209 -0.0120 0.2219 0.4968 0.8263 1.1628 1.3680 1.3141
7.3657 -0.7208 -0.7208 -0.7207 -0.7203 -0.7191 -0.7160 -0.7080 -0.6892 -0.6479 -0.5662 -0.4288 -0.2500 -0.0478 0.1822 0.4630 0.7970 1.1293 1.3153 1.2443
7.3920 -0.7227 -0.7227 -0.7226 -0.7222 -0.7211 -0.7182 -0.7108 -0.6933 -0.6546 -0.5779 -0.4484 -0.2766 -0.0803 0.1474 0.4338 0.7707 1.0985 1.2661 1.1824
7.4168 -0.7245 -0.7245 -0.7243 -0.7240 -0.7230 -0.7203 -0.7134 -0.6969 -0.6606 -0.5884 -0.4657 -0.3005 -0.1095 0.1168 0.4062 0.7467 1.0702 1.2200 1.1239
7.4403 -0.7262 -0.7261 -0.7260 -0.7257 -0.7248 -0.7223 -0.7158 -0.7003 -0.6660 -0.5977 -0.4809 -0.3219 -0.1356 0.0900 0.3813 0.7240 1.0414 1.1767 1.0682
7.4626 -0.7278 -0.7277 -0.7276 -0.7273 -0.7265 -0.7241 -0.7180 -0.7033 -0.6708 -0.6060 -0.4945 -0.3412 -0.1592 0.0662 0.3589 0.7005 1.0066 1.1358 1.0164
7.4838 -0.7293 -0.7293 -0.7292 -0.7289 -0.7281 -0.7258 -0.7200 -0.7061 -0.6752 -0.6133 -0.5065 -0.3587 -0.1808 0.0450 0.3381 0.6784 0.9740 1.0938 0.9683
7.5040 -0.7307 -0.7307 -0.7306 -0.7304 -0.7296 -0.7275 -0.7220 -0.7087 -0.6792 -0.6200 -0.5174 -0.3744 -0.1999 0.0249 0.3194 0.6572 0.9433 1.0522 0.9221
7.5417 -0.7335 -0.7334 -0.7333 -0.7331 -0.7324 -0.7305 -0.7255 -0.7133 -0.6862 -0.6314 -0.5360 -0.4019 -0.2329 -0.0093 0.2860 0.6192 0.8878 0.9745 0.8342
7.6087 -0.7383 -0.7383 -0.7382 -0.7380 -0.7374 -0.7358 -0.7315 -0.7210 -0.6974 -0.6493 -0.5651 -0.4461 -0.2868 -0.0627 0.2291 0.5439 0.7934 0.8327 0.6738
7.6667 -0.7425 -0.7424 -0.7424 -0.7422 -0.7417 -0.7403 -0.7365 -0.7272 -0.7061 -0.6629 -0.5881 -0.4819 -0.3253 -0.1045 0.1757 0.4762 0.6994 0.6957 0.5339
7.7636 -0.7538 -0.7538 -0.7538 -0.7536 -0.7532 -0.7521 -0.7491 -0.7416 -0.7243 -0.6886 -0.6275 -0.5316 -0.3830 -0.1765 0.0859 0.3697 0.5326 0.4808 0.2998
7.8428 -0.7632 -0.7632 -0.7631 -0.7630 -0.7627 -0.7617 -0.7591 -0.7526 -0.7375 -0.7066 -0.6540 -0.5643 -0.4272 -0.2368 0.0069 0.2585 0.3884 0.3102 0.1267
7.9677 -0.7839 -0.7839 -0.7839 -0.7838 -0.7835 -0.7828 -0.7807 -0.7755 -0.7632 -0.7380 -0.6962 -0.6199 -0.5023 -0.3396 -0.1254 0.0899 0.1333 0.0307 -0.1372
8.0646 -0.8031 -0.8031 -0.8031 -0.8030 -0.8028 -0.8022 -0.8006 -0.7965 -0.7864 -0.7654 -0.7289 -0.6635 -0.5649 -0.4256 -0.2298 -0.0674 -0.0748 -0.1888 -0.3421
8.2407 -0.8464 -0.8464 -0.8464 -0.8463 -0.8462 -0.8457 -0.8445 -0.8412 -0.8332 -0.8208 -0.7953 -0.7546 -0.6949 -0.5970 -0.4524 -0.3751 -0.4326 -0.5511 -0.7030
8.4626 -0.9216 -0.9215 -0.9215 -0.9215 -0.9214 -0.9211 -0.9202 -0.9178 -0.9145 -0.9104 -0.9046 -0.9044 -0.8965 -0.8421 -0.7764 -0.8075 -0.8840 -0.9840 -1.1292
8.6667 -1.0096 -1.0096 -1.0096 -1.0096 -1.0095 -1.0093 -1.0086 -1.0070 -1.0103 -1.0153 -1.0353 -1.0739 -1.1065 -1.1057 -1.1338 -1.1767 -1.2454 -1.3613 -1.4875
8.8428 -1.0976 -1.0976 -1.0976 -1.0976 -1.0976 -1.0974 -1.0968 -1.0991 -1.1059 -1.1244 -1.1699 -1.2467 -1.3049 -1.3468 -1.3998 -1.4542 -1.5311 -1.6515 -1.7303
9.0646 -1.2262 -1.2262 -1.2262 -1.2262 -1.2261 -1.2260 -1.2268 -1.2336 -1.2489 -1.2915 -1.3723 -1.4694 -1.5491 -1.6222 -1.6683 -1.7246 -1.8261 -1.9480 -1.9540
