3.7636 -1.6510 -1.7087 -1.7855 -1.8462 -1.8796 -1.8942 -1.9044 -1.9195 -1.9272 -1.8984 -1.9262 -2.1138 -2.0713 -1.9785 -1.7891 -1.5460 -1.2200 -0.8409 -0.4219
3.8428 -1.5373 -1.5337 -1.5331 -1.5422 -1.5690 -1.6111 -1.6537 -1.6737 -1.6448 -1.5481 -1.3872 -1.2030 -1.0189 -0.8270 -0.6957 -0.5177 -0.2686 -0.0327 0.2504
3.9677 -1.5092 -1.5163 -1.5142 -1.5056 -1.4892 -1.4582 -1.3765 -1.2694 -1.0646 -0.8082 -0.5604 -0.3318 -0.0838 0.2021 0.4899 0.7390 0.9672 1.1874 1.3552
4.0646 -1.3497 -1.3590 -1.3766 -1.4011 -1.4205 -1.4205 -1.3896 -1.3098 -1.1469 -0.8661 -0.4719 -0.0246 0.4118 0.7663 1.0840 1.3778 1.6450 1.8838 2.1074
4.1615 -1.1881 -1.1953 -1.2117 -1.2192 -1.2296 -1.2092 -1.1634 -1.0908 -0.9741 -0.7795 -0.4802 -0.0639 0.4366 0.9555 1.4257 1.8164 2.1405 2.4216 2.6769
4.2407 -1.1045 -1.1118 -1.1085 -1.0938 -1.0670 -1.0247 -0.9497 -0.8042 -0.5943 -0.3281 -0.0478 0.2587 0.6230 1.0530 1.5251 1.9929 2.4068 2.7567 3.0559
4.3657 -0.9645 -0.9606 -0.9436 -0.9155 -0.8752 -0.8243 -0.7169 -0.5094 -0.1904 0.1921 0.5906 0.9935 1.3860 1.7432 2.0691 2.3974 2.7610 3.1544 3.5413
4.4626 -0.8911 -0.8819 -0.8634 -0.8297 -0.7769 -0.6920 -0.5452 -0.3140 -0.0089 0.3518 0.7599 1.2177 1.6899 2.1428 2.5592 2.9212 3.2404 3.5597 3.8957
4.5417 -0.8185 -0.8149 -0.7966 -0.7585 -0.6916 -0.5769 -0.3900 -0.1320 0.1924 0.5708 0.9768 1.3957 1.8412 2.3149 2.7833 3.2139 3.5922 3.9189 4.2100
4.6087 -0.7633 -0.7461 -0.7209 -0.6826 -0.6113 -0.4765 -0.2609 0.0327 0.3877 0.7814 1.1939 1.6211 2.0523 2.4908 2.9499 3.4138 3.8387 4.1928 4.4802
4.6667 -0.7405 -0.7229 -0.6914 -0.6348 -0.5405 -0.3933 -0.1704 0.1420 0.5168 0.9259 1.3564 1.7967 2.2409 2.6807 3.1239 3.5774 4.0167 4.3927 4.6855
4.7636 -0.7713 -0.7416 -0.6965 -0.6288 -0.5227 -0.3477 -0.0823 0.2655 0.6639 1.0884 1.5308 1.9868 2.4562 2.9391 3.4083 3.8502 4.2738 4.6549 4.9450
4.8428 -0.7643 -0.7475 -0.7167 -0.6555 -0.5422 -0.3548 -0.0777 0.2765 0.6856 1.1387 1.6116 2.0822 2.5546 3.0430 3.5494 4.0280 4.4442 4.7980 5.0567
4.9097 -0.7627 -0.7415 -0.7077 -0.6493 -0.5440 -0.3579 -0.0775 0.2881 0.7094 1.1559 1.6279 2.1290 2.6284 3.1239 3.6274 4.1138 4.5319 4.8560 5.0731
4.9677 -0.7524 -0.7370 -0.7053 -0.6471 -0.5423 -0.3574 -0.0653 0.3074 0.7326 1.1943 1.6697 2.1618 2.6703 3.1791 3.6822 4.1634 4.5802 4.8862 5.0746
5.0189 -0.7107 -0.6987 -0.6747 -0.6257 -0.5291 -0.3559 -0.0730 0.3167 0.7581 1.2257 1.7101 2.1997 2.7001 3.2117 3.7206 4.1977 4.6084 4.8998 5.0627
5.0646 -0.6525 -0.6395 -0.6174 -0.5771 -0.4955 -0.3363 -0.0688 0.3054 0.7549 1.2364 1.7327 2.2339 2.7332 3.2392 3.7486 4.2217 4.6124 4.8802 5.0218
5.1615 -0.5869 -0.5455 -0.4999 -0.4415 -0.3525 -0.2072 0.0245 0.3464 0.7474 1.2126 1.7255 2.2665 2.8056 3.3296 3.8188 4.2437 4.5747 4.7810 4.8832
5.2407 -0.6610 -0.6082 -0.5394 -0.4546 -0.3386 -0.1667 0.0787 0.3918 0.7675 1.2093 1.7101 2.2519 2.8091 3.3529 3.8419 4.2322 4.5056 4.6643 4.7437
5.3657 -0.7625 -0.7369 -0.6889 -0.6105 -0.4944 -0.3268 -0.0842 0.2483 0.6502 1.0977 1.5876 2.1206 2.6957 3.2620 3.7318 4.0562 4.2578 4.3804 4.4645
5.4626 -0.7629 -0.7561 -0.7401 -0.6975 -0.6030 -0.4307 -0.1665 0.1792 0.5746 1.0076 1.4902 2.0158 2.5615 3.0792 3.5052 3.8085 4.0105 4.1480 4.2530
5.5417 -0.7536 -0.7544 -0.7454 -0.7186 -0.6524 -0.5099 -0.2551 0.1163 0.5578 1.0148 1.4720 1.9444 2.4317 2.8951 3.2935 3.6006 3.8193 3.9781 4.1010
5.6667 -0.7096 -0.7140 -0.7118 -0.6972 -0.6577 -0.5633 -0.3695 -0.0472 0.3847 0.8674 1.3525 1.8113 2.2389 2.6410 3.0060 3.3261 3.5893 3.7931 3.9315
5.7636 -0.6949 -0.6906 -0.6827 -0.6675 -0.6318 -0.5449 -0.3688 -0.0883 0.2819 0.7249 1.2034 1.6761 2.1191 2.5350 2.9199 3.2640 3.5525 3.7633 3.8738
5.8428 -0.6933 -0.6891 -0.6783 -0.6552 -0.6100 -0.5196 -0.3524 -0.0907 0.2662 0.6909 1.1488 1.6183 2.0733 2.5081 2.9148 3.2662 3.5452 3.7373 3.8358
5.9097 -0.6930 -0.6892 -0.6800 -0.6574 -0.6072 -0.5102 -0.3373 -0.0702 0.2743 0.6839 1.1413 1.6151 2.0811 2.5237 2.9429 3.2968 3.5644 3.7354 3.8187
5.9677 -0.6914 -0.6870 -0.6785 -0.6589 -0.6117 -0.5119 -0.3329 -0.0555 0.3067 0.7143 1.1606 1.6389 2.1123 2.5643 2.9931 3.3402 3.5925 3.7405 3.8055
6.0189 -0.6909 -0.6849 -0.6754 -0.6569 -0.6140 -0.5181 -0.3367 -0.0513 0.3285 0.7576 1.2045 1.6742 2.1528 2.6122 3.0449 3.3841 3.6196 3.7427 3.7964
6.0646 -0.6922 -0.6847 -0.6724 -0.6527 -0.6124 -0.5220 -0.3438 -0.0531 0.3397 0.7886 1.2511 1.7211 2.1983 2.6604 3.0923 3.4248 3.6258 3.7285 3.7827
6.1615 -0.6960 -0.6904 -0.6774 -0.6498 -0.6014 -0.5152 -0.3483 -0.0618 0.3405 0.8173 1.3221 1.8255 2.3116 2.7687 3.1599 3.4291 3.5845 3.6666 3.7077
6.2407 -0.6974 -0.6939 -0.6847 -0.6612 -0.6081 -0.5094 -0.3398 -0.0608 0.3359 0.8119 1.3369 1.8672 2.3623 2.8026 3.1477 3.3685 3.4947 3.5645 3.5892
6.3077 -0.6984 -0.6956 -0.6889 -0.6706 -0.6242 -0.5238 -0.3436 -0.0586 0.3392 0.8151 1.3288 1.8495 2.3376 2.7570 3.0685 3.2629 3.3717 3.4345 3.4601
6.3657 -0.6991 -0.6969 -0.6916 -0.6773 -0.6391 -0.5478 -0.3683 -0.0748 0.3272 0.7956 1.2917 1.7882 2.2556 2.6553 2.9436 3.1189 3.2300 3.3034 3.3337
6.4168 -0.7000 -0.6982 -0.6938 -0.6822 -0.6510 -0.5719 -0.4033 -0.1153 0.2830 0.7436 1.2217 1.6934 2.1359 2.5072 2.7852 2.9694 3.0960 3.1807 3.2118
6.4626 -0.7006 -0.6992 -0.6955 -0.6859 -0.6598 -0.5920 -0.4408 -0.1704 0.2140 0.6621 1.1249 1.5755 1.9925 2.3536 2.6334 2.8314 2.9747 3.0694 3.0999
6.5040 -0.7013 -0.7000 -0.6970 -0.6889 -0.6668 -0.6086 -0.4753 -0.2284 0.1336 0.5647 1.0128 1.4445 1.8497 2.2092 2.4955 2.7091 2.8674 2.9602 2.9986
6.5417 -0.7017 -0.7006 -0.6981 -0.6912 -0.6722 -0.6220 -0.5050 -0.2828 0.0529 0.4638 0.8950 1.3160 1.7161 2.0781 2.3728 2.6023 2.7718 2.8593 2.9051
6.6087 -0.7024 -0.7017 -0.6998 -0.6946 -0.6802 -0.6418 -0.5507 -0.3723 -0.0894 0.2764 0.6791 1.0861 1.4841 1.8540 2.1681 2.4127 2.5786 2.6842 2.7438
6.6667 -0.7031 -0.7024 -0.7010 -0.6969 -0.6855 -0.6552 -0.5826 -0.4376 -0.1999 0.1253 0.5023 0.8979 1.2952 1.6665 1.9813 2.2381 2.4173 2.5398 2.6106
6.7636 -0.7039 -0.7035 -0.7026 -0.6999 -0.6923 -0.6716 -0.6218 -0.5204 -0.3453 -0.0849 0.2459 0.6140 0.9934 1.3616 1.6993 1.9724 2.1687 2.3007 2.4102
6.8050 -0.7046 -0.7043 -0.7035 -0.7011 -0.6947 -0.6772 -0.6347 -0.5474 -0.3936 -0.1579 0.1502 0.5042 0.8784 1.2493 1.5927 1.8695 2.0601 2.2080 2.3676
6.8428 -0.7053 -0.7050 -0.7042 -0.7021 -0.6965 -0.6814 -0.6446 -0.5682 -0.4313 -0.2169 0.0715 0.4137 0.7826 1.1548 1.5015 1.7810 1.9621 2.1247 2.3063
6.8775 -0.7060 -0.7057 -0.7050 -0.7030 -0.6979 -0.6846 -0.6522 -0.5844 -0.4611 -0.2647 0.0074 0.3386 0.7019 1.0740 1.4221 1.6860 1.8765 2.0518 2.2505
6.9097 -0.7066 -0.7063 -0.7056 -0.7038 -0.6991 -0.6870 -0.6579 -0.5969 -0.4850 -0.3032 -0.0451 0.2757 0.6331 1.0037 1.3446 1.6000 1.8015 1.9917 2.1996
6.9677 -0.7077 -0.7075 -0.7069 -0.7053 -0.7013 -0.6908 -0.6661 -0.6147 -0.5189 -0.3592 -0.1239 0.1781 0.5225 0.8768 1.1974 1.4552 1.6780 1.9055 2.1089
7.0189 -0.7087 -0.7085 -0.7080 -0.7067 -0.7032 -0.6940 -0.6722 -0.6266 -0.5409 -0.3960 -0.1781 0.1071 0.4308 0.7684 1.0785 1.3387 1.5727 1.8388 2.0054
7.0646 -0.7096 -0.7095 -0.7090 -0.7079 -0.7049 -0.6968 -0.6774 -0.6359 -0.5566 -0.4213 -0.2163 0.0494 0.3564 0.6792 0.9802 1.2434 1.4928 1.7854 1.9135
7.1158 -0.7113 -0.7111 -0.7108 -0.7098 -0.7072 -0.7004 -0.6837 -0.6464 -0.5728 -0.4451 -0.2547 -0.0067 0.2806 0.5862 0.8780 1.1386 1.4182 1.7217 1.8112
7.1615 -0.7128 -0.7127 -0.7124 -0.7115 -0.7093 -0.7034 -0.6889 -0.6556 -0.5876 -0.4673 -0.2862 -0.0526 0.2172 0.5082 0.7929 1.0543 1.3582 1.6485 1.7163
7.2029 -0.7141 -0.7140 -0.7138 -0.7131 -0.7111 -0.7060 -0.6932 -0.6635 -0.6015 -0.4881 -0.3149 -0.0928 0.1623 0.4411 0.7076 0.9887 1.3099 1.5836 1.6273
7.2407 -0.7153 -0.7152 -0.7150 -0.7144 -0.7127 -0.7081 -0.6967 -0.6702 -0.6136 -0.5073 -0.3416 -0.1292 0.1137 0.3761 0.6376 0.9370 1.2821 1.5255 1.5455
7.2755 -0.7168 -0.7168 -0.7166 -0.7161 -0.7146 -0.7105 -0.7002 -0.6762 -0.6244 -0.5250 -0.3667 -0.1624 0.0690 0.3153 0.5803 0.8955 1.2365 1.4734 1.4658
7.3077 -0.7183 -0.7182 -0.7181 -0.7176 -0.7162 -0.7125 -0.7032 -0.6813 -0.6336 -0.5409 -0.3897 -0.1923 0.0244 0.2629 0.5327 0.8565 1.1959 1.4212 1.3861
7.3376 -0.7196 -0.7196 -0.7194 -0.7190 -0.7177 -0.7144 -0.7058 -0.6856 -0.6416 -0.5549 -0.4107 -0.2236 -0.0158 0.2176 0.4930 0.8229 1.1592 1.3643 1.3105
7.3657 -0.7208 -0.7208 -0.7207 -0.7203 -0.7191 -0.7160 -0.7082 -0.6895 -0.6485 -0.5673 -0.4305 -0.2526 -0.0515 0.1782 0.4594 0.7936 1.1256 1.3116 1.2407
7.3920 -0.7227 -0.7227 -0.7226 -0.7222 -0.7212 -0.7183 -0.7110 -0.6935 -0.6552 -0.5789 -0.4501 -0.2791 -0.0838 0.1437 0.4304 0.7673 1.0949 1.2624 1.1789
7.4168 -0.7245 -0.7245 -0.7244 -0.7240 -0.7231 -0.7204 -0.7135 -0.6972 -0.6612 -0.5893 -0.4673 -0.3029 -0.1127 0.1134 0.4029 0.7434 1.0666 1.2163 1.1205
7.4403 -0.7262 -0.7261 -0.7261 -0.7257 -0.7248 -0.7223 -0.7159 -0.7005 -0.6665 -0.5986 -0.4824 -0.3243 -0.1387 0.0868 0.3781 0.7206 1.0378 1.1731 1.0649
7.4626 -0.7278 -0.7277 -0.7276 -0.7274 -0.7265 -0.7242 -0.7181 -0.7035 -0.6713 -0.6068 -0.4959 -0.3435 -0.1621 0.0632 0.3558 0.6970 1.0030 1.1322 1.0131
7.4838 -0.7293 -0.7293 -0.7292 -0.7289 -0.7281 -0.7259 -0.7202 -0.7063 -0.6757 -0.6141 -0.5079 -0.3609 -0.1836 0.0422 0.3350 0.6749 0.9704 1.0903 0.9650
7.5040 -0.7307 -0.7307 -0.7306 -0.7304 -0.7296 -0.7275 -0.7220 -0.7089 -0.6797 -0.6207 -0.5187 -0.3766 -0.2025 0.0222 0.3163 0.6538 0.9397 1.0486 0.9190
7.5417 -0.7335 -0.7334 -0.7334 -0.7331 -0.7325 -0.7305 -0.7256 -0.7135 -0.6866 -0.6321 -0.5373 -0.4039 -0.2352 -0.0119 0.2830 0.6158 0.8843 0.9709 0.8311
7.6087 -0.7383 -0.7383 -0.7382 -0.7380 -0.7374 -0.7358 -0.7315 -0.7212 -0.6978 -0.6499 -0.5662 -0.4478 -0.2888 -0.0651 0.2260 0.5404 0.7898 0.8291 0.6708
7.6667 -0.7425 -0.7425 -0.7424 -0.7422 -0.7417 -0.7403 -0.7366 -0.7274 -0.7064 -0.6634 -0.5892 -0.4834 -0.3271 -0.1069 0.1726 0.4727 0.6959 0.6922 0.5309
7.7636 -0.7538 -0.7538 -0.7538 -0.7536 -0.7533 -0.7521 -0.7492 -0.7417 -0.7245 -0.6891 -0.6283 -0.5328 -0.3847 -0.1789 0.0829 0.3662 0.5291 0.4775 0.2971
7.8428 -0.7632 -0.7632 -0.7631 -0.7630 -0.7627 -0.7617 -0.7592 -0.7527 -0.7377 -0.7070 -0.6546 -0.5654 -0.4288 -0.2391 0.0038 0.2551 0.3849 0.3071 0.1240
7.9677 -0.7839 -0.7839 -0.7839 -0.7838 -0.7835 -0.7828 -0.7808 -0.7755 -0.7634 -0.7383 -0.6967 -0.6208 -0.5038 -0.3418 -0.1283 0.0865 0.1299 0.0278 -0.1399
8.0646 -0.8031 -0.8031 -0.8031 -0.8030 -0.8028 -0.8023 -0.8007 -0.7965 -0.7865 -0.7656 -0.7294 -0.6644 -0.5664 -0.4278 -0.2327 -0.0707 -0.0781 -0.1916 -0.3447
8.2407 -0.8464 -0.8464 -0.8464 -0.8463 -0.8462 -0.8457 -0.8445 -0.8413 -0.8333 -0.8210 -0.7957 -0.7554 -0.6963 -0.5991 -0.4552 -0.3784 -0.4355 -0.5537 -0.7055
8.4626 -0.9216 -0.9216 -0.9215 -0.9215 -0.9214 -0.9211 -0.9202 -0.9179 -0.9146 -0.9106 -0.9050 -0.9051 -0.8979 -0.8442 -0.7793 -0.8103 -0.8864 -0.9864 -1.1315
8.6667 -1.0096 -1.0096 -1.0096 -1.0096 -1.0095 -1.0093 -1.0086 -1.0071 -1.0104 -1.0155 -1.0356 -1.0745 -1.1078 -1.1078 -1.1364 -1.1789 -1.2475 -1.3634 -1.4895
8.8428 -1.0977 -1.0977 -1.0976 -1.0976 -1.0976 -1.0974 -1.0968 -1.0991 -1.1060 -1.1245 -1.1702 -1.2474 -1.3062 -1.3488 -1.4016 -1.4559 -1.5328 -1.6532 -1.7321
9.0646 -1.2262 -1.2262 -1.2262 -1.2262 -1.2261 -1.2260 -1.2268 -1.2336 -1.2489 -1.2916 -1.3726 -1.4700 -1.5502 -1.6234 -1.6694 -1.7257 -1.8271 -1.9490 -1.9551
