3.7636 -1.6271 -1.6786 -1.7368 -1.7764 -1.7934 -1.8005 -1.8045 -1.7938 -1.7498 -1.6655 -1.7258 -2.0293 -1.9914 -1.8966 -1.7108 -1.4698 -1.1559 -0.7853 -0.3821
3.8428 -1.5365 -1.5324 -1.5306 -1.5367 -1.5575 -1.5906 -1.6197 -1.6211 -1.5704 -1.4482 -1.2555 -1.0418 -0.8445 -0.6698 -0.5867 -0.4324 -0.1968 0.0462 0.3129
3.9677 -1.4821 -1.5008 -1.5063 -1.5019 -1.4878 -1.4593 -1.3823 -1.2822 -1.0839 -0.8271 -0.5660 -0.3084 -0.0236 0.2962 0.5967 0.8356 1.0460 1.2625 1.4328
4.0646 -1.2933 -1.3041 -1.3261 -1.3565 -1.3823 -1.3911 -1.3706 -1.3017 -1.1486 -0.8760 -0.4857 -0.0357 0.4110 0.7865 1.1295 1.4459 1.7225 1.9560 2.1726
4.1615 -1.1609 -1.1643 -1.1738 -1.1721 -1.1746 -1.1477 -1.0959 -1.0169 -0.8920 -0.6967 -0.4169 -0.0314 0.4506 0.9652 1.4411 1.8448 2.1851 2.4792 2.7409
4.2407 -1.0754 -1.0843 -1.0816 -1.0662 -1.0363 -0.9859 -0.8945 -0.7233 -0.4915 -0.2136 0.0692 0.3677 0.7077 1.1072 1.5592 2.0207 2.4401 2.8045 3.1210
4.3657 -0.9311 -0.9245 -0.9051 -0.8759 -0.8364 -0.7870 -0.6800 -0.4701 -0.1455 0.2479 0.6654 1.0884 1.4904 1.8473 2.1673 2.4843 2.8317 3.2130 3.5987
4.4626 -0.8624 -0.8549 -0.8367 -0.8015 -0.7455 -0.6542 -0.4987 -0.2606 0.0454 0.4029 0.8086 1.2689 1.7536 2.2251 2.6527 3.0175 3.3366 3.6487 3.9718
4.5417 -0.7982 -0.7914 -0.7709 -0.7311 -0.6629 -0.5458 -0.3552 -0.0900 0.2435 0.6292 1.0374 1.4548 1.8989 2.3768 2.8567 3.2989 3.6831 4.0100 4.2964
4.6087 -0.7533 -0.7352 -0.7082 -0.6657 -0.5873 -0.4447 -0.2240 0.0714 0.4272 0.8253 1.2466 1.6806 2.1135 2.5514 3.0134 3.4862 3.9212 4.2808 4.5668
4.6667 -0.7354 -0.7165 -0.6843 -0.6267 -0.5295 -0.3744 -0.1400 0.1804 0.5568 0.9647 1.3965 1.8442 2.2970 2.7430 3.1880 3.6453 4.0893 4.4671 4.7569
4.7636 -0.7667 -0.7383 -0.6949 -0.6284 -0.5222 -0.3454 -0.0766 0.2771 0.6848 1.1194 1.5676 2.0244 2.4958 2.9836 3.4571 3.9034 4.3327 4.7154 5.0008
4.8428 -0.7642 -0.7466 -0.7154 -0.6556 -0.5451 -0.3593 -0.0824 0.2732 0.6869 1.1478 1.6308 2.1118 2.5913 3.0819 3.5926 4.0685 4.4846 4.8356 5.0855
4.9097 -0.7635 -0.7425 -0.7095 -0.6527 -0.5507 -0.3681 -0.0885 0.2777 0.6993 1.1482 1.6283 2.1444 2.6566 3.1623 3.6688 4.1510 4.5636 4.8818 5.0902
4.9677 -0.7531 -0.7380 -0.7071 -0.6510 -0.5505 -0.3729 -0.0866 0.2869 0.7153 1.1786 1.6580 2.1605 2.6831 3.2061 3.7178 4.1987 4.6079 4.9036 5.0813
5.0189 -0.7112 -0.6996 -0.6762 -0.6288 -0.5362 -0.3700 -0.0964 0.2881 0.7315 1.2030 1.6906 2.1864 2.6990 3.2259 3.7472 4.2280 4.6315 4.9090 5.0599
5.0646 -0.6530 -0.6401 -0.6185 -0.5795 -0.5012 -0.3483 -0.0892 0.2775 0.7243 1.2084 1.7085 2.2139 2.7218 3.2413 3.7682 4.2423 4.6232 4.8738 5.0053
5.1615 -0.5874 -0.5462 -0.5009 -0.4429 -0.3555 -0.2140 0.0122 0.3281 0.7238 1.1863 1.7000 2.2429 2.7856 3.3163 3.8136 4.2415 4.5645 4.7570 4.8531
5.2407 -0.6596 -0.6082 -0.5403 -0.4559 -0.3405 -0.1701 0.0730 0.3831 0.7545 1.1911 1.6882 2.2281 2.7846 3.3291 3.8210 4.2100 4.4755 4.6266 4.7052
5.3657 -0.7531 -0.7288 -0.6820 -0.6051 -0.4902 -0.3237 -0.0830 0.2466 0.6451 1.0882 1.5721 2.0981 2.6656 3.2232 3.6864 4.0049 4.2025 4.3260 4.4143
5.4626 -0.7484 -0.7424 -0.7276 -0.6879 -0.5964 -0.4236 -0.1562 0.1901 0.5801 1.0032 1.4748 1.9901 2.5253 3.0328 3.4513 3.7512 3.9533 4.0947 4.2051
5.5417 -0.7412 -0.7407 -0.7312 -0.7050 -0.6405 -0.5013 -0.2484 0.1242 0.5645 1.0150 1.4603 1.9193 2.3953 2.8498 3.2411 3.5435 3.7629 3.9263 4.0539
5.6667 -0.7065 -0.7092 -0.7060 -0.6908 -0.6508 -0.5562 -0.3627 -0.0418 0.3861 0.8623 1.3411 1.7923 2.2114 2.6059 2.9652 3.2827 3.5478 3.7562 3.8985
5.7636 -0.6947 -0.6901 -0.6820 -0.6671 -0.6322 -0.5479 -0.3752 -0.0960 0.2778 0.7231 1.1989 1.6660 2.1035 2.5143 2.8936 3.2341 3.5246 3.7378 3.8524
5.8428 -0.6932 -0.6887 -0.6776 -0.6551 -0.6129 -0.5281 -0.3675 -0.1092 0.2506 0.6824 1.1460 1.6167 2.0689 2.5005 2.9018 3.2492 3.5294 3.7258 3.8295
5.9097 -0.6930 -0.6889 -0.6792 -0.6559 -0.6072 -0.5165 -0.3535 -0.0953 0.2485 0.6668 1.1358 1.6179 2.0851 2.5275 2.9435 3.2934 3.5618 3.7355 3.8244
5.9677 -0.6915 -0.6869 -0.6778 -0.6571 -0.6092 -0.5132 -0.3447 -0.0796 0.2763 0.6883 1.1499 1.6420 2.1215 2.5771 3.0053 3.3481 3.5991 3.7477 3.8186
6.0189 -0.6912 -0.6851 -0.6751 -0.6554 -0.6106 -0.5149 -0.3413 -0.0694 0.3011 0.7311 1.1891 1.6748 2.1644 2.6307 3.0653 3.3991 3.6304 3.7501 3.8113
6.0646 -0.6925 -0.6852 -0.6728 -0.6518 -0.6092 -0.5165 -0.3416 -0.0624 0.3194 0.7659 1.2353 1.7191 2.2096 2.6813 3.1168 3.4385 3.6332 3.7350 3.7943
6.1615 -0.6963 -0.6911 -0.6787 -0.6517 -0.6016 -0.5106 -0.3387 -0.0528 0.3431 0.8135 1.3170 1.8250 2.3210 2.7866 3.1723 3.4302 3.5783 3.6596 3.7014
6.2407 -0.6976 -0.6943 -0.6859 -0.6640 -0.6124 -0.5109 -0.3336 -0.0473 0.3511 0.8239 1.3429 1.8694 2.3645 2.8024 3.1361 3.3477 3.4707 3.5420 3.5662
6.3077 -0.6987 -0.6960 -0.6899 -0.6731 -0.6295 -0.5309 -0.3460 -0.0517 0.3522 0.8271 1.3339 1.8446 2.3245 2.7340 3.0353 3.2256 3.3346 3.4005 3.4275
6.3657 -0.6993 -0.6972 -0.6923 -0.6793 -0.6441 -0.5570 -0.3782 -0.0791 0.3286 0.7970 1.2860 1.7709 2.2265 2.6150 2.8950 3.0704 3.1860 3.2630 3.2962
6.4168 -0.7001 -0.6985 -0.6944 -0.6839 -0.6553 -0.5812 -0.4172 -0.1295 0.2709 0.7306 1.2024 1.6635 2.0945 2.4560 2.7305 2.9171 3.0486 3.1370 3.1718
6.4626 -0.7008 -0.6994 -0.6960 -0.6873 -0.6635 -0.6005 -0.4560 -0.1904 0.1916 0.6373 1.0946 1.5363 1.9434 2.2981 2.5767 2.7780 2.9258 3.0242 3.0587
6.5040 -0.7014 -0.7002 -0.6974 -0.6900 -0.6699 -0.6162 -0.4902 -0.2508 0.1054 0.5326 0.9756 1.4000 1.7976 2.1524 2.4385 2.6556 2.8179 2.9135 2.9570
6.5417 -0.7018 -0.7008 -0.6984 -0.6921 -0.6749 -0.6287 -0.5189 -0.3055 0.0224 0.4280 0.8543 1.2694 1.6632 2.0213 2.3164 2.5492 2.7209 2.8121 2.8633
6.6087 -0.7025 -0.7018 -0.7001 -0.6953 -0.6822 -0.6470 -0.5622 -0.3928 -0.1193 0.2396 0.6373 1.0393 1.4320 1.7986 2.1132 2.3588 2.5276 2.6368 2.7040
6.6667 -0.7031 -0.7025 -0.7012 -0.6974 -0.6871 -0.6593 -0.5919 -0.4552 -0.2267 0.0908 0.4622 0.8526 1.2446 1.6126 1.9272 2.1852 2.3666 2.4926 2.5755
6.7636 -0.7039 -0.7036 -0.7027 -0.7003 -0.6933 -0.6744 -0.6283 -0.5331 -0.3661 -0.1138 0.2103 0.5722 0.9463 1.3115 1.6479 1.9211 2.1193 2.2580 2.3867
6.8050 -0.7047 -0.7044 -0.7036 -0.7015 -0.6956 -0.6795 -0.6403 -0.5584 -0.4121 -0.1843 0.1167 0.4641 0.8329 1.2007 1.5423 1.8187 2.0107 2.1686 2.3418
6.8428 -0.7054 -0.7051 -0.7044 -0.7024 -0.6973 -0.6834 -0.6494 -0.5779 -0.4478 -0.2412 0.0398 0.3752 0.7387 1.1075 1.4519 1.7307 1.9145 2.0884 2.2801
6.8775 -0.7060 -0.7058 -0.7051 -0.7032 -0.6986 -0.6864 -0.6564 -0.5929 -0.4760 -0.2871 -0.0226 0.3015 0.6595 1.0279 1.3731 1.6353 1.8311 2.0195 2.2241
6.9097 -0.7067 -0.7064 -0.7058 -0.7040 -0.6997 -0.6886 -0.6616 -0.6046 -0.4985 -0.3239 -0.0736 0.2401 0.5922 0.9587 1.2958 1.5504 1.7585 1.9628 2.1729
6.9677 -0.7078 -0.7075 -0.7070 -0.7055 -0.7017 -0.6921 -0.6691 -0.6210 -0.5304 -0.3774 -0.1498 0.1453 0.4844 0.8336 1.1500 1.4083 1.6396 1.8804 2.0820
7.0189 -0.7088 -0.7086 -0.7081 -0.7069 -0.7036 -0.6951 -0.6748 -0.6319 -0.5508 -0.4123 -0.2017 0.0768 0.3951 0.7269 1.0326 1.2950 1.5395 1.8133 1.9785
7.0646 -0.7097 -0.7095 -0.7091 -0.7080 -0.7052 -0.6977 -0.6796 -0.6405 -0.5653 -0.4360 -0.2381 0.0216 0.3229 0.6391 0.9359 1.2033 1.4637 1.7590 1.8866
7.1158 -0.7113 -0.7112 -0.7109 -0.7099 -0.7075 -0.7012 -0.6855 -0.6503 -0.5804 -0.4582 -0.2742 -0.0319 0.2493 0.5475 0.8361 1.1027 1.3923 1.6947 1.7844
7.1615 -0.7128 -0.7127 -0.7124 -0.7117 -0.7096 -0.7041 -0.6904 -0.6590 -0.5942 -0.4790 -0.3037 -0.0755 0.1878 0.4709 0.7532 1.0225 1.3332 1.6213 1.6895
7.2029 -0.7141 -0.7141 -0.7138 -0.7132 -0.7113 -0.7065 -0.6945 -0.6665 -0.6074 -0.4985 -0.3306 -0.1138 0.1342 0.4051 0.6716 0.9599 1.2852 1.5564 1.6006
7.2407 -0.7153 -0.7153 -0.7151 -0.7145 -0.7129 -0.7087 -0.6980 -0.6728 -0.6189 -0.5167 -0.3559 -0.1487 0.0868 0.3418 0.6050 0.9101 1.2550 1.4983 1.5188
7.2755 -0.7169 -0.7168 -0.7167 -0.7162 -0.7147 -0.7109 -0.7013 -0.6786 -0.6292 -0.5336 -0.3798 -0.1806 0.0430 0.2834 0.5505 0.8699 1.2094 1.4461 1.4392
7.3077 -0.7183 -0.7183 -0.7181 -0.7177 -0.7164 -0.7129 -0.7042 -0.6835 -0.6380 -0.5488 -0.4018 -0.2095 -0.0005 0.2333 0.5052 0.8312 1.1689 1.3941 1.3598
7.3376 -0.7196 -0.7196 -0.7195 -0.7191 -0.7179 -0.7148 -0.7067 -0.6877 -0.6457 -0.5623 -0.4220 -0.2401 -0.0396 0.1901 0.4672 0.7979 1.1322 1.3373 1.2845
7.3657 -0.7209 -0.7209 -0.7207 -0.7204 -0.7193 -0.7164 -0.7090 -0.6913 -0.6523 -0.5742 -0.4412 -0.2686 -0.0742 0.1527 0.4348 0.7687 1.0987 1.2847 1.2151
7.3920 -0.7228 -0.7227 -0.7226 -0.7223 -0.7213 -0.7186 -0.7118 -0.6953 -0.6588 -0.5853 -0.4603 -0.2946 -0.1054 0.1198 0.4067 0.7424 1.0681 1.2356 1.1537
7.4168 -0.7246 -0.7245 -0.7244 -0.7241 -0.7232 -0.7207 -0.7143 -0.6988 -0.6645 -0.5954 -0.4771 -0.3180 -0.1334 0.0908 0.3797 0.7183 1.0399 1.1896 1.0956
7.4403 -0.7262 -0.7262 -0.7261 -0.7258 -0.7250 -0.7226 -0.7166 -0.7020 -0.6696 -0.6044 -0.4919 -0.3389 -0.1584 0.0654 0.3552 0.6954 1.0111 1.1464 1.0404
7.4626 -0.7278 -0.7278 -0.7277 -0.7274 -0.7267 -0.7244 -0.7187 -0.7050 -0.6743 -0.6123 -0.5050 -0.3577 -0.1808 0.0427 0.3331 0.6717 0.9764 1.1057 0.9891
7.4838 -0.7293 -0.7293 -0.7292 -0.7290 -0.7282 -0.7262 -0.7207 -0.7077 -0.6785 -0.6194 -0.5168 -0.3747 -0.2014 0.0224 0.3126 0.6496 0.9439 1.0638 0.9413
7.5040 -0.7308 -0.7308 -0.7307 -0.7304 -0.7297 -0.7278 -0.7226 -0.7102 -0.6824 -0.6258 -0.5273 -0.3900 -0.2195 0.0030 0.2939 0.6284 0.9133 1.0222 0.8956
7.5417 -0.7335 -0.7335 -0.7334 -0.7332 -0.7325 -0.7308 -0.7261 -0.7147 -0.6891 -0.6368 -0.5455 -0.4165 -0.2509 -0.0303 0.2606 0.5903 0.8579 0.9447 0.8083
7.6087 -0.7383 -0.7383 -0.7383 -0.7381 -0.7375 -0.7360 -0.7320 -0.7222 -0.6999 -0.6541 -0.5737 -0.4589 -0.3025 -0.0829 0.2035 0.5151 0.7635 0.8033 0.6486
7.6667 -0.7425 -0.7425 -0.7424 -0.7423 -0.7418 -0.7405 -0.7370 -0.7283 -0.7083 -0.6673 -0.5959 -0.4929 -0.3398 -0.1244 0.1503 0.4475 0.6697 0.6669 0.5095
7.7636 -0.7539 -0.7539 -0.7538 -0.7537 -0.7534 -0.7523 -0.7496 -0.7426 -0.7263 -0.6925 -0.6338 -0.5408 -0.3966 -0.1961 0.0606 0.3412 0.5031 0.4536 0.2774
7.8428 -0.7632 -0.7632 -0.7632 -0.7631 -0.7628 -0.7619 -0.7595 -0.7534 -0.7392 -0.7098 -0.6592 -0.5727 -0.4402 -0.2559 -0.0180 0.2303 0.3592 0.2847 0.1050
7.9677 -0.7840 -0.7840 -0.7839 -0.7839 -0.7836 -0.7829 -0.7810 -0.7761 -0.7645 -0.7404 -0.7004 -0.6274 -0.5146 -0.3581 -0.1496 0.0620 0.1054 0.0075 -0.1570
8.0646 -0.8032 -0.8032 -0.8031 -0.8031 -0.8029 -0.8023 -0.8008 -0.7969 -0.7873 -0.7673 -0.7327 -0.6708 -0.5769 -0.4437 -0.2538 -0.0949 -0.1009 -0.2096 -0.3601
8.2407 -0.8464 -0.8464 -0.8464 -0.8464 -0.8462 -0.8458 -0.8447 -0.8416 -0.8340 -0.8224 -0.7987 -0.7610 -0.7061 -0.6146 -0.4760 -0.4016 -0.4542 -0.5677 -0.7171
8.4626 -0.9216 -0.9216 -0.9216 -0.9216 -0.9215 -0.9212 -0.9203 -0.9181 -0.9151 -0.9118 -0.9075 -0.9100 -0.9073 -0.8593 -0.7993 -0.8276 -0.8967 -0.9921 -1.1353
8.6667 -1.0097 -1.0097 -1.0096 -1.0096 -1.0096 -1.0093 -1.0087 -1.0073 -1.0108 -1.0165 -1.0377 -1.0793 -1.1168 -1.1220 -1.1512 -1.1866 -1.2475 -1.3587 -1.4851
8.8428 -1.0977 -1.0977 -1.0977 -1.0977 -1.0976 -1.0974 -1.0969 -1.0993 -1.1064 -1.1254 -1.1723 -1.2520 -1.3146 -1.3602 -1.4083 -1.4534 -1.5227 -1.6397 -1.7203
9.0646 -1.2263 -1.2263 -1.2263 -1.2262 -1.2262 -1.2260 -1.2269 -1.2338 -1.2492 -1.2924 -1.3745 -1.4738 -1.5554 -1.6259 -1.6638 -1.7110 -1.8063 -1.9282 -1.9345
