1.2685E-14 3.9347E-01 4.0826E+01 1.2879E+00 1.8951E+00
4.0113E-14 4.0367E-01 4.2919E+01 1.2879E+00 1.8945E+00
1.2685E-13 4.1535E-01 4.7392E+01 1.2879E+00 1.8937E+00
4.0113E-13 4.2570E-01 5.2833E+01 1.2878E+00 1.8930E+00
1.2685E-12 4.3612E-01 5.6711E+01 1.2878E+00 1.8921E+00
4.0113E-12 4.4803E-01 5.4139E+01 1.2877E+00 1.8911E+00
1.2685E-11 4.6038E-01 4.7549E+01 1.2876E+00 1.8899E+00
4.0113E-11 4.7365E-01 3.8970E+01 1.2875E+00 1.8888E+00
1.2685E-10 4.9215E-01 3.1028E+01 1.2875E+00 1.8878E+00
4.0113E-10 5.1999E-01 2.7756E+01 1.2874E+00 1.8868E+00
1.2685E-09 5.7325E-01 3.1232E+01 1.2873E+00 1.8858E+00
4.0113E-09 6.7973E-01 4.5150E+01 1.2872E+00 1.8847E+00
1.2685E-08 9.1102E-01 7.4912E+01 1.2871E+00 1.8833E+00
4.0113E-08 1.4422E+00 1.2177E+02 1.2869E+00 1.8812E+00
1.2685E-07 2.7866E+00 1.8168E+02 1.2865E+00 1.8780E+00
