4.0020E-16 2.3210E-01 4.8445E+01 1.0005E+00 1.0019E+00
1.2655E-15 2.3299E-01 5.1962E+01 1.0003E+00 1.0016E+00
4.0020E-15 2.3443E-01 6.2307E+01 9.9941E-01 1.0006E+00
1.2655E-14 2.3564E-01 7.8347E+01 9.9686E-01 9.9784E-01
4.0020E-14 2.3647E-01 9.8757E+01 9.8940E-01 9.9017E-01
1.2655E-13 2.3670E-01 1.1944E+02 9.6950E-01 9.7007E-01
4.0020E-13 2.3653E-01 1.3406E+02 9.2668E-01 9.2712E-01
1.2655E-12 2.4131E-01 1.4620E+02 8.6113E-01 8.6151E-01
4.0020E-12 2.6983E-01 1.6318E+02 7.9470E-01 7.9504E-01
1.2655E-11 3.6634E-01 1.9654E+02 7.5038E-01 7.5070E-01
4.0020E-11 6.4720E-01 3.0398E+02 7.2859E-01 7.2889E-01
1.2655E-10 1.4778E+00 6.4226E+02 7.1708E-01 7.1735E-01
4.0020E-10 3.9876E+00 1.6647E+03 7.0306E-01 7.0328E-01
1.2655E-09 1.1179E+01 4.4804E+03 6.7110E-01 6.7126E-01
4.0020E-09 2.7935E+01 1.0857E+04 6.0079E-01 6.0089E-01
