1.2685E-11 2.6932E-01 6.3347E-12 1.2919E+00 1.9703E+00
4.0113E-11 2.6932E-01 1.6055E-11 1.2919E+00 1.9703E+00
1.2685E-10 2.6932E-01 5.0771E-11 1.2919E+00 1.9703E+00
4.0113E-10 2.6932E-01 1.8630E-10 1.2919E+00 1.9703E+00
1.2685E-09 2.6932E-01 1.8705E-09 1.2919E+00 1.9703E+00
4.0113E-09 2.6932E-01 9.4230E-09 1.2919E+00 1.9703E+00
1.2685E-08 2.6932E-01 3.0018E-08 1.2919E+00 1.9703E+00
4.0113E-08 2.6932E-01 9.5089E-08 1.2919E+00 1.9703E+00
1.2685E-07 2.6932E-01 3.0218E-07 1.2919E+00 1.9703E+00
4.0113E-07 2.6932E-01 9.5955E-07 1.2919E+00 1.9703E+00
1.2685E-06 2.6932E-01 3.0587E-06 1.2919E+00 1.9703E+00
4.0113E-06 2.6933E-01 9.7500E-06 1.2919E+00 1.9703E+00
1.2685E-05 2.6936E-01 3.1098E-05 1.2919E+00 1.9703E+00
4.0113E-05 2.6944E-01 9.8460E-05 1.2919E+00 1.9702E+00
1.2685E-04 2.6961E-01 3.0987E-04 1.2919E+00 1.9702E+00
