2.0795E-12 2.7406E-01 3.4005E-07 1.2918E+00 1.9684E+00
6.5760E-12 2.7406E-01 5.3347E-07 1.2918E+00 1.9677E+00
2.0795E-11 2.7405E-01 8.5995E-07 1.2918E+00 1.9669E+00
6.5760E-11 2.7405E-01 1.1914E-06 1.2918E+00 1.9663E+00
2.0795E-10 2.7405E-01 1.4753E-06 1.2918E+00 1.9659E+00
6.5760E-10 2.7405E-01 1.8081E-06 1.2918E+00 1.9657E+00
2.0795E-09 2.7405E-01 2.4920E-06 1.2918E+00 1.9656E+00
6.5760E-09 2.7405E-01 4.3385E-06 1.2918E+00 1.9656E+00
2.0795E-08 2.7406E-01 9.8717E-06 1.2918E+00 1.9656E+00
6.5760E-08 2.7408E-01 2.6590E-05 1.2918E+00 1.9656E+00
2.0795E-07 2.7413E-01 7.5436E-05 1.2918E+00 1.9655E+00
6.5760E-07 2.7425E-01 2.1595E-04 1.2918E+00 1.9655E+00
2.0795E-06 2.7452E-01 6.1352E-04 1.2918E+00 1.9654E+00
6.5760E-06 2.7510E-01 1.7870E-03 1.2918E+00 1.9653E+00
2.0795E-05 2.7633E-01 5.1837E-03 1.2918E+00 1.9652E+00
