6.5913E-11 2.5498E-01 6.6966E-13 1.2919E+00 1.9703E+00
2.0844E-10 2.5498E-01 1.6972E-12 1.2919E+00 1.9703E+00
6.5913E-10 2.5498E-01 5.3671E-12 1.2919E+00 1.9703E+00
2.0844E-09 2.5498E-01 1.6972E-11 1.2919E+00 1.9703E+00
6.5913E-09 2.5498E-01 5.3671E-11 1.2919E+00 1.9703E+00
2.0844E-08 2.5498E-01 1.6972E-10 1.2919E+00 1.9703E+00
6.5913E-08 2.5498E-01 5.3671E-10 1.2919E+00 1.9703E+00
2.0844E-07 2.5498E-01 1.6972E-09 1.2919E+00 1.9703E+00
6.5913E-07 2.5498E-01 5.3671E-09 1.2919E+00 1.9703E+00
2.0844E-06 2.5498E-01 1.7036E-08 1.2919E+00 1.9703E+00
6.5913E-06 2.5498E-01 5.9199E-08 1.2919E+00 1.9703E+00
2.0844E-05 2.5498E-01 2.0940E-07 1.2919E+00 1.9703E+00
6.5913E-05 2.5498E-01 6.7943E-07 1.2919E+00 1.9703E+00
2.0844E-04 2.5498E-01 2.1717E-06 1.2919E+00 1.9703E+00
6.5913E-04 2.5498E-01 6.8679E-06 1.2919E+00 1.9703E+00
