-21.4937 -20.9937 -20.4937 -19.9937 -19.4937 -18.9937 -18.4937 -17.9937 -17.4937 -16.9937 -16.4937 -15.9937 -15.4937 -14.9937 -14.4937 
3.7636 30.8735 30.4040 30.0701 29.7234 29.2258 28.6914 28.1730 27.6772 27.2228 26.7787 26.3334 25.8196 25.2340 24.7982 24.3692
4.0646 31.3092 30.8396 30.4185 30.0180 29.6185 29.2011 28.7512 28.2889 27.8366 27.4174 27.1068 26.9316 26.8453 26.7752 26.6596
4.5417 33.0337 32.5502 32.0620 31.5611 31.0371 30.4685 29.8535 29.2450 28.7257 28.3483 28.1200 27.9777 27.8228 27.5753 27.2206
5.0646 33.2338 32.7556 32.2986 31.8458 31.3766 30.8564 30.3000 29.7136 29.1147 28.5663 28.1175 27.7776 27.4975 27.2084 26.8822
5.5417 31.8421 31.4443 31.0228 30.5329 30.0119 29.5085 29.0558 28.6588 28.3060 27.9655 27.6520 27.3643 27.0974 26.8561 26.6174
6.0646 29.1048 29.0044 28.9937 28.9592 28.8710 28.6927 28.4341 28.1964 28.0338 27.8588 27.6422 27.3803 27.0814 26.7705 26.4653
6.5417 28.1097 27.8053 27.5126 27.1542 26.7470 26.3354 25.9747 25.7155 25.5725 25.5029 25.4557 25.4125 25.3660 25.3303 25.2928
7.0646 24.4246 24.3285 24.3285 24.3931 24.8949 25.0971 25.1003 25.1010 25.1032 25.1050 25.1084 25.1119 25.1156 25.1162 25.1141
7.5417 24.4030 24.3069 24.3069 24.3069 24.3069 24.3069 24.3069 24.3069 24.3069 24.3085 24.3495 24.3981 24.4093 24.4139 24.4140
8.0646 24.3885 24.2914 24.2913 24.2914 24.2913 24.2914 24.2913 24.2914 24.2913 24.2914 24.2913 24.2913 24.3055 24.3118 24.3118
9.0646 24.4035 24.3074 24.3074 24.3074 24.3074 24.3074 24.3074 24.3074 24.3074 24.3074 24.3074 24.3074 24.3074 24.3075 24.3075
