-21.4937 -20.9937 -20.4937 -19.9937 -19.4937 -18.9937 -18.4937 -17.9937 -17.4937 -16.9937 -16.4937 -15.9937 -15.4937 -14.9937 -14.4937
3.7636 -0.7948 -0.7990 -0.8342 -0.9083 -1.0421 -1.1811 -1.3356 -1.5858 -1.6935 -1.8577 -1.8962 -1.8033 -1.6480 -1.4362 -1.2860
4.0646 -0.6343 -0.6327 -0.6300 -0.6278 -0.6262 -0.6258 -0.6261 -0.6174 -0.5689 -0.4361 -0.1890 0.1696 0.6007 1.0484 1.4461
4.5417 -0.5316 -0.5286 -0.5234 -0.5166 -0.5079 -0.4967 -0.4820 -0.4532 -0.4011 -0.3031 -0.1505 0.0447 0.2900 0.6120 1.0164
5.0646 -0.4051 -0.3940 -0.3816 -0.3709 -0.3604 -0.3487 -0.3369 -0.3245 -0.3079 -0.2840 -0.2417 -0.1677 -0.0405 0.1590 0.4451
5.5417 -0.5557 -0.5553 -0.5549 -0.5543 -0.5535 -0.5527 -0.5516 -0.5495 -0.5456 -0.5369 -0.5191 -0.4818 -0.4065 -0.2760 -0.0639
6.0646 -0.5595 -0.5595 -0.5595 -0.5594 -0.5593 -0.5591 -0.5587 -0.5577 -0.5559 -0.5527 -0.5479 -0.5418 -0.5339 -0.5229 -0.5056
6.5417 -0.5622 -0.5622 -0.5622 -0.5622 -0.5622 -0.5622 -0.5622 -0.5622 -0.5622 -0.5621 -0.5620 -0.5619 -0.5614 -0.5605 -0.5586
7.0646 -0.5697 -0.5697 -0.5697 -0.5697 -0.5697 -0.5697 -0.5697 -0.5697 -0.5697 -0.5697 -0.5697 -0.5697 -0.5697 -0.5695 -0.5693
7.5417 -0.5935 -0.5935 -0.5935 -0.5935 -0.5935 -0.5935 -0.5935 -0.5935 -0.5935 -0.5935 -0.5935 -0.5935 -0.5935 -0.5935 -0.5935
8.0646 -0.6631 -0.6631 -0.6631 -0.6631 -0.6631 -0.6631 -0.6631 -0.6631 -0.6631 -0.6631 -0.6631 -0.6631 -0.6631 -0.6631 -0.6631
9.0646 -1.0862 -1.0862 -1.0862 -1.0862 -1.0862 -1.0862 -1.0862 -1.0862 -1.0862 -1.0862 -1.0862 -1.0862 -1.0862 -1.0862 -1.0862
