1.2655E-08 1.1128E-01 6.4258E-16 1.0341E+00 1.1580E+00
4.0019E-08 1.1128E-01 2.0320E-15 1.0341E+00 1.1580E+00
1.2655E-07 1.1128E-01 6.4258E-15 1.0341E+00 1.1580E+00
4.0019E-07 1.1128E-01 2.0320E-14 1.0341E+00 1.1580E+00
1.2655E-06 1.1128E-01 6.4258E-14 1.0341E+00 1.1580E+00
4.0019E-06 1.1128E-01 2.0320E-13 1.0341E+00 1.1580E+00
1.2655E-05 1.1128E-01 6.4258E-13 1.0341E+00 1.1580E+00
4.0019E-05 1.1128E-01 2.0320E-12 1.0341E+00 1.1580E+00
1.2655E-04 1.1128E-01 6.4258E-12 1.0341E+00 1.1580E+00
4.0019E-04 1.1128E-01 2.0320E-11 1.0341E+00 1.1580E+00
1.2655E-03 1.1128E-01 6.4258E-11 1.0341E+00 1.1580E+00
4.0019E-03 1.1128E-01 2.0320E-10 1.0341E+00 1.1580E+00
1.2655E-02 1.1128E-01 6.4258E-10 1.0341E+00 1.1580E+00
4.0019E-02 1.1128E-01 2.0324E-09 1.0341E+00 1.1580E+00
1.2655E-01 1.1128E-01 6.4271E-09 1.0341E+00 1.1580E+00
