4.0020E-10 2.9478E-01 6.1848E-14 1.0341E+00 1.1580E+00
1.2655E-09 2.9478E-01 1.9558E-13 1.0341E+00 1.1580E+00
4.0020E-09 2.9478E-01 6.1848E-13 1.0341E+00 1.1580E+00
1.2655E-08 2.9478E-01 1.9558E-12 1.0341E+00 1.1580E+00
4.0020E-08 2.9478E-01 6.1848E-12 1.0341E+00 1.1580E+00
1.2655E-07 2.9478E-01 1.9558E-11 1.0341E+00 1.1580E+00
4.0020E-07 2.9478E-01 6.1848E-11 1.0341E+00 1.1580E+00
1.2655E-06 2.9478E-01 1.9558E-10 1.0341E+00 1.1580E+00
4.0020E-06 2.9478E-01 6.1848E-10 1.0341E+00 1.1580E+00
1.2655E-05 2.9478E-01 1.9558E-09 1.0341E+00 1.1580E+00
4.0020E-05 2.9478E-01 6.1848E-09 1.0341E+00 1.1580E+00
1.2655E-04 2.9478E-01 1.9558E-08 1.0341E+00 1.1580E+00
4.0020E-04 2.9478E-01 6.4614E-08 1.0341E+00 1.1580E+00
1.2655E-03 2.9478E-01 2.0523E-07 1.0341E+00 1.1580E+00
4.0020E-03 2.9478E-01 6.4890E-07 1.0341E+00 1.1580E+00
