2.0795E-12 3.7195E-01 3.5083E-07 1.0341E+00 1.1569E+00
6.5760E-12 3.7194E-01 6.0143E-07 1.0341E+00 1.1565E+00
2.0795E-11 3.7194E-01 9.2904E-07 1.0340E+00 1.1560E+00
6.5760E-11 3.7194E-01 1.2588E-06 1.0340E+00 1.1556E+00
2.0795E-10 3.7194E-01 1.5480E-06 1.0340E+00 1.1554E+00
6.5760E-10 3.7194E-01 1.9434E-06 1.0340E+00 1.1553E+00
2.0795E-09 3.7194E-01 2.8178E-06 1.0340E+00 1.1553E+00
6.5760E-09 3.7194E-01 5.2578E-06 1.0340E+00 1.1553E+00
2.0795E-08 3.7195E-01 1.2638E-05 1.0340E+00 1.1553E+00
6.5760E-08 3.7198E-01 3.4729E-05 1.0340E+00 1.1553E+00
2.0795E-07 3.7205E-01 9.9656E-05 1.0340E+00 1.1553E+00
6.5760E-07 3.7221E-01 2.8439E-04 1.0340E+00 1.1552E+00
2.0795E-06 3.7257E-01 8.1143E-04 1.0340E+00 1.1552E+00
6.5760E-06 3.7334E-01 2.3345E-03 1.0340E+00 1.1551E+00
2.0795E-05 3.7496E-01 6.6986E-03 1.0340E+00 1.1551E+00
