1.000000 3.950728e+08 5.974818e+08 1.100000e+14 1.240925e+14 1.629039e+13 1.028463e-12
1.100000 4.452913e+08 6.251865e+08 1.134134e+14 1.292548e+14 2.543068e+13 9.788900e-13
1.200000 4.801226e+08 6.407853e+08 1.172607e+14 1.346564e+14 3.252819e+13 9.278984e-13
1.300000 5.041993e+08 6.489882e+08 1.214090e+14 1.401928e+14 3.709080e+13 8.770915e-13
1.400000 5.205673e+08 6.525020e+08 1.257653e+14 1.458000e+14 3.946097e+13 8.285208e-13
1.500000 5.316829e+08 6.533707e+08 1.302630e+14 1.514377e+14 4.014731e+13 7.821642e-13
1.600000 5.391050e+08 6.526929e+08 1.348567e+14 1.570828e+14 3.966797e+13 7.393054e-13
1.700000 5.438710e+08 6.512987e+08 1.395146e+14 1.627220e+14 3.835475e+13 6.990551e-13
1.800000 5.467174e+08 6.495375e+08 1.442136e+14 1.683493e+14 3.654456e+13 6.622802e-13
1.900000 5.481738e+08 6.477310e+08 1.489373e+14 1.739613e+14 3.442845e+13 6.277734e-13
2.000000 5.486399e+08 6.460895e+08 1.536735e+14 1.795577e+14 3.214224e+13 5.962449e-13
2.100000 5.483655e+08 6.445312e+08 1.584137e+14 1.851399e+14 2.984291e+13 5.668454e-13
2.200000 5.476379e+08 6.429511e+08 1.631516e+14 1.907086e+14 2.765244e+13 5.399144e-13
2.300000 5.465630e+08 6.414053e+08 1.678832e+14 1.962637e+14 2.558122e+13 5.149247e-13
2.400000 5.451308e+08 6.396746e+08 1.726055e+14 2.018055e+14 2.369239e+13 4.916132e-13
2.500000 5.436492e+08 6.381132e+08 1.773155e+14 2.073323e+14 2.192053e+13 4.697984e-13
2.600000 5.419757e+08 6.363754e+08 1.820126e+14 2.128456e+14 2.032957e+13 4.496632e-13
2.700000 5.402304e+08 6.345988e+08 1.866953e+14 2.183438e+14 1.888358e+13 4.307996e-13
2.800000 5.384214e+08 6.327587e+08 1.913628e+14 2.238268e+14 1.757571e+13 4.132816e-13
2.900000 5.365656e+08 6.308596e+08 1.960148e+14 2.292938e+14 1.639316e+13 3.965900e-13
3.000000 5.347543e+08 6.290108e+08 2.006507e+14 2.347444e+14 1.530958e+13 3.813400e-13
3.100000 5.328953e+08 6.270441e+08 2.052710e+14 2.401791e+14 1.434003e+13 3.667892e-13
3.200000 5.310257e+08 6.250563e+08 2.098752e+14 2.455967e+14 1.345773e+13 3.530934e-13
3.300000 5.291924e+08 6.231144e+08 2.144633e+14 2.509972e+14 1.264579e+13 3.403044e-13
3.400000 5.274327e+08 6.212686e+08 2.190355e+14 2.563809e+14 1.189167e+13 3.281657e-13
3.500000 5.256028e+08 6.193055e+08 2.235925e+14 2.617487e+14 1.121451e+13 3.167558e-13
3.600000 5.238443e+08 6.174317e+08 2.281337e+14 2.670995e+14 1.058391e+13 3.060739e-13
3.700000 5.221106e+08 6.155782e+08 2.326598e+14 2.724341e+14 1.000290e+13 2.957135e-13
3.800000 5.203864e+08 6.137233e+08 2.371708e+14 2.777527e+14 9.468991e+12 2.860287e-13
3.900000 5.186811e+08 6.118802e+08 2.416669e+14 2.830553e+14 8.976442e+12 2.767906e-13
4.000000 5.170102e+08 6.100705e+08 2.461483e+14 2.883419e+14 8.519490e+12 2.682069e-13
4.100000 5.153911e+08 6.082982e+08 2.506153e+14 2.936129e+14 8.095253e+12 2.598849e-13
4.200000 5.137808e+08 6.065159e+08 2.550683e+14 2.988686e+14 7.704417e+12 2.518828e-13
4.300000 5.121913e+08 6.047532e+08 2.595073e+14 3.041089e+14 7.341069e+12 2.443771e-13
4.400000 5.106617e+08 6.030633e+08 2.639327e+14 3.093340e+14 6.998614e+12 2.372177e-13
4.500000 5.091944e+08 6.014489e+08 2.683448e+14 3.145445e+14 6.675126e+12 2.302863e-13
4.600000 5.076933e+08 5.997802e+08 2.727442e+14 3.197410e+14 6.378626e+12 2.237614e-13
4.700000 5.062132e+08 5.981320e+08 2.771307e+14 3.249231e+14 6.101446e+12 2.175604e-13
4.800000 5.048176e+08 5.965885e+08 2.815044e+14 3.300909e+14 5.836200e+12 2.115655e-13
4.900000 5.034326e+08 5.950515e+08 2.858660e+14 3.352455e+14 5.588539e+12 2.059655e-13
5.000000 5.020590e+08 5.935224e+08 2.902157e+14 3.403867e+14 5.356942e+12 2.004037e-13
5.100000 5.007242e+08 5.920376e+08 2.945535e+14 3.455147e+14 5.137874e+12 1.951159e-13
5.200000 4.994159e+08 5.905808e+08 2.988797e+14 3.506299e+14 4.931347e+12 1.901204e-13
5.300000 4.981147e+08 5.891273e+08 3.031947e+14 3.557326e+14 4.737854e+12 1.853464e-13
5.400000 4.968442e+08 5.877108e+08 3.074984e+14 3.608226e+14 4.554404e+12 1.806510e-13
5.500000 4.955976e+08 5.863219e+08 3.117911e+14 3.659004e+14 4.380815e+12 1.761601e-13
5.600000 4.944009e+08 5.849916e+08 3.160731e+14 3.709663e+14 4.214758e+12 1.718575e-13
5.700000 4.932012e+08 5.836521e+08 3.203447e+14 3.760206e+14 4.059230e+12 1.676803e-13
5.800000 4.920465e+08 5.823648e+08 3.246060e+14 3.810634e+14 3.910361e+12 1.637561e-13
5.900000 4.908658e+08 5.810396e+08 3.288572e+14 3.860950e+14 3.772105e+12 1.598394e-13
6.000000 4.897313e+08 5.797688e+08 3.330983e+14 3.911152e+14 3.639303e+12 1.561478e-13
6.100000 4.886318e+08 5.785379e+08 3.373296e+14 3.961244e+14 3.512266e+12 1.525398e-13
6.200000 4.875408e+08 5.773137e+08 3.415514e+14 4.011229e+14 3.392105e+12 1.491111e-13
6.300000 4.864688e+08 5.761095e+08 3.457637e+14 4.061109e+14 3.277776e+12 1.457696e-13
6.400000 4.854305e+08 5.749439e+08 3.499668e+14 4.110885e+14 3.168096e+12 1.425445e-13
6.500000 4.844126e+08 5.738005e+08 3.541609e+14 4.160560e+14 3.063461e+12 1.394551e-13
6.600000 4.834064e+08 5.726683e+08 3.583463e+14 4.210137e+14 2.963982e+12 1.364343e-13
6.700000 4.823888e+08 5.715187e+08 3.625229e+14 4.259615e+14 2.870457e+12 1.335220e-13
6.800000 4.814247e+08 5.704329e+08 3.666907e+14 4.308994e+14 2.779384e+12 1.307542e-13
6.900000 4.804643e+08 5.693486e+08 3.708502e+14 4.358280e+14 2.692957e+12 1.279671e-13
7.000000 4.795168e+08 5.682770e+08 3.750015e+14 4.407472e+14 2.610488e+12 1.253143e-13
7.100000 4.785858e+08 5.672223e+08 3.791445e+14 4.456571e+14 2.531586e+12 1.227848e-13
7.200000 4.776860e+08 5.662036e+08 3.832795e+14 4.505579e+14 2.455362e+12 1.203055e-13
7.300000 4.767854e+08 5.651819e+08 3.874067e+14 4.554499e+14 2.382994e+12 1.179158e-13
7.400000 4.759098e+08 5.641887e+08 3.915261e+14 4.603330e+14 2.313199e+12 1.156053e-13
7.500000 4.750466e+08 5.632087e+08 3.956380e+14 4.652076e+14 2.246336e+12 1.133245e-13
7.600000 4.741847e+08 5.622284e+08 3.997424e+14 4.700737e+14 2.182657e+12 1.111183e-13
7.700000 4.733513e+08 5.612810e+08 4.038393e+14 4.749314e+14 2.120955e+12 1.090128e-13
7.800000 4.725330e+08 5.603503e+08 4.079291e+14 4.797809e+14 2.061618e+12 1.069296e-13
7.900000 4.717093e+08 5.594115e+08 4.120118e+14 4.846223e+14 2.005246e+12 1.048878e-13
8.000000 4.709095e+08 5.585001e+08 4.160873e+14 4.894556e+14 1.950647e+12 1.029229e-13
8.100000 4.701297e+08 5.576113e+08 4.201560e+14 4.942811e+14 1.897862e+12 1.010201e-13
8.200000 4.693491e+08 5.567203e+08 4.242179e+14 4.990988e+14 1.847488e+12 9.918015e-14
8.300000 4.685905e+08 5.558545e+08 4.282731e+14 5.039089e+14 1.798651e+12 9.738566e-14
8.400000 4.678318e+08 5.549872e+08 4.323217e+14 5.087115e+14 1.751977e+12 9.563294e-14
8.500000 4.670941e+08 5.541440e+08 4.363638e+14 5.135066e+14 1.706691e+12 9.392154e-14
8.600000 4.663709e+08 5.533170e+08 4.403995e+14 5.182944e+14 1.662926e+12 9.226868e-14
8.700000 4.656477e+08 5.524890e+08 4.444289e+14 5.230750e+14 1.621033e+12 9.065938e-14
8.800000 4.649369e+08 5.516748e+08 4.484521e+14 5.278485e+14 1.580554e+12 8.907185e-14
8.900000 4.642528e+08 5.508914e+08 4.524692e+14 5.326150e+14 1.541016e+12 8.753344e-14
9.000000 4.635567e+08 5.500938e+08 4.564803e+14 5.373747e+14 1.503421e+12 8.604010e-14
9.100000 4.628858e+08 5.493259e+08 4.604854e+14 5.421275e+14 1.466669e+12 8.457154e-14
9.200000 4.622048e+08 5.485450e+08 4.644848e+14 5.468737e+14 1.431684e+12 8.314243e-14
9.300000 4.615611e+08 5.478075e+08 4.684782e+14 5.516131e+14 1.397137e+12 8.176482e-14
9.400000 4.609092e+08 5.470594e+08 4.724661e+14 5.563462e+14 1.364179e+12 8.041681e-14
9.500000 4.602642e+08 5.463187e+08 4.764484e+14 5.610728e+14 1.332352e+12 7.908227e-14
9.600000 4.596333e+08 5.455939e+08 4.804250e+14 5.657929e+14 1.301427e+12 7.778684e-14
9.700000 4.590102e+08 5.448777e+08 4.843963e+14 5.705069e+14 1.271513e+12 7.654300e-14
9.800000 4.583937e+08 5.441684e+08 4.883621e+14 5.752146e+14 1.242594e+12 7.531531e-14
9.900000 4.577912e+08 5.434751e+08 4.923226e+14 5.799162e+14 1.214451e+12 7.410506e-14
10.000000 4.571992e+08 5.427934e+08 4.962780e+14 5.846119e+14 1.187133e+12 7.293540e-14
10.100000 4.566084e+08 5.421127e+08 5.002282e+14 5.893016e+14 1.160807e+12 7.178905e-14
10.200000 4.560242e+08 5.414391e+08 5.041733e+14 5.939855e+14 1.135313e+12 7.066642e-14
10.300000 4.554520e+08 5.407789e+08 5.081133e+14 5.986635e+14 1.110499e+12 6.958095e-14
10.400000 4.548907e+08 5.401311e+08 5.120484e+14 6.033358e+14 1.086356e+12 6.851073e-14
10.500000 4.543358e+08 5.394902e+08 5.159787e+14 6.080025e+14 1.062955e+12 6.745426e-14
10.600000 4.537824e+08 5.388507e+08 5.199041e+14 6.126637e+14 1.040357e+12 6.642990e-14
10.700000 4.532344e+08 5.382171e+08 5.238248e+14 6.173194e+14 1.018451e+12 6.543677e-14
10.800000 4.527007e+08 5.375996e+08 5.277408e+14 6.219696e+14 9.970378e+11 6.445936e-14
10.900000 4.521649e+08 5.369793e+08 5.316521e+14 6.266145e+14 9.764097e+11 6.347971e-14
11.000000 4.516377e+08 5.363688e+08 5.355588e+14 6.312540e+14 9.563304e+11 6.255621e-14
11.100000 4.511165e+08 5.357648e+08 5.394609e+14 6.358882e+14 9.368283e+11 6.163159e-14
11.200000 4.506038e+08 5.351702e+08 5.433586e+14 6.405172e+14 9.178347e+11 6.073597e-14
11.300000 4.501044e+08 5.345909e+08 5.472518e+14 6.451411e+14 8.992428e+11 5.986524e-14
11.400000 4.496018e+08 5.340076e+08 5.511407e+14 6.497599e+14 8.813251e+11 5.898782e-14
11.500000 4.491120e+08 5.334389e+08 5.550253e+14 6.543738e+14 8.637795e+11 5.814492e-14
11.600000 4.486301e+08 5.328791e+08 5.589056e+14 6.589827e+14 8.466767e+11 5.732191e-14
11.700000 4.481530e+08 5.323246e+08 5.627818e+14 6.635868e+14 8.300519e+11 5.651491e-14
11.800000 4.476828e+08 5.317777e+08 5.666538e+14 6.681860e+14 8.138527e+11 5.571998e-14
11.900000 4.472026e+08 5.312192e+08 5.705218e+14 6.727806e+14 7.983313e+11 5.494238e-14
12.000000 4.467336e+08 5.306732e+08 5.743856e+14 6.773703e+14 7.831282e+11 5.418172e-14
12.100000 4.462863e+08 5.301520e+08 5.782454e+14 6.819553e+14 7.680686e+11 5.343479e-14
12.200000 4.458348e+08 5.296259e+08 5.821013e+14 6.865359e+14 7.535444e+11 5.269282e-14
12.300000 4.453873e+08 5.291041e+08 5.859533e+14 6.911118e+14 7.394113e+11 5.197260e-14
12.400000 4.449416e+08 5.285843e+08 5.898015e+14 6.956833e+14 7.256879e+11 5.126880e-14
12.500000 4.444936e+08 5.280617e+08 5.936458e+14 7.002503e+14 7.124176e+11 5.057963e-14
12.600000 4.440647e+08 5.275606e+08 5.974862e+14 7.048127e+14 6.992791e+11 4.989929e-14
12.700000 4.436427e+08 5.270673e+08 6.013229e+14 7.093708e+14 6.864394e+11 4.923011e-14
12.800000 4.432247e+08 5.265786e+08 6.051560e+14 7.139247e+14 6.739284e+11 4.857245e-14
12.900000 4.428014e+08 5.260837e+08 6.089854e+14 7.184743e+14 6.618606e+11 4.792824e-14
13.000000 4.423862e+08 5.255978e+08 6.128112e+14 7.230197e+14 6.500421e+11 4.730141e-14
13.100000 4.419783e+08 5.251203e+08 6.166335e+14 7.275609e+14 6.384716e+11 4.668757e-14
13.200000 4.415740e+08 5.246467e+08 6.204521e+14 7.320979e+14 6.271923e+11 4.607698e-14
13.300000 4.411728e+08 5.241765e+08 6.242673e+14 7.366308e+14 6.161985e+11 4.548287e-14
13.400000 4.407752e+08 5.237104e+08 6.280791e+14 7.411597e+14 6.054747e+11 4.490201e-14
13.500000 4.403884e+08 5.232565e+08 6.318874e+14 7.456846e+14 5.949215e+11 4.432960e-14
13.600000 4.400001e+08 5.228008e+08 6.356923e+14 7.502055e+14 5.846863e+11 4.376828e-14
13.700000 4.396111e+08 5.223443e+08 6.394939e+14 7.547225e+14 5.747459e+11 4.321707e-14
13.800000 4.392330e+08 5.219000e+08 6.432922e+14 7.592356e+14 5.649544e+11 4.266783e-14
13.900000 4.388613e+08 5.214629e+08 6.470871e+14 7.637448e+14 5.553592e+11 4.213244e-14
14.000000 4.384966e+08 5.210337e+08 6.508789e+14 7.682502e+14 5.459473e+11 4.161016e-14
14.100000 4.381276e+08 5.205996e+08 6.546675e+14 7.727520e+14 5.368422e+11 4.108957e-14
14.200000 4.377651e+08 5.201725e+08 6.584529e+14 7.772499e+14 5.279152e+11 4.057829e-14
14.300000 4.374158e+08 5.197595e+08 6.622352e+14 7.817442e+14 5.190921e+11 4.007653e-14
14.400000 4.370567e+08 5.193356e+08 6.660145e+14 7.862350e+14 5.106107e+11 3.958264e-14
14.500000 4.366970e+08 5.189112e+08 6.697907e+14 7.907220e+14 5.023608e+11 3.909922e-14
14.600000 4.363544e+08 5.185059e+08 6.735637e+14 7.952054e+14 4.941488e+11 3.863642e-14
14.700000 4.360141e+08 5.181032e+08 6.773338e+14 7.996853e+14 4.861285e+11 3.817238e-14
14.800000 4.356761e+08 5.177030e+08 6.811010e+14 8.041617e+14 4.782944e+11 3.770568e-14
14.900000 4.353324e+08 5.172967e+08 6.848652e+14 8.086347e+14 4.707198e+11 3.725234e-14
15.000000 4.349915e+08 5.168935e+08 6.886265e+14 8.131041e+14 4.633128e+11 3.680829e-14
15.100000 4.346664e+08 5.165079e+08 6.923848e+14 8.175701e+14 4.559400e+11 3.637215e-14
15.200000 4.343433e+08 5.161247e+08 6.961404e+14 8.220327e+14 4.487353e+11 3.594629e-14
15.300000 4.340222e+08 5.157436e+08 6.998931e+14 8.264920e+14 4.416943e+11 3.553112e-14
15.400000 4.336955e+08 5.153565e+08 7.036430e+14 8.309480e+14 4.348824e+11 3.511464e-14
15.500000 4.333689e+08 5.149696e+08 7.073902e+14 8.354007e+14 4.282398e+11 3.470199e-14
15.600000 4.330592e+08 5.146015e+08 7.111345e+14 8.398501e+14 4.216067e+11 3.429605e-14
15.700000 4.327495e+08 5.142335e+08 7.148761e+14 8.442962e+14 4.151369e+11 3.389858e-14
15.800000 4.324370e+08 5.138625e+08 7.186151e+14 8.487392e+14 4.088515e+11 3.351241e-14
15.900000 4.321292e+08 5.134968e+08 7.223513e+14 8.531790e+14 4.026772e+11 3.313029e-14
16.000000 4.318261e+08 5.131362e+08 7.260849e+14 8.576156e+14 3.966127e+11 3.275182e-14
16.100000 4.315285e+08 5.127820e+08 7.298159e+14 8.620491e+14 3.906459e+11 3.237976e-14
16.200000 4.312342e+08 5.124315e+08 7.335443e+14 8.664795e+14 3.847944e+11 3.201400e-14
16.300000 4.309407e+08 5.120819e+08 7.372702e+14 8.709069e+14 3.790762e+11 3.165456e-14
16.400000 4.306495e+08 5.117349e+08 7.409935e+14 8.753313e+14 3.734744e+11 3.130107e-14
16.500000 4.303628e+08 5.113930e+08 7.447143e+14 8.797527e+14 3.679678e+11 3.094866e-14
16.600000 4.300779e+08 5.110532e+08 7.484326e+14 8.841711e+14 3.625752e+11 3.060317e-14
16.700000 4.297949e+08 5.107155e+08 7.521485e+14 8.885866e+14 3.572936e+11 3.026744e-14
16.800000 4.295151e+08 5.103816e+08 7.558619e+14 8.929992e+14 3.521090e+11 2.993579e-14
16.900000 4.292388e+08 5.100515e+08 7.595729e+14 8.974089e+14 3.470169e+11 2.960643e-14
17.000000 4.289666e+08 5.097260e+08 7.632816e+14 9.018158e+14 3.420104e+11 2.928057e-14
17.100000 4.286978e+08 5.094044e+08 7.669878e+14 9.062198e+14 3.370919e+11 2.895751e-14
17.200000 4.284260e+08 5.090796e+08 7.706918e+14 9.106210e+14 3.323073e+11 2.864219e-14
17.300000 4.281539e+08 5.087545e+08 7.743934e+14 9.150195e+14 3.276336e+11 2.833405e-14
17.400000 4.278860e+08 5.084342e+08 7.780926e+14 9.194151e+14 3.230331e+11 2.802589e-14
17.500000 4.276206e+08 5.081167e+08 7.817896e+14 9.238080e+14 3.185172e+11 2.771933e-14
17.600000 4.273595e+08 5.078042e+08 7.854842e+14 9.281981e+14 3.140702e+11 2.742410e-14
17.700000 4.271005e+08 5.074941e+08 7.891766e+14 9.325856e+14 3.097060e+11 2.713660e-14
17.800000 4.268462e+08 5.071893e+08 7.928667e+14 9.369703e+14 3.054047e+11 2.684760e-14
17.900000 4.265939e+08 5.068868e+08 7.965547e+14 9.413524e+14 3.011842e+11 2.656056e-14
18.000000 4.263458e+08 5.065890e+08 8.002405e+14 9.457319e+14 2.970265e+11 2.627821e-14
18.100000 4.260995e+08 5.062932e+08 8.039241e+14 9.501088e+14 2.929468e+11 2.600036e-14
18.200000 4.258528e+08 5.059971e+08 8.076056e+14 9.544832e+14 2.889580e+11 2.573054e-14
18.300000 4.256074e+08 5.057024e+08 8.112850e+14 9.588550e+14 2.850462e+11 2.546638e-14
18.400000 4.253613e+08 5.054073e+08 8.149622e+14 9.632243e+14 2.812217e+11 2.520089e-14
18.500000 4.251165e+08 5.051135e+08 8.186373e+14 9.675910e+14 2.774705e+11 2.493688e-14
18.600000 4.248804e+08 5.048294e+08 8.223103e+14 9.719552e+14 2.737429e+11 2.467715e-14
18.700000 4.246469e+08 5.045481e+08 8.259813e+14 9.763169e+14 2.700778e+11 2.442152e-14
18.800000 4.244129e+08 5.042665e+08 8.296503e+14 9.806762e+14 2.664920e+11 2.417268e-14
18.900000 4.241798e+08 5.039859e+08 8.333172e+14 9.850331e+14 2.629754e+11 2.392985e-14
19.000000 4.239493e+08 5.037084e+08 8.369821e+14 9.893875e+14 2.595155e+11 2.368724e-14
19.100000 4.237207e+08 5.034329e+08 8.406450e+14 9.937396e+14 2.561157e+11 2.344431e-14
19.200000 4.234883e+08 5.031535e+08 8.443060e+14 9.980892e+14 2.528081e+11 2.320627e-14
19.300000 4.232542e+08 5.028722e+08 8.479649e+14 1.002436e+15 2.495783e+11 2.297396e-14
19.400000 4.230324e+08 5.026045e+08 8.516218e+14 1.006781e+15 2.463419e+11 2.274460e-14
19.500000 4.228278e+08 5.023555e+08 8.552768e+14 1.011124e+15 2.430725e+11 2.251665e-14
19.600000 4.226246e+08 5.021083e+08 8.589301e+14 1.015464e+15 2.398605e+11 2.229198e-14
19.700000 4.224234e+08 5.018632e+08 8.625815e+14 1.019802e+15 2.367025e+11 2.206838e-14
19.800000 4.222130e+08 5.016083e+08 8.662313e+14 1.024138e+15 2.336584e+11 2.184807e-14
19.900000 4.219754e+08 5.013239e+08 8.698792e+14 1.028472e+15 2.308248e+11 2.163148e-14
20.000000 4.217391e+08 5.010411e+08 8.735251e+14 1.032804e+15 2.280397e+11 2.141812e-14
20.100000 4.215536e+08 5.008134e+08 8.771689e+14 1.037133e+15 2.250356e+11 2.120692e-14
20.200000 4.213713e+08 5.005894e+08 8.808111e+14 1.041460e+15 2.220732e+11 2.099832e-14
20.300000 4.211656e+08 5.003401e+08 8.844518e+14 1.045785e+15 2.192920e+11 2.079271e-14
20.400000 4.209576e+08 5.000884e+08 8.880906e+14 1.050108e+15 2.165772e+11 2.059003e-14
20.500000 4.207448e+08 4.998316e+08 8.917277e+14 1.054429e+15 2.139396e+11 2.038998e-14
20.600000 4.205286e+08 4.995712e+08 8.953629e+14 1.058747e+15 2.113703e+11 2.019169e-14
20.700000 4.203163e+08 4.993152e+08 8.989963e+14 1.063063e+15 2.088296e+11 1.999622e-14
20.800000 4.201139e+08 4.990700e+08 9.026278e+14 1.067378e+15 2.062880e+11 1.980192e-14
20.900000 4.199125e+08 4.988260e+08 9.062576e+14 1.071690e+15 2.037893e+11 1.961023e-14
21.000000 4.197233e+08 4.985952e+08 9.098857e+14 1.075999e+15 2.012782e+11 1.942303e-14
21.100000 4.195359e+08 4.983665e+08 9.135121e+14 1.080307e+15 1.988056e+11 1.923948e-14
21.200000 4.193422e+08 4.981311e+08 9.171369e+14 1.084613e+15 1.964096e+11 1.905806e-14
21.300000 4.191449e+08 4.978918e+08 9.207600e+14 1.088917e+15 1.940759e+11 1.887811e-14
21.400000 4.189552e+08 4.976614e+08 9.243814e+14 1.093219e+15 1.917471e+11 1.870064e-14
21.500000 4.187834e+08 4.974511e+08 9.280012e+14 1.097519e+15 1.893738e+11 1.852440e-14
21.600000 4.186124e+08 4.972419e+08 9.316195e+14 1.101817e+15 1.870407e+11 1.835049e-14
21.700000 4.184301e+08 4.970205e+08 9.352363e+14 1.106113e+15 1.848026e+11 1.817811e-14
21.800000 4.182482e+08 4.967995e+08 9.388515e+14 1.110407e+15 1.826040e+11 1.800749e-14
21.900000 4.180743e+08 4.965874e+08 9.424652e+14 1.114699e+15 1.804093e+11 1.783897e-14
22.000000 4.179055e+08 4.963808e+08 9.460773e+14 1.118990e+15 1.782320e+11 1.767175e-14
22.100000 4.177313e+08 4.961684e+08 9.496880e+14 1.123279e+15 1.761181e+11 1.750680e-14
22.200000 4.175434e+08 4.959412e+08 9.532972e+14 1.127565e+15 1.741024e+11 1.734468e-14
22.300000 4.173563e+08 4.957152e+08 9.569048e+14 1.131850e+15 1.721187e+11 1.718493e-14
22.400000 4.171932e+08 4.955150e+08 9.605108e+14 1.136133e+15 1.700683e+11 1.702759e-14
22.500000 4.170393e+08 4.953247e+08 9.641153e+14 1.140415e+15 1.680158e+11 1.687291e-14
22.600000 4.168729e+08 4.951211e+08 9.677185e+14 1.144694e+15 1.660520e+11 1.672025e-14
22.700000 4.166873e+08 4.948969e+08 9.713203e+14 1.148972e+15 1.642025e+11 1.656686e-14
22.800000 4.165026e+08 4.946738e+08 9.749205e+14 1.153248e+15 1.623818e+11 1.641509e-14
22.900000 4.163542e+08 4.944897e+08 9.785191e+14 1.157522e+15 1.604456e+11 1.626563e-14
23.000000 4.162139e+08 4.943144e+08 9.821164e+14 1.161794e+15 1.585107e+11 1.611862e-14
23.100000 4.160579e+08 4.941224e+08 9.857125e+14 1.166065e+15 1.566720e+11 1.597353e-14
23.200000 4.158853e+08 4.939126e+08 9.893072e+14 1.170334e+15 1.549308e+11 1.582976e-14
23.300000 4.157136e+08 4.937038e+08 9.929005e+14 1.174602e+15 1.532163e+11 1.568774e-14
23.400000 4.155513e+08 4.935052e+08 9.964922e+14 1.178867e+15 1.514949e+11 1.554844e-14
23.500000 4.153905e+08 4.933084e+08 1.000083e+15 1.183131e+15 1.497968e+11 1.541292e-14
23.600000 4.152315e+08 4.931135e+08 1.003672e+15 1.187393e+15 1.481209e+11 1.527911e-14
23.700000 4.150753e+08 4.929217e+08 1.007259e+15 1.191654e+15 1.464631e+11 1.514108e-14
23.800000 4.149199e+08 4.927307e+08 1.010845e+15 1.195913e+15 1.448307e+11 1.500140e-14
23.900000 4.147682e+08 4.925439e+08 1.014430e+15 1.200170e+15 1.432117e+11 1.486349e-14
24.000000 4.146183e+08 4.923591e+08 1.018014e+15 1.204426e+15 1.416135e+11 1.472702e-14
24.100000 4.144697e+08 4.921757e+08 1.021596e+15 1.208680e+15 1.400374e+11 1.459232e-14
24.200000 4.143252e+08 4.919968e+08 1.025177e+15 1.212932e+15 1.384730e+11 1.446723e-14
24.300000 4.141812e+08 4.918186e+08 1.028757e+15 1.217183e+15 1.369324e+11 1.434870e-14
24.400000 4.140251e+08 4.916274e+08 1.032336e+15 1.221432e+15 1.354604e+11 1.423160e-14
24.500000 4.138602e+08 4.914269e+08 1.035913e+15 1.225680e+15 1.340434e+11 1.410204e-14
24.600000 4.136960e+08 4.912273e+08 1.039488e+15 1.229926e+15 1.326470e+11 1.397103e-14
24.700000 4.135549e+08 4.910524e+08 1.043063e+15 1.234170e+15 1.311943e+11 1.384440e-14
24.800000 4.134219e+08 4.908862e+08 1.046636e+15 1.238413e+15 1.297376e+11 1.372564e-14
24.900000 4.132861e+08 4.907172e+08 1.050208e+15 1.242654e+15 1.283139e+11 1.360833e-14
25.000000 4.131330e+08 4.905298e+08 1.053779e+15 1.246894e+15 1.269711e+11 1.349412e-14
25.100000 4.129806e+08 4.903433e+08 1.057348e+15 1.251132e+15 1.256477e+11 1.338295e-14
25.200000 4.128385e+08 4.901676e+08 1.060916e+15 1.255368e+15 1.243120e+11 1.327311e-14
25.300000 4.127169e+08 4.900140e+08 1.064483e+15 1.259603e+15 1.229308e+11 1.316206e-14
25.400000 4.125958e+08 4.898610e+08 1.068049e+15 1.263837e+15 1.215702e+11 1.305126e-14
25.500000 4.124596e+08 4.896920e+08 1.071614e+15 1.268070e+15 1.202794e+11 1.294178e-14
25.600000 4.123182e+08 4.895175e+08 1.075178e+15 1.272301e+15 1.190257e+11 1.283037e-14
25.700000 4.121774e+08 4.893438e+08 1.078740e+15 1.276530e+15 1.177899e+11 1.271992e-14
25.800000 4.120400e+08 4.891737e+08 1.082301e+15 1.280758e+15 1.165630e+11 1.261113e-14
25.900000 4.119035e+08 4.890047e+08 1.085861e+15 1.284984e+15 1.153525e+11 1.250691e-14
26.000000 4.117677e+08 4.888366e+08 1.089420e+15 1.289209e+15 1.141585e+11 1.240392e-14
26.100000 4.116367e+08 4.886736e+08 1.092978e+15 1.293433e+15 1.129688e+11 1.230022e-14
26.200000 4.115063e+08 4.885112e+08 1.096534e+15 1.297655e+15 1.117959e+11 1.219272e-14
26.300000 4.113772e+08 4.883505e+08 1.100090e+15 1.301876e+15 1.106369e+11 1.208653e-14
26.400000 4.112521e+08 4.881940e+08 1.103644e+15 1.306095e+15 1.094843e+11 1.198334e-14
26.500000 4.111274e+08 4.880380e+08 1.107197e+15 1.310313e+15 1.083479e+11 1.188334e-14
26.600000 4.110042e+08 4.878838e+08 1.110749e+15 1.314530e+15 1.072247e+11 1.178452e-14
26.700000 4.108833e+08 4.877319e+08 1.114300e+15 1.318745e+15 1.061124e+11 1.168476e-14
26.800000 4.107627e+08 4.875806e+08 1.117850e+15 1.322959e+15 1.050157e+11 1.158506e-14
26.900000 4.106448e+08 4.874320e+08 1.121399e+15 1.327172e+15 1.039285e+11 1.148656e-14
27.000000 4.105292e+08 4.872861e+08 1.124947e+15 1.331383e+15 1.028512e+11 1.139402e-14
27.100000 4.104140e+08 4.871407e+08 1.128494e+15 1.335593e+15 1.017889e+11 1.130352e-14
27.200000 4.102873e+08 4.869832e+08 1.132040e+15 1.339802e+15 1.007743e+11 1.121404e-14
27.300000 4.101551e+08 4.868199e+08 1.135585e+15 1.344010e+15 9.978995e+10 1.111934e-14
27.400000 4.100234e+08 4.866573e+08 1.139129e+15 1.348216e+15 9.881873e+10 1.102345e-14
27.500000 4.099070e+08 4.865109e+08 1.142672e+15 1.352421e+15 9.782104e+10 1.092873e-14
27.600000 4.098017e+08 4.863764e+08 1.146213e+15 1.356624e+15 9.680829e+10 1.084314e-14
27.700000 4.096968e+08 4.862423e+08 1.149754e+15 1.360826e+15 9.580959e+10 1.075933e-14
27.800000 4.095803e+08 4.860961e+08 1.153294e+15 1.365028e+15 9.485614e+10 1.067643e-14
27.900000 4.094596e+08 4.859455e+08 1.156832e+15 1.369227e+15 9.392758e+10 1.058547e-14
28.000000 4.093394e+08 4.857954e+08 1.160370e+15 1.373426e+15 9.301137e+10 1.049338e-14
28.100000 4.092208e+08 4.856473e+08 1.163907e+15 1.377623e+15 9.210424e+10 1.040238e-14
28.200000 4.091034e+08 4.855004e+08 1.167443e+15 1.381819e+15 9.120728e+10 1.032085e-14
28.300000 4.089865e+08 4.853541e+08 1.170977e+15 1.386014e+15 9.032218e+10 1.024045e-14
28.400000 4.088725e+08 4.852110e+08 1.174511e+15 1.390207e+15 8.944242e+10 1.016094e-14
28.500000 4.087612e+08 4.850708e+08 1.178043e+15 1.394400e+15 8.856866e+10 1.008025e-14
28.600000 4.086504e+08 4.849311e+08 1.181575e+15 1.398591e+15 8.770642e+10 1.000014e-14
28.700000 4.085413e+08 4.847934e+08 1.185106e+15 1.402780e+15 8.685225e+10 9.920923e-15
28.800000 4.084344e+08 4.846580e+08 1.188636e+15 1.406969e+15 8.600493e+10 9.842017e-15
28.900000 4.083279e+08 4.845232e+08 1.192165e+15 1.411157e+15 8.516873e+10 9.763799e-15
29.000000 4.082227e+08 4.843898e+08 1.195693e+15 1.415343e+15 8.434120e+10 9.686452e-15
29.100000 4.081199e+08 4.842591e+08 1.199220e+15 1.419528e+15 8.351971e+10 9.609320e-15
29.200000 4.080176e+08 4.841288e+08 1.202746e+15 1.423712e+15 8.270897e+10 9.532671e-15
29.300000 4.079162e+08 4.839997e+08 1.206271e+15 1.427895e+15 8.190739e+10 9.456874e-15
29.400000 4.078173e+08 4.838733e+08 1.209795e+15 1.432077e+15 8.111117e+10 9.381425e-15
29.500000 4.077188e+08 4.837473e+08 1.213319e+15 1.436257e+15 8.032532e+10 9.306342e-15
29.600000 4.076213e+08 4.836225e+08 1.216842e+15 1.440437e+15 7.954823e+10 9.232094e-15
29.700000 4.075295e+08 4.835038e+08 1.220363e+15 1.444615e+15 7.876906e+10 9.160690e-15
29.800000 4.074380e+08 4.833854e+08 1.223885e+15 1.448793e+15 7.800006e+10 9.093231e-15
29.900000 4.073469e+08 4.832675e+08 1.227405e+15 1.452969e+15 7.724106e+10 9.026476e-15
30.000000 4.072387e+08 4.831317e+08 1.230924e+15 1.457145e+15 7.652999e+10 8.960414e-15
30.100000 4.071307e+08 4.829963e+08 1.234443e+15 1.461319e+15 7.582807e+10 8.888385e-15
30.200000 4.070231e+08 4.828614e+08 1.237960e+15 1.465492e+15 7.513486e+10 8.817011e-15
30.300000 4.069303e+08 4.827419e+08 1.241477e+15 1.469664e+15 7.441958e+10 8.746429e-15
30.400000 4.068458e+08 4.826314e+08 1.244993e+15 1.473835e+15 7.369624e+10 8.680658e-15
30.500000 4.067615e+08 4.825211e+08 1.248508e+15 1.478005e+15 7.298223e+10 8.616276e-15
30.600000 4.066701e+08 4.824034e+08 1.252023e+15 1.482174e+15 7.229312e+10 8.552563e-15
30.700000 4.065720e+08 4.822791e+08 1.255536e+15 1.486342e+15 7.162645e+10 8.486672e-15
30.800000 4.064743e+08 4.821558e+08 1.259049e+15 1.490509e+15 7.096704e+10 8.417866e-15
30.900000 4.063775e+08 4.820336e+08 1.262561e+15 1.494674e+15 7.031453e+10 8.349823e-15
31.000000 4.062843e+08 4.819151e+08 1.266072e+15 1.498839e+15 6.966358e+10 8.283938e-15
31.100000 4.061913e+08 4.817970e+08 1.269582e+15 1.503003e+15 6.902072e+10 8.221939e-15
31.200000 4.060987e+08 4.816793e+08 1.273092e+15 1.507166e+15 6.838582e+10 8.160587e-15
31.300000 4.060080e+08 4.815637e+08 1.276600e+15 1.511327e+15 6.775562e+10 8.099874e-15
31.400000 4.059180e+08 4.814488e+08 1.280108e+15 1.515488e+15 6.713242e+10 8.039207e-15
31.500000 4.058282e+08 4.813343e+08 1.283616e+15 1.519648e+15 6.651690e+10 7.979098e-15
31.600000 4.057411e+08 4.812227e+08 1.287122e+15 1.523807e+15 6.590443e+10 7.919613e-15
31.700000 4.056573e+08 4.811145e+08 1.290627e+15 1.527964e+15 6.529367e+10 7.860324e-15
31.800000 4.055738e+08 4.810067e+08 1.294132e+15 1.532121e+15 6.469046e+10 7.801169e-15
31.900000 4.054906e+08 4.808993e+08 1.297637e+15 1.536277e+15 6.409445e+10 7.742629e-15
32.000000 4.054093e+08 4.807939e+08 1.301140e+15 1.540432e+15 6.350277e+10 7.684662e-15
32.100000 4.053282e+08 4.806889e+08 1.304643e+15 1.544586e+15 6.291836e+10 7.626465e-15
32.200000 4.052474e+08 4.805842e+08 1.308145e+15 1.548739e+15 6.234109e+10 7.568874e-15
32.300000 4.051582e+08 4.804706e+08 1.311646e+15 1.552891e+15 6.178694e+10 7.511882e-15
32.400000 4.050654e+08 4.803535e+08 1.315147e+15 1.557043e+15 6.124632e+10 7.455157e-15
32.500000 4.049730e+08 4.802368e+08 1.318646e+15 1.561193e+15 6.071207e+10 7.398818e-15
32.600000 4.048824e+08 4.801221e+08 1.322145e+15 1.565342e+15 6.018128e+10 7.343066e-15
32.700000 4.048095e+08 4.800259e+08 1.325644e+15 1.569490e+15 5.962568e+10 7.287749e-15
32.800000 4.047367e+08 4.799299e+08 1.329141e+15 1.573638e+15 5.907685e+10 7.232375e-15
32.900000 4.046642e+08 4.798343e+08 1.332638e+15 1.577784e+15 5.853470e+10 7.177575e-15
33.000000 4.045830e+08 4.797295e+08 1.336134e+15 1.581930e+15 5.801484e+10 7.123342e-15
33.100000 4.044982e+08 4.796212e+08 1.339630e+15 1.586075e+15 5.750759e+10 7.072241e-15
33.200000 4.044138e+08 4.795133e+08 1.343125e+15 1.590219e+15 5.700628e+10 7.022487e-15
33.300000 4.043314e+08 4.794075e+08 1.346619e+15 1.594362e+15 5.650771e+10 6.973222e-15
33.400000 4.042681e+08 4.793217e+08 1.350112e+15 1.598504e+15 5.598305e+10 6.924285e-15
33.500000 4.042049e+08 4.792362e+08 1.353605e+15 1.602645e+15 5.546476e+10 6.871254e-15
33.600000 4.041419e+08 4.791508e+08 1.357098e+15 1.606786e+15 5.495276e+10 6.818772e-15
33.700000 4.040686e+08 4.790548e+08 1.360589e+15 1.610926e+15 5.446440e+10 6.766833e-15
33.800000 4.039911e+08 4.789545e+08 1.364081e+15 1.615065e+15 5.398895e+10 6.717242e-15
33.900000 4.039139e+08 4.788545e+08 1.367571e+15 1.619203e+15 5.351901e+10 6.669366e-15
34.000000 4.038373e+08 4.787552e+08 1.371061e+15 1.623340e+15 5.305391e+10 6.621961e-15
34.100000 4.037651e+08 4.786606e+08 1.374550e+15 1.627477e+15 5.258748e+10 6.575021e-15
34.200000 4.036931e+08 4.785662e+08 1.378038e+15 1.631612e+15 5.212647e+10 6.528243e-15
34.300000 4.036214e+08 4.784721e+08 1.381526e+15 1.635747e+15 5.167080e+10 6.481878e-15
34.400000 4.035447e+08 4.783730e+08 1.385014e+15 1.639881e+15 5.122849e+10 6.435966e-15
34.500000 4.034622e+08 4.782678e+08 1.388500e+15 1.644014e+15 5.080078e+10 6.390382e-15
34.600000 4.033799e+08 4.781629e+08 1.391986e+15 1.648147e+15 5.037786e+10 6.344529e-15
34.700000 4.032979e+08 4.780584e+08 1.395471e+15 1.652278e+15 4.995965e+10 6.299127e-15
34.800000 4.032255e+08 4.779639e+08 1.398956e+15 1.656408e+15 4.953175e+10 6.254171e-15
34.900000 4.031599e+08 4.778766e+08 1.402440e+15 1.660538e+15 4.909856e+10 6.209431e-15
35.000000 4.030945e+08 4.777895e+08 1.405923e+15 1.664667e+15 4.867035e+10 6.164813e-15
35.100000 4.030293e+08 4.777027e+08 1.409406e+15 1.668795e+15 4.824706e+10 6.120632e-15
35.200000 4.029684e+08 4.776204e+08 1.412888e+15 1.672922e+15 4.782256e+10 6.076882e-15
35.300000 4.029078e+08 4.775385e+08 1.416370e+15 1.677049e+15 4.740264e+10 6.033218e-15
35.400000 4.028473e+08 4.774568e+08 1.419851e+15 1.681175e+15 4.698755e+10 5.989821e-15
35.500000 4.027834e+08 4.773716e+08 1.423331e+15 1.685300e+15 4.658256e+10 5.946848e-15
35.600000 4.027118e+08 4.772784e+08 1.426811e+15 1.689425e+15 4.619364e+10 5.904294e-15
35.700000 4.026404e+08 4.771854e+08 1.430291e+15 1.693548e+15 4.580902e+10 5.861720e-15
35.800000 4.025692e+08 4.770928e+08 1.433770e+15 1.697671e+15 4.542865e+10 5.819538e-15
35.900000 4.024999e+08 4.770022e+08 1.437248e+15 1.701793e+15 4.505002e+10 5.777767e-15
36.000000 4.024331e+08 4.769142e+08 1.440725e+15 1.705915e+15 4.467242e+10 5.736201e-15
36.100000 4.023664e+08 4.768264e+08 1.444202e+15 1.710035e+15 4.429900e+10 5.694276e-15
36.200000 4.023000e+08 4.767386e+08 1.447679e+15 1.714155e+15 4.393008e+10 5.652764e-15
36.300000 4.022348e+08 4.766520e+08 1.451155e+15 1.718274e+15 4.356385e+10 5.611659e-15
36.400000 4.021705e+08 4.765665e+08 1.454630e+15 1.722392e+15 4.320053e+10 5.572249e-15
36.500000 4.021064e+08 4.764813e+08 1.458105e+15 1.726510e+15 4.284120e+10 5.534664e-15
36.600000 4.020425e+08 4.763963e+08 1.461579e+15 1.730627e+15 4.248581e+10 5.497428e-15
36.700000 4.019813e+08 4.763141e+08 1.465053e+15 1.734743e+15 4.213093e+10 5.460535e-15
36.800000 4.019215e+08 4.762335e+08 1.468526e+15 1.738858e+15 4.177827e+10 5.422469e-15
36.900000 4.018618e+08 4.761531e+08 1.471998e+15 1.742973e+15 4.142947e+10 5.382848e-15
37.000000 4.018023e+08 4.760730e+08 1.475471e+15 1.747087e+15 4.108449e+10 5.343615e-15
37.100000 4.017441e+08 4.759942e+08 1.478942e+15 1.751200e+15 4.074176e+10 5.304765e-15
37.200000 4.016865e+08 4.759160e+08 1.482413e+15 1.755312e+15 4.040235e+10 5.267797e-15
37.300000 4.016289e+08 4.758381e+08 1.485884e+15 1.759424e+15 4.006663e+10 5.231832e-15
37.400000 4.015715e+08 4.757603e+08 1.489354e+15 1.763536e+15 3.973456e+10 5.196200e-15
37.500000 4.015194e+08 4.756881e+08 1.492823e+15 1.767646e+15 3.939954e+10 5.160899e-15
37.600000 4.014681e+08 4.756167e+08 1.496293e+15 1.771756e+15 3.906737e+10 5.125551e-15
37.700000 4.014169e+08 4.755455e+08 1.499761e+15 1.775865e+15 3.873884e+10 5.090342e-15
37.800000 4.013658e+08 4.754745e+08 1.503229e+15 1.779974e+15 3.841390e+10 5.055460e-15
37.900000 4.013021e+08 4.753905e+08 1.506697e+15 1.784082e+15 3.810840e+10 5.020901e-15
38.000000 4.012384e+08 4.753066e+08 1.510164e+15 1.788190e+15 3.780621e+10 4.986486e-15
38.100000 4.011750e+08 4.752230e+08 1.513631e+15 1.792296e+15 3.750717e+10 4.952285e-15
38.200000 4.011117e+08 4.751396e+08 1.517097e+15 1.796402e+15 3.721126e+10 4.918401e-15
38.300000 4.010634e+08 4.750718e+08 1.520563e+15 1.800507e+15 3.690047e+10 4.884831e-15
38.400000 4.010177e+08 4.750067e+08 1.524028e+15 1.804612e+15 3.659001e+10 4.851130e-15
38.500000 4.009722e+08 4.749419e+08 1.527493e+15 1.808716e+15 3.628293e+10 4.817432e-15
38.600000 4.009267e+08 4.748771e+08 1.530957e+15 1.812820e+15 3.597918e+10 4.784047e-15
38.700000 4.008709e+08 4.748017e+08 1.534421e+15 1.816923e+15 3.569108e+10 4.750973e-15
38.800000 4.008147e+08 4.747261e+08 1.537885e+15 1.821025e+15 3.540656e+10 4.718078e-15
38.900000 4.007587e+08 4.746506e+08 1.541348e+15 1.825126e+15 3.512502e+10 4.685384e-15
39.000000 4.007029e+08 4.745753e+08 1.544810e+15 1.829227e+15 3.484640e+10 4.652993e-15
39.100000 4.006515e+08 4.745047e+08 1.548273e+15 1.833328e+15 3.456570e+10 4.620903e-15
39.200000 4.006012e+08 4.744354e+08 1.551734e+15 1.837427e+15 3.428681e+10 4.589953e-15
39.300000 4.005510e+08 4.743662e+08 1.555195e+15 1.841527e+15 3.401084e+10 4.560117e-15
39.400000 4.005010e+08 4.742972e+08 1.558656e+15 1.845625e+15 3.373776e+10 4.530545e-15
39.500000 4.004516e+08 4.742288e+08 1.562116e+15 1.849723e+15 3.346705e+10 4.501232e-15
39.600000 4.004024e+08 4.741608e+08 1.565576e+15 1.853820e+15 3.319893e+10 4.471762e-15
39.700000 4.003534e+08 4.740930e+08 1.569036e+15 1.857917e+15 3.293361e+10 4.440487e-15
39.800000 4.003045e+08 4.740253e+08 1.572495e+15 1.862013e+15 3.267104e+10 4.409503e-15
39.900000 4.002518e+08 4.739538e+08 1.575953e+15 1.866109e+15 3.241553e+10 4.378807e-15
40.000000 4.001954e+08 4.738785e+08 1.579412e+15 1.870204e+15 3.216669e+10 4.348590e-15
40.100000 4.001392e+08 4.738035e+08 1.582869e+15 1.874298e+15 3.192036e+10 4.320085e-15
40.200000 4.000831e+08 4.737287e+08 1.586327e+15 1.878392e+15 3.167651e+10 4.291833e-15
40.300000 4.000288e+08 4.736557e+08 1.589783e+15 1.882485e+15 3.143344e+10 4.263831e-15
40.400000 3.999861e+08 4.735948e+08 1.593240e+15 1.886577e+15 3.118060e+10 4.236075e-15
40.500000 3.999435e+08 4.735340e+08 1.596695e+15 1.890669e+15 3.093038e+10 4.206545e-15
40.600000 3.999010e+08 4.734734e+08 1.600151e+15 1.894760e+15 3.068275e+10 4.176723e-15
40.700000 3.998586e+08 4.734130e+08 1.603606e+15 1.898851e+15 3.043768e+10 4.147179e-15
40.800000 3.998087e+08 4.733448e+08 1.607061e+15 1.902941e+15 3.020301e+10 4.117910e-15
40.900000 3.997586e+08 4.732765e+08 1.610515e+15 1.907031e+15 2.997098e+10 4.090241e-15
41.000000 3.997087e+08 4.732084e+08 1.613969e+15 1.911120e+15 2.974128e+10 4.063311e-15
41.100000 3.996588e+08 4.731405e+08 1.617423e+15 1.915209e+15 2.951388e+10 4.036619e-15
41.200000 3.996119e+08 4.730756e+08 1.620876e+15 1.919297e+15 2.928598e+10 4.010163e-15
41.300000 3.995672e+08 4.730130e+08 1.624328e+15 1.923384e+15 2.905822e+10 3.983728e-15
41.400000 3.995226e+08 4.729506e+08 1.627781e+15 1.927471e+15 2.883275e+10 3.957194e-15
41.500000 3.994781e+08 4.728884e+08 1.631232e+15 1.931557e+15 2.860956e+10 3.930895e-15
41.600000 3.994353e+08 4.728280e+08 1.634684e+15 1.935643e+15 2.838701e+10 3.904829e-15
41.700000 3.994012e+08 4.727766e+08 1.638135e+15 1.939728e+15 2.815829e+10 3.879045e-15
41.800000 3.993672e+08 4.727253e+08 1.641586e+15 1.943813e+15 2.793192e+10 3.854747e-15
41.900000 3.993333e+08 4.726742e+08 1.645036e+15 1.947897e+15 2.770788e+10 3.830655e-15
42.000000 3.992994e+08 4.726231e+08 1.648487e+15 1.951981e+15 2.748615e+10 3.806765e-15
42.100000 3.992506e+08 4.725566e+08 1.651937e+15 1.956065e+15 2.728103e+10 3.783075e-15
42.200000 3.992020e+08 4.724902e+08 1.655386e+15 1.960148e+15 2.707798e+10 3.758846e-15
42.300000 3.991534e+08 4.724240e+08 1.658835e+15 1.964230e+15 2.687691e+10 3.733736e-15
42.400000 3.991050e+08 4.723580e+08 1.662284e+15 1.968312e+15 2.667778e+10 3.708848e-15
42.500000 3.990597e+08 4.722951e+08 1.665732e+15 1.972393e+15 2.647780e+10 3.684179e-15
42.600000 3.990202e+08 4.722384e+08 1.669180e+15 1.976473e+15 2.627446e+10 3.659703e-15
42.700000 3.989808e+08 4.721818e+08 1.672628e+15 1.980554e+15 2.607312e+10 3.634991e-15
42.800000 3.989415e+08 4.721254e+08 1.676075e+15 1.984633e+15 2.587377e+10 3.610499e-15
42.900000 3.989023e+08 4.720690e+08 1.679522e+15 1.988712e+15 2.567639e+10 3.586223e-15
43.000000 3.988674e+08 4.720172e+08 1.682968e+15 1.992791e+15 2.547715e+10 3.562163e-15
43.100000 3.988328e+08 4.719658e+08 1.686414e+15 1.996869e+15 2.527961e+10 3.539200e-15
43.200000 3.987984e+08 4.719145e+08 1.689860e+15 2.000947e+15 2.508403e+10 3.516809e-15
43.300000 3.987640e+08 4.718633e+08 1.693306e+15 2.005024e+15 2.489038e+10 3.494607e-15
43.400000 3.987258e+08 4.718083e+08 1.696751e+15 2.009101e+15 2.470205e+10 3.472592e-15
43.500000 3.986840e+08 4.717497e+08 1.700196e+15 2.013178e+15 2.451872e+10 3.450737e-15
43.600000 3.986424e+08 4.716912e+08 1.703641e+15 2.017254e+15 2.433715e+10 3.428669e-15
43.700000 3.986009e+08 4.716329e+08 1.707085e+15 2.021329e+15 2.415732e+10 3.406788e-15
43.800000 3.985594e+08 4.715747e+08 1.710529e+15 2.025404e+15 2.397921e+10 3.385093e-15
43.900000 3.985217e+08 4.715205e+08 1.713973e+15 2.029478e+15 2.379964e+10 3.363581e-15
44.000000 3.984848e+08 4.714670e+08 1.717416e+15 2.033552e+15 2.362125e+10 3.342173e-15
44.100000 3.984479e+08 4.714137e+08 1.720859e+15 2.037626e+15 2.344459e+10 3.320835e-15
44.200000 3.984111e+08 4.713605e+08 1.724301e+15 2.041699e+15 2.326963e+10 3.299678e-15
44.300000 3.983747e+08 4.713077e+08 1.727744e+15 2.045771e+15 2.309610e+10 3.278699e-15
44.400000 3.983396e+08 4.712564e+08 1.731186e+15 2.049844e+15 2.292318e+10 3.257897e-15
44.500000 3.983046e+08 4.712051e+08 1.734627e+15 2.053915e+15 2.275192e+10 3.236978e-15
44.600000 3.982697e+08 4.711540e+08 1.738069e+15 2.057986e+15 2.258230e+10 3.216146e-15
44.700000 3.982348e+08 4.711031e+08 1.741510e+15 2.062057e+15 2.241431e+10 3.195490e-15
44.800000 3.982008e+08 4.710529e+08 1.744950e+15 2.066127e+15 2.224734e+10 3.175010e-15
44.900000 3.981674e+08 4.710036e+08 1.748391e+15 2.070197e+15 2.208145e+10 3.154685e-15
45.000000 3.981341e+08 4.709543e+08 1.751831e+15 2.074267e+15 2.191714e+10 3.134401e-15
45.100000 3.981009e+08 4.709052e+08 1.755271e+15 2.078336e+15 2.175440e+10 3.114288e-15
45.200000 3.980677e+08 4.708562e+08 1.758710e+15 2.082405e+15 2.159320e+10 3.094345e-15
45.300000 3.980381e+08 4.708108e+08 1.762150e+15 2.086473e+15 2.143078e+10 3.074570e-15
45.400000 3.980091e+08 4.707663e+08 1.765589e+15 2.090541e+15 2.126943e+10 3.054701e-15
45.500000 3.979803e+08 4.707218e+08 1.769028e+15 2.094608e+15 2.110964e+10 3.034699e-15
45.600000 3.979514e+08 4.706774e+08 1.772466e+15 2.098675e+15 2.095137e+10 3.014867e-15
45.700000 3.979213e+08 4.706317e+08 1.775904e+15 2.102742e+15 2.079563e+10 2.995205e-15
45.800000 3.978854e+08 4.705802e+08 1.779342e+15 2.106808e+15 2.064582e+10 2.975710e-15
45.900000 3.978496e+08 4.705287e+08 1.782780e+15 2.110874e+15 2.049741e+10 2.957369e-15
46.000000 3.978138e+08 4.704774e+08 1.786218e+15 2.114939e+15 2.035037e+10 2.939410e-15
46.100000 3.977781e+08 4.704263e+08 1.789655e+15 2.119004e+15 2.020468e+10 2.921596e-15
46.200000 3.977449e+08 4.703776e+08 1.793092e+15 2.123068e+15 2.005856e+10 2.903925e-15
46.300000 3.977184e+08 4.703360e+08 1.796528e+15 2.127133e+15 1.990885e+10 2.886396e-15
46.400000 3.976920e+08 4.702944e+08 1.799964e+15 2.131196e+15 1.976055e+10 2.867621e-15
46.500000 3.976656e+08 4.702529e+08 1.803400e+15 2.135260e+15 1.961366e+10 2.848785e-15
46.600000 3.976392e+08 4.702114e+08 1.806836e+15 2.139323e+15 1.946815e+10 2.830109e-15
46.700000 3.976103e+08 4.701674e+08 1.810272e+15 2.143385e+15 1.932591e+10 2.811593e-15
46.800000 3.975796e+08 4.701217e+08 1.813707e+15 2.147447e+15 1.918630e+10 2.793439e-15
46.900000 3.975490e+08 4.700760e+08 1.817142e+15 2.151509e+15 1.904799e+10 2.776223e-15
47.000000 3.975184e+08 4.700304e+08 1.820577e+15 2.155571e+15 1.891095e+10 2.759147e-15
47.100000 3.974879e+08 4.699849e+08 1.824012e+15 2.159632e+15 1.877516e+10 2.742209e-15
47.200000 3.974599e+08 4.699421e+08 1.827446e+15 2.163692e+15 1.863889e+10 2.725408e-15
47.300000 3.974331e+08 4.699006e+08 1.830880e+15 2.167753e+15 1.850301e+10 2.708621e-15
47.400000 3.974065e+08 4.698592e+08 1.834314e+15 2.171813e+15 1.836838e+10 2.691620e-15
47.500000 3.973799e+08 4.698179e+08 1.837747e+15 2.175872e+15 1.823499e+10 2.674759e-15
47.600000 3.973533e+08 4.697767e+08 1.841181e+15 2.179932e+15 1.810284e+10 2.658036e-15
47.700000 3.973271e+08 4.697360e+08 1.844614e+15 2.183990e+15 1.797166e+10 2.641449e-15
47.800000 3.973011e+08 4.696954e+08 1.848047e+15 2.188049e+15 1.784159e+10 2.624981e-15
47.900000 3.972752e+08 4.696550e+08 1.851479e+15 2.192107e+15 1.771271e+10 2.608608e-15
48.000000 3.972493e+08 4.696146e+08 1.854912e+15 2.196165e+15 1.758502e+10 2.592368e-15
48.100000 3.972234e+08 4.695743e+08 1.858344e+15 2.200222e+15 1.745850e+10 2.576261e-15
48.200000 3.971944e+08 4.695309e+08 1.861776e+15 2.204280e+15 1.733525e+10 2.560284e-15
48.300000 3.971647e+08 4.694868e+08 1.865208e+15 2.208336e+15 1.721361e+10 2.544666e-15
48.400000 3.971351e+08 4.694428e+08 1.868639e+15 2.212393e+15 1.709306e+10 2.529591e-15
48.500000 3.971055e+08 4.693988e+08 1.872071e+15 2.216449e+15 1.697360e+10 2.514634e-15
48.600000 3.970760e+08 4.693549e+08 1.875502e+15 2.220504e+15 1.685521e+10 2.499794e-15
48.700000 3.970513e+08 4.693160e+08 1.878932e+15 2.224559e+15 1.673480e+10 2.485070e-15
48.800000 3.970293e+08 4.692800e+08 1.882363e+15 2.228614e+15 1.661371e+10 2.470345e-15
48.900000 3.970074e+08 4.692441e+08 1.885793e+15 2.232669e+15 1.649372e+10 2.454776e-15
49.000000 3.969856e+08 4.692082e+08 1.889223e+15 2.236723e+15 1.637483e+10 2.439333e-15
49.100000 3.969637e+08 4.691724e+08 1.892653e+15 2.240777e+15 1.625702e+10 2.424016e-15
49.200000 3.969391e+08 4.691338e+08 1.896083e+15 2.244831e+15 1.614208e+10 2.408824e-15
49.300000 3.969132e+08 4.690940e+08 1.899513e+15 2.248884e+15 1.602895e+10 2.393850e-15
49.400000 3.968874e+08 4.690542e+08 1.902942e+15 2.252937e+15 1.591682e+10 2.379534e-15
49.500000 3.968616e+08 4.690146e+08 1.906371e+15 2.256990e+15 1.580569e+10 2.365331e-15
49.600000 3.968359e+08 4.689750e+08 1.909800e+15 2.261042e+15 1.569555e+10 2.351238e-15
49.700000 3.968118e+08 4.689372e+08 1.913229e+15 2.265094e+15 1.558538e+10 2.337255e-15
49.800000 3.967894e+08 4.689010e+08 1.916657e+15 2.269146e+15 1.547525e+10 2.323382e-15
49.900000 3.967669e+08 4.688649e+08 1.920085e+15 2.273197e+15 1.536611e+10 2.309272e-15
50.000000 3.967445e+08 4.688289e+08 1.923513e+15 2.277248e+15 1.525794e+10 2.295235e-15
50.100000 3.967221e+08 4.687929e+08 1.926941e+15 2.281299e+15 1.515074e+10 2.281310e-15
50.200000 3.967008e+08 4.687581e+08 1.930369e+15 2.285349e+15 1.504386e+10 2.267494e-15
50.300000 3.966817e+08 4.687255e+08 1.933797e+15 2.289399e+15 1.493668e+10 2.253787e-15
50.400000 3.966626e+08 4.686930e+08 1.937224e+15 2.293449e+15 1.483046e+10 2.239681e-15
50.500000 3.966435e+08 4.686605e+08 1.940651e+15 2.297498e+15 1.472520e+10 2.225417e-15
50.600000 3.966244e+08 4.686281e+08 1.944078e+15 2.301547e+15 1.462087e+10 2.211269e-15
50.700000 3.966043e+08 4.685947e+08 1.947505e+15 2.305596e+15 1.451808e+10 2.197236e-15
50.800000 3.965781e+08 4.685551e+08 1.950932e+15 2.309645e+15 1.441970e+10 2.183317e-15
50.900000 3.965520e+08 4.685157e+08 1.954358e+15 2.313693e+15 1.432217e+10 2.170279e-15
51.000000 3.965259e+08 4.684763e+08 1.957784e+15 2.317741e+15 1.422548e+10 2.157688e-15
51.100000 3.964999e+08 4.684370e+08 1.961210e+15 2.321789e+15 1.412962e+10 2.145192e-15
51.200000 3.964739e+08 4.683978e+08 1.964636e+15 2.325836e+15 1.403458e+10 2.132791e-15
51.300000 3.964547e+08 4.683655e+08 1.968061e+15 2.329883e+15 1.393659e+10 2.120484e-15
51.400000 3.964382e+08 4.683360e+08 1.971487e+15 2.333930e+15 1.383796e+10 2.108179e-15
51.500000 3.964218e+08 4.683066e+08 1.974912e+15 2.337976e+15 1.374020e+10 2.095425e-15
51.600000 3.964053e+08 4.682773e+08 1.978337e+15 2.342023e+15 1.364330e+10 2.082771e-15
51.700000 3.963889e+08 4.682480e+08 1.981762e+15 2.346068e+15 1.354727e+10 2.070215e-15
51.800000 3.963704e+08 4.682166e+08 1.985187e+15 2.350114e+15 1.345318e+10 2.057757e-15
51.900000 3.963502e+08 4.681835e+08 1.988611e+15 2.354160e+15 1.336092e+10 2.045396e-15
52.000000 3.963299e+08 4.681504e+08 1.992036e+15 2.358205e+15 1.326946e+10 2.032847e-15
52.100000 3.963097e+08 4.681174e+08 1.995460e+15 2.362249e+15 1.317879e+10 2.020362e-15
52.200000 3.962895e+08 4.680844e+08 1.998884e+15 2.366294e+15 1.308890e+10 2.007974e-15
52.300000 3.962696e+08 4.680518e+08 2.002308e+15 2.370338e+15 1.299967e+10 1.995684e-15
52.400000 3.962521e+08 4.680217e+08 2.005732e+15 2.374382e+15 1.290991e+10 1.983491e-15
52.500000 3.962347e+08 4.679916e+08 2.009156e+15 2.378426e+15 1.282092e+10 1.971719e-15
52.600000 3.962172e+08 4.679617e+08 2.012579e+15 2.382469e+15 1.273271e+10 1.960227e-15
52.700000 3.961998e+08 4.679317e+08 2.016002e+15 2.386513e+15 1.264526e+10 1.948821e-15
52.800000 3.961825e+08 4.679018e+08 2.019426e+15 2.390555e+15 1.255856e+10 1.937502e-15
52.900000 3.961650e+08 4.678719e+08 2.022849e+15 2.394598e+15 1.247264e+10 1.926268e-15
53.000000 3.961476e+08 4.678421e+08 2.026272e+15 2.398641e+15 1.238748e+10 1.915095e-15
53.100000 3.961302e+08 4.678123e+08 2.029694e+15 2.402683e+15 1.230305e+10 1.903739e-15
53.200000 3.961128e+08 4.677825e+08 2.033117e+15 2.406725e+15 1.221934e+10 1.892469e-15
53.300000 3.960954e+08 4.677528e+08 2.036539e+15 2.410766e+15 1.213634e+10 1.881286e-15
53.400000 3.960775e+08 4.677226e+08 2.039961e+15 2.414808e+15 1.205435e+10 1.870187e-15
53.500000 3.960572e+08 4.676900e+08 2.043384e+15 2.418849e+15 1.197421e+10 1.859173e-15
53.600000 3.960370e+08 4.676576e+08 2.046806e+15 2.422890e+15 1.189473e+10 1.848189e-15
53.700000 3.960169e+08 4.676251e+08 2.050227e+15 2.426930e+15 1.181593e+10 1.837240e-15
53.800000 3.959967e+08 4.675928e+08 2.053649e+15 2.430970e+15 1.173778e+10 1.826374e-15
53.900000 3.959766e+08 4.675605e+08 2.057070e+15 2.435010e+15 1.166029e+10 1.815591e-15
54.000000 3.959608e+08 4.675326e+08 2.060492e+15 2.439050e+15 1.158139e+10 1.804890e-15
54.100000 3.959490e+08 4.675089e+08 2.063913e+15 2.443090e+15 1.150119e+10 1.794270e-15
54.200000 3.959372e+08 4.674852e+08 2.067334e+15 2.447129e+15 1.142169e+10 1.783646e-15
54.300000 3.959255e+08 4.674615e+08 2.070755e+15 2.451168e+15 1.134287e+10 1.773101e-15
54.400000 3.959137e+08 4.674379e+08 2.074175e+15 2.455207e+15 1.126472e+10 1.762636e-15
54.500000 3.959017e+08 4.674141e+08 2.077596e+15 2.459246e+15 1.118737e+10 1.752249e-15
54.600000 3.958858e+08 4.673862e+08 2.081017e+15 2.463284e+15 1.111253e+10 1.741941e-15
54.700000 3.958698e+08 4.673585e+08 2.084437e+15 2.467322e+15 1.103833e+10 1.731604e-15
54.800000 3.958539e+08 4.673308e+08 2.087857e+15 2.471360e+15 1.096474e+10 1.721197e-15
54.900000 3.958380e+08 4.673031e+08 2.091278e+15 2.475398e+15 1.089177e+10 1.710869e-15
55.000000 3.958221e+08 4.672755e+08 2.094698e+15 2.479435e+15 1.081941e+10 1.700621e-15
55.100000 3.958070e+08 4.672487e+08 2.098117e+15 2.483473e+15 1.074731e+10 1.690452e-15
55.200000 3.957932e+08 4.672232e+08 2.101537e+15 2.487510e+15 1.067521e+10 1.680360e-15
55.300000 3.957794e+08 4.671978e+08 2.104957e+15 2.491547e+15 1.060373e+10 1.670719e-15
55.400000 3.957657e+08 4.671725e+08 2.108376e+15 2.495583e+15 1.053284e+10 1.661208e-15
55.500000 3.957519e+08 4.671471e+08 2.111796e+15 2.499619e+15 1.046254e+10 1.651767e-15
55.600000 3.957381e+08 4.671219e+08 2.115215e+15 2.503656e+15 1.039283e+10 1.642395e-15
55.700000 3.957257e+08 4.670979e+08 2.118634e+15 2.507692e+15 1.032313e+10 1.633092e-15
55.800000 3.957139e+08 4.670747e+08 2.122053e+15 2.511727e+15 1.025372e+10 1.623848e-15
55.900000 3.957021e+08 4.670515e+08 2.125472e+15 2.515763e+15 1.018490e+10 1.614146e-15
56.000000 3.956903e+08 4.670284e+08 2.128891e+15 2.519798e+15 1.011666e+10 1.604519e-15
56.100000 3.956785e+08 4.670053e+08 2.132310e+15 2.523833e+15 1.004898e+10 1.594964e-15
56.200000 3.956668e+08 4.669822e+08 2.135729e+15 2.527868e+15 9.981861e+09 1.585481e-15
56.300000 3.956515e+08 4.669556e+08 2.139147e+15 2.531903e+15 9.916824e+09 1.576071e-15
56.400000 3.956361e+08 4.669289e+08 2.142566e+15 2.535937e+15 9.852368e+09 1.566848e-15
56.500000 3.956207e+08 4.669022e+08 2.145984e+15 2.539972e+15 9.788438e+09 1.557832e-15
56.600000 3.956053e+08 4.668756e+08 2.149402e+15 2.544006e+15 9.725028e+09 1.548882e-15
56.700000 3.955900e+08 4.668490e+08 2.152820e+15 2.548040e+15 9.662133e+09 1.539998e-15
56.800000 3.955748e+08 4.668227e+08 2.156238e+15 2.552073e+15 9.599691e+09 1.531179e-15
56.900000 3.955670e+08 4.668039e+08 2.159656e+15 2.556106e+15 9.534656e+09 1.522425e-15
57.000000 3.955593e+08 4.667851e+08 2.163074e+15 2.560140e+15 9.470166e+09 1.513609e-15
57.100000 3.955515e+08 4.667664e+08 2.166491e+15 2.564173e+15 9.406216e+09 1.504776e-15
57.200000 3.955437e+08 4.667477e+08 2.169909e+15 2.568205e+15 9.342801e+09 1.496009e-15
57.300000 3.955359e+08 4.667290e+08 2.173326e+15 2.572238e+15 9.279914e+09 1.487307e-15
57.400000 3.955271e+08 4.667092e+08 2.176744e+15 2.576271e+15 9.217991e+09 1.478669e-15
57.500000 3.955159e+08 4.666871e+08 2.180161e+15 2.580303e+15 9.157527e+09 1.470095e-15
57.600000 3.955046e+08 4.666650e+08 2.183578e+15 2.584335e+15 9.097556e+09 1.461564e-15
57.700000 3.954934e+08 4.666430e+08 2.186995e+15 2.588367e+15 9.038075e+09 1.453089e-15
57.800000 3.954822e+08 4.666210e+08 2.190412e+15 2.592399e+15 8.979078e+09 1.444676e-15
57.900000 3.954711e+08 4.665990e+08 2.193829e+15 2.596431e+15 8.920560e+09 1.436326e-15
58.000000 3.954604e+08 4.665776e+08 2.197246e+15 2.600462e+15 8.862313e+09 1.428037e-15
58.100000 3.954506e+08 4.665571e+08 2.200663e+15 2.604493e+15 8.804181e+09 1.419808e-15
58.200000 3.954409e+08 4.665367e+08 2.204080e+15 2.608524e+15 8.746524e+09 1.411828e-15
58.300000 3.954311e+08 4.665163e+08 2.207496e+15 2.612555e+15 8.689335e+09 1.403925e-15
58.400000 3.954214e+08 4.664959e+08 2.210913e+15 2.616586e+15 8.632610e+09 1.396079e-15
58.500000 3.954116e+08 4.664756e+08 2.214329e+15 2.620616e+15 8.576346e+09 1.388289e-15
58.600000 3.954007e+08 4.664542e+08 2.217746e+15 2.624647e+15 8.520972e+09 1.380555e-15
58.700000 3.953882e+08 4.664311e+08 2.221162e+15 2.628677e+15 8.466671e+09 1.372875e-15
58.800000 3.953757e+08 4.664080e+08 2.224578e+15 2.632707e+15 8.412801e+09 1.364958e-15
58.900000 3.953632e+08 4.663850e+08 2.227994e+15 2.636737e+15 8.359360e+09 1.357005e-15
59.000000 3.953507e+08 4.663620e+08 2.231410e+15 2.640766e+15 8.306342e+09 1.349110e-15
59.100000 3.953382e+08 4.663391e+08 2.234826e+15 2.644796e+15 8.253743e+09 1.341273e-15
59.200000 3.953271e+08 4.663175e+08 2.238242e+15 2.648825e+15 8.201059e+09 1.333494e-15
59.300000 3.953212e+08 4.663013e+08 2.241657e+15 2.652854e+15 8.146859e+09 1.325772e-15
59.400000 3.953153e+08 4.662852e+08 2.245073e+15 2.656883e+15 8.093101e+09 1.318291e-15
59.500000 3.953094e+08 4.662690e+08 2.248488e+15 2.660911e+15 8.039780e+09 1.310885e-15
59.600000 3.953035e+08 4.662529e+08 2.251904e+15 2.664940e+15 7.986893e+09 1.303531e-15
59.700000 3.952976e+08 4.662367e+08 2.255319e+15 2.668968e+15 7.934435e+09 1.296230e-15
59.800000 3.952909e+08 4.662199e+08 2.258735e+15 2.672997e+15 7.882667e+09 1.288981e-15
59.900000 3.952820e+08 4.662008e+08 2.262150e+15 2.677025e+15 7.832120e+09 1.281783e-15
60.000000 3.952731e+08 4.661817e+08 2.265565e+15 2.681053e+15 7.781974e+09 1.274520e-15
60.100000 3.952642e+08 4.661627e+08 2.268980e+15 2.685081e+15 7.732227e+09 1.267271e-15
60.200000 3.952553e+08 4.661437e+08 2.272395e+15 2.689108e+15 7.682873e+09 1.260074e-15
60.300000 3.952464e+08 4.661247e+08 2.275810e+15 2.693136e+15 7.633911e+09 1.252928e-15
60.400000 3.952375e+08 4.661058e+08 2.279225e+15 2.697163e+15 7.585309e+09 1.245834e-15
60.500000 3.952305e+08 4.660887e+08 2.282640e+15 2.701190e+15 7.536473e+09 1.238791e-15
60.600000 3.952234e+08 4.660717e+08 2.286055e+15 2.705217e+15 7.488025e+09 1.231707e-15
60.700000 3.952163e+08 4.660547e+08 2.289470e+15 2.709244e+15 7.439962e+09 1.224615e-15
60.800000 3.952093e+08 4.660377e+08 2.292884e+15 2.713271e+15 7.392281e+09 1.217574e-15
60.900000 3.952022e+08 4.660207e+08 2.296299e+15 2.717297e+15 7.344977e+09 1.210584e-15
61.000000 3.951951e+08 4.660038e+08 2.299714e+15 2.721324e+15 7.298047e+09 1.203645e-15
61.100000 3.951895e+08 4.659883e+08 2.303128e+15 2.725350e+15 7.251000e+09 1.196756e-15
61.200000 3.951841e+08 4.659732e+08 2.306543e+15 2.729376e+15 7.204229e+09 1.190065e-15
61.300000 3.951787e+08 4.659581e+08 2.309957e+15 2.733402e+15 7.157830e+09 1.183602e-15
61.400000 3.951734e+08 4.659429e+08 2.313371e+15 2.737428e+15 7.111799e+09 1.177184e-15
61.500000 3.951680e+08 4.659279e+08 2.316786e+15 2.741454e+15 7.066133e+09 1.170809e-15
61.600000 3.951626e+08 4.659128e+08 2.320200e+15 2.745479e+15 7.020827e+09 1.164479e-15
61.700000 3.951557e+08 4.658962e+08 2.323614e+15 2.749505e+15 6.976375e+09 1.158192e-15
61.800000 3.951479e+08 4.658787e+08 2.327028e+15 2.753530e+15 6.932570e+09 1.151945e-15
61.900000 3.951400e+08 4.658612e+08 2.330442e+15 2.757555e+15 6.889104e+09 1.145321e-15
62.000000 3.951322e+08 4.658438e+08 2.333856e+15 2.761580e+15 6.845976e+09 1.138745e-15
62.100000 3.951244e+08 4.658264e+08 2.337270e+15 2.765605e+15 6.803182e+09 1.132216e-15
62.200000 3.951165e+08 4.658090e+08 2.340684e+15 2.769630e+15 6.760720e+09 1.125734e-15
62.300000 3.951097e+08 4.657926e+08 2.344098e+15 2.773655e+15 6.718271e+09 1.119299e-15
62.400000 3.951079e+08 4.657814e+08 2.347512e+15 2.777679e+15 6.674549e+09 1.112910e-15
62.500000 3.951061e+08 4.657702e+08 2.350925e+15 2.781703e+15 6.631172e+09 1.106712e-15
62.600000 3.951042e+08 4.657589e+08 2.354339e+15 2.785728e+15 6.588140e+09 1.100582e-15
62.700000 3.951023e+08 4.657477e+08 2.357753e+15 2.789752e+15 6.545450e+09 1.094494e-15
62.800000 3.951004e+08 4.657366e+08 2.361166e+15 2.793776e+15 6.503099e+09 1.088449e-15
62.900000 3.950985e+08 4.657254e+08 2.364580e+15 2.797800e+15 6.461083e+09 1.082446e-15
63.000000 3.950936e+08 4.657111e+08 2.367994e+15 2.801824e+15 6.420324e+09 1.076484e-15
63.100000 3.950885e+08 4.656968e+08 2.371407e+15 2.805847e+15 6.379930e+09 1.070517e-15
63.200000 3.950834e+08 4.656824e+08 2.374821e+15 2.809871e+15 6.339849e+09 1.064525e-15
63.300000 3.950783e+08 4.656681e+08 2.378234e+15 2.813895e+15 6.300079e+09 1.058575e-15
63.400000 3.950732e+08 4.656538e+08 2.381648e+15 2.817918e+15 6.260615e+09 1.052667e-15
63.500000 3.950681e+08 4.656395e+08 2.385061e+15 2.821941e+15 6.221456e+09 1.046800e-15
63.600000 3.950641e+08 4.656264e+08 2.388475e+15 2.825964e+15 6.182263e+09 1.040974e-15
63.700000 3.950612e+08 4.656144e+08 2.391888e+15 2.829987e+15 6.143025e+09 1.035189e-15
63.800000 3.950584e+08 4.656025e+08 2.395301e+15 2.834010e+15 6.104092e+09 1.029448e-15
63.900000 3.950555e+08 4.655905e+08 2.398715e+15 2.838033e+15 6.065461e+09 1.023747e-15
64.000000 3.950526e+08 4.655786e+08 2.402128e+15 2.842056e+15 6.027130e+09 1.018086e-15
64.100000 3.950497e+08 4.655667e+08 2.405541e+15 2.846078e+15 5.989096e+09 1.012465e-15
64.200000 3.950467e+08 4.655547e+08 2.408954e+15 2.850101e+15 5.951379e+09 1.006882e-15
64.300000 3.950407e+08 4.655397e+08 2.412368e+15 2.854123e+15 5.914820e+09 1.001338e-15
64.400000 3.950347e+08 4.655248e+08 2.415781e+15 2.858146e+15 5.878537e+09 9.958929e-16
64.500000 3.950287e+08 4.655098e+08 2.419194e+15 2.862168e+15 5.842528e+09 9.905408e-16
64.600000 3.950227e+08 4.654949e+08 2.422607e+15 2.866190e+15 5.806792e+09 9.852250e-16
64.700000 3.950167e+08 4.654800e+08 2.426020e+15 2.870212e+15 5.771326e+09 9.799452e-16
64.800000 3.950107e+08 4.654651e+08 2.429433e+15 2.874233e+15 5.736126e+09 9.747012e-16
64.900000 3.950053e+08 4.654508e+08 2.432846e+15 2.878255e+15 5.701013e+09 9.694926e-16
65.000000 3.950014e+08 4.654380e+08 2.436259e+15 2.882276e+15 5.665772e+09 9.643191e-16
65.100000 3.949974e+08 4.654253e+08 2.439671e+15 2.886298e+15 5.630799e+09 9.589264e-16
65.200000 3.949934e+08 4.654125e+08 2.443084e+15 2.890319e+15 5.596091e+09 9.535012e-16
65.300000 3.949894e+08 4.653997e+08 2.446497e+15 2.894340e+15 5.561645e+09 9.481143e-16
65.400000 3.949853e+08 4.653870e+08 2.449910e+15 2.898361e+15 5.527461e+09 9.427654e-16
65.500000 3.949813e+08 4.653742e+08 2.453322e+15 2.902382e+15 5.493534e+09 9.374540e-16
65.600000 3.949809e+08 4.653652e+08 2.456735e+15 2.906403e+15 5.458868e+09 9.321800e-16
65.700000 3.949830e+08 4.653587e+08 2.460148e+15 2.910424e+15 5.423803e+09 9.269967e-16
65.800000 3.949850e+08 4.653521e+08 2.463560e+15 2.914445e+15 5.389011e+09 9.219550e-16
65.900000 3.949870e+08 4.653456e+08 2.466973e+15 2.918465e+15 5.354490e+09 9.169476e-16
66.000000 3.949890e+08 4.653391e+08 2.470386e+15 2.922486e+15 5.320238e+09 9.119742e-16
66.100000 3.949909e+08 4.653325e+08 2.473798e+15 2.926506e+15 5.286252e+09 9.070346e-16
66.200000 3.949919e+08 4.653251e+08 2.477211e+15 2.930527e+15 5.252761e+09 9.021285e-16
66.300000 3.949872e+08 4.653117e+08 2.480624e+15 2.934547e+15 5.221056e+09 8.972556e-16
66.400000 3.949824e+08 4.652985e+08 2.484037e+15 2.938567e+15 5.189586e+09 8.923705e-16
66.500000 3.949776e+08 4.652852e+08 2.487449e+15 2.942588e+15 5.158349e+09 8.874882e-16
66.600000 3.949728e+08 4.652719e+08 2.490862e+15 2.946608e+15 5.127344e+09 8.826393e-16
66.700000 3.949680e+08 4.652587e+08 2.494274e+15 2.950628e+15 5.096568e+09 8.778235e-16
66.800000 3.949632e+08 4.652454e+08 2.497687e+15 2.954647e+15 5.066020e+09 8.730406e-16
66.900000 3.949593e+08 4.652332e+08 2.501099e+15 2.958667e+15 5.035461e+09 8.682903e-16
67.000000 3.949600e+08 4.652255e+08 2.504512e+15 2.962687e+15 5.003957e+09 8.635724e-16
67.100000 3.949607e+08 4.652179e+08 2.507924e+15 2.966706e+15 4.972691e+09 8.588267e-16
67.200000 3.949614e+08 4.652103e+08 2.511337e+15 2.970726e+15 4.941664e+09 8.541036e-16
67.300000 3.949620e+08 4.652027e+08 2.514749e+15 2.974745e+15 4.910872e+09 8.494129e-16
67.400000 3.949626e+08 4.651951e+08 2.518162e+15 2.978765e+15 4.880314e+09 8.447542e-16
67.500000 3.949632e+08 4.651874e+08 2.521574e+15 2.982784e+15 4.849987e+09 8.401273e-16
67.600000 3.949628e+08 4.651788e+08 2.524987e+15 2.986803e+15 4.820134e+09 8.355319e-16
67.700000 3.949612e+08 4.651690e+08 2.528399e+15 2.990822e+15 4.790803e+09 8.309828e-16
67.800000 3.949595e+08 4.651592e+08 2.531812e+15 2.994841e+15 4.761690e+09 8.265766e-16
67.900000 3.949578e+08 4.651493e+08 2.535224e+15 2.998860e+15 4.732794e+09 8.221997e-16
68.000000 3.949562e+08 4.651395e+08 2.538636e+15 3.002879e+15 4.704112e+09 8.178519e-16
68.100000 3.949545e+08 4.651297e+08 2.542049e+15 3.006898e+15 4.675642e+09 8.135328e-16
68.200000 3.949528e+08 4.651199e+08 2.545461e+15 3.010917e+15 4.647383e+09 8.092423e-16
68.300000 3.949518e+08 4.651108e+08 2.548874e+15 3.014935e+15 4.619163e+09 8.049802e-16
68.400000 3.949515e+08 4.651025e+08 2.552286e+15 3.018954e+15 4.590971e+09 8.007246e-16
68.500000 3.949512e+08 4.650942e+08 2.555698e+15 3.022972e+15 4.562988e+09 7.962633e-16
68.600000 3.949509e+08 4.650859e+08 2.559111e+15 3.026991e+15 4.535214e+09 7.918327e-16
68.700000 3.949506e+08 4.650776e+08 2.562523e+15 3.031009e+15 4.507645e+09 7.874326e-16
68.800000 3.949503e+08 4.650693e+08 2.565936e+15 3.035027e+15 4.480281e+09 7.830627e-16
68.900000 3.949499e+08 4.650611e+08 2.569348e+15 3.039046e+15 4.453119e+09 7.787229e-16
69.000000 3.949502e+08 4.650535e+08 2.572760e+15 3.043064e+15 4.425999e+09 7.744129e-16
69.100000 3.949512e+08 4.650465e+08 2.576173e+15 3.047082e+15 4.398931e+09 7.701711e-16
69.200000 3.949521e+08 4.650396e+08 2.579585e+15 3.051100e+15 4.372064e+09 7.660316e-16
69.300000 3.949530e+08 4.650326e+08 2.582997e+15 3.055118e+15 4.345397e+09 7.619198e-16
69.400000 3.949539e+08 4.650257e+08 2.586410e+15 3.059136e+15 4.318927e+09 7.578355e-16
69.500000 3.949547e+08 4.650188e+08 2.589822e+15 3.063153e+15 4.292654e+09 7.537783e-16
69.600000 3.949556e+08 4.650118e+08 2.593235e+15 3.067171e+15 4.266574e+09 7.497482e-16
69.700000 3.949574e+08 4.650059e+08 2.596647e+15 3.071189e+15 4.240458e+09 7.457449e-16
69.800000 3.949601e+08 4.650008e+08 2.600059e+15 3.075207e+15 4.214346e+09 7.417540e-16
69.900000 3.949627e+08 4.649958e+08 2.603472e+15 3.079224e+15 4.188428e+09 7.377583e-16
70.000000 3.949654e+08 4.649907e+08 2.606884e+15 3.083242e+15 4.162705e+09 7.337893e-16
70.100000 3.949680e+08 4.649856e+08 2.610297e+15 3.087259e+15 4.137173e+09 7.298467e-16
70.200000 3.949705e+08 4.649805e+08 2.613709e+15 3.091277e+15 4.111830e+09 7.259305e-16
70.300000 3.949731e+08 4.649754e+08 2.617122e+15 3.095294e+15 4.086675e+09 7.220402e-16
70.400000 3.949746e+08 4.649694e+08 2.620535e+15 3.099312e+15 4.061922e+09 7.181759e-16
70.500000 3.949754e+08 4.649625e+08 2.623947e+15 3.103329e+15 4.037510e+09 7.143612e-16
70.600000 3.949762e+08 4.649557e+08 2.627360e+15 3.107346e+15 4.013276e+09 7.106339e-16
70.700000 3.949769e+08 4.649489e+08 2.630772e+15 3.111363e+15 3.989218e+09 7.069308e-16
70.800000 3.949777e+08 4.649420e+08 2.634185e+15 3.115381e+15 3.965336e+09 7.032517e-16
70.900000 3.949784e+08 4.649352e+08 2.637598e+15 3.119398e+15 3.941628e+09 6.995965e-16
71.000000 3.949791e+08 4.649284e+08 2.641010e+15 3.123415e+15 3.918091e+09 6.959650e-16
71.100000 3.949801e+08 4.649219e+08 2.644423e+15 3.127432e+15 3.894655e+09 6.923570e-16
71.200000 3.949817e+08 4.649160e+08 2.647835e+15 3.131449e+15 3.871261e+09 6.887723e-16
71.300000 3.949833e+08 4.649102e+08 2.651248e+15 3.135465e+15 3.848038e+09 6.850226e-16
71.400000 3.949848e+08 4.649043e+08 2.654661e+15 3.139482e+15 3.824983e+09 6.812885e-16
71.500000 3.949864e+08 4.648984e+08 2.658073e+15 3.143499e+15 3.802097e+09 6.775796e-16
71.600000 3.949879e+08 4.648925e+08 2.661486e+15 3.147516e+15 3.779376e+09 6.738955e-16
71.700000 3.949894e+08 4.648867e+08 2.664899e+15 3.151532e+15 3.756820e+09 6.702362e-16
71.800000 3.949912e+08 4.648811e+08 2.668311e+15 3.155549e+15 3.734364e+09 6.666013e-16
71.900000 3.949949e+08 4.648775e+08 2.671724e+15 3.159566e+15 3.711680e+09 6.629908e-16
72.000000 3.949986e+08 4.648738e+08 2.675137e+15 3.163582e+15 3.689163e+09 6.594841e-16
72.100000 3.950022e+08 4.648702e+08 2.678550e+15 3.167599e+15 3.666810e+09 6.560073e-16
72.200000 3.950058e+08 4.648665e+08 2.681963e+15 3.171615e+15 3.644621e+09 6.525532e-16
72.300000 3.950094e+08 4.648629e+08 2.685375e+15 3.175632e+15 3.622593e+09 6.491216e-16
72.400000 3.950130e+08 4.648592e+08 2.688788e+15 3.179648e+15 3.600727e+09 6.457124e-16
72.500000 3.950165e+08 4.648555e+08 2.692201e+15 3.183664e+15 3.579020e+09 6.423253e-16
72.600000 3.950177e+08 4.648495e+08 2.695614e+15 3.187681e+15 3.557931e+09 6.389602e-16
72.700000 3.950186e+08 4.648432e+08 2.699027e+15 3.191697e+15 3.537036e+09 6.355858e-16
72.800000 3.950196e+08 4.648370e+08 2.702440e+15 3.195713e+15 3.516289e+09 6.322123e-16
72.900000 3.950205e+08 4.648307e+08 2.705853e+15 3.199730e+15 3.495689e+09 6.288609e-16
73.000000 3.950214e+08 4.648245e+08 2.709266e+15 3.203746e+15 3.475237e+09 6.255315e-16
73.100000 3.950223e+08 4.648182e+08 2.712679e+15 3.207762e+15 3.454929e+09 6.222238e-16
73.200000 3.950232e+08 4.648120e+08 2.716092e+15 3.211778e+15 3.434766e+09 6.189377e-16
73.300000 3.950249e+08 4.648066e+08 2.719505e+15 3.215794e+15 3.414576e+09 6.156731e-16
73.400000 3.950277e+08 4.648024e+08 2.722918e+15 3.219810e+15 3.394323e+09 6.124169e-16
73.500000 3.950305e+08 4.647981e+08 2.726331e+15 3.223826e+15 3.374214e+09 6.091472e-16
73.600000 3.950333e+08 4.647939e+08 2.729744e+15 3.227841e+15 3.354250e+09 6.058990e-16
73.700000 3.950360e+08 4.647896e+08 2.733157e+15 3.231857e+15 3.334428e+09 6.026722e-16
73.800000 3.950387e+08 4.647853e+08 2.736570e+15 3.235873e+15 3.314748e+09 5.994664e-16
73.900000 3.950414e+08 4.647811e+08 2.739983e+15 3.239889e+15 3.295208e+09 5.962817e-16
74.000000 3.950441e+08 4.647768e+08 2.743397e+15 3.243904e+15 3.275807e+09 5.931178e-16
74.100000 3.950479e+08 4.647736e+08 2.746810e+15 3.247920e+15 3.256341e+09 5.899746e-16
74.200000 3.950517e+08 4.647705e+08 2.750223e+15 3.251936e+15 3.237010e+09 5.869128e-16
74.300000 3.950554e+08 4.647673e+08 2.753636e+15 3.255951e+15 3.217817e+09 5.838742e-16
74.400000 3.950591e+08 4.647642e+08 2.757049e+15 3.259967e+15 3.198761e+09 5.808551e-16
74.500000 3.950628e+08 4.647610e+08 2.760463e+15 3.263983e+15 3.179841e+09 5.778552e-16
74.600000 3.950665e+08 4.647578e+08 2.763876e+15 3.267998e+15 3.161056e+09 5.748745e-16
74.700000 3.950701e+08 4.647546e+08 2.767289e+15 3.272014e+15 3.142405e+09 5.719128e-16
74.800000 3.950747e+08 4.647524e+08 2.770703e+15 3.276029e+15 3.123725e+09 5.689699e-16
74.900000 3.950800e+08 4.647510e+08 2.774116e+15 3.280045e+15 3.105022e+09 5.659946e-16
75.000000 3.950854e+08 4.647496e+08 2.777530e+15 3.284060e+15 3.086453e+09 5.629340e-16
75.100000 3.950907e+08 4.647481e+08 2.780943e+15 3.288075e+15 3.068018e+09 5.598937e-16
75.200000 3.950960e+08 4.647467e+08 2.784357e+15 3.292091e+15 3.049715e+09 5.568734e-16
75.300000 3.951013e+08 4.647453e+08 2.787771e+15 3.296106e+15 3.031544e+09 5.538730e-16
75.400000 3.951065e+08 4.647438e+08 2.791184e+15 3.300122e+15 3.013502e+09 5.508924e-16
75.500000 3.951117e+08 4.647423e+08 2.794598e+15 3.304137e+15 2.995602e+09 5.479314e-16
75.600000 3.951147e+08 4.647387e+08 2.798012e+15 3.308152e+15 2.978180e+09 5.449902e-16
75.700000 3.951178e+08 4.647351e+08 2.801426e+15 3.312168e+15 2.960881e+09 5.421471e-16
75.800000 3.951208e+08 4.647315e+08 2.804839e+15 3.316183e+15 2.943704e+09 5.393223e-16
75.900000 3.951239e+08 4.647279e+08 2.808253e+15 3.320198e+15 2.926646e+09 5.365156e-16
76.000000 3.951269e+08 4.647243e+08 2.811667e+15 3.324214e+15 2.909708e+09 5.337268e-16
76.100000 3.951299e+08 4.647206e+08 2.815081e+15 3.328229e+15 2.892888e+09 5.309559e-16
76.200000 3.951328e+08 4.647170e+08 2.818495e+15 3.332244e+15 2.876185e+09 5.282027e-16
76.300000 3.951365e+08 4.647141e+08 2.821909e+15 3.336259e+15 2.859475e+09 5.254671e-16
76.400000 3.951418e+08 4.647129e+08 2.825323e+15 3.340274e+15 2.842612e+09 5.227272e-16
76.500000 3.951470e+08 4.647116e+08 2.828737e+15 3.344289e+15 2.825869e+09 5.199709e-16
76.600000 3.951522e+08 4.647103e+08 2.832151e+15 3.348305e+15 2.809244e+09 5.172323e-16
76.700000 3.951574e+08 4.647091e+08 2.835565e+15 3.352320e+15 2.792736e+09 5.145114e-16
76.800000 3.951626e+08 4.647078e+08 2.838979e+15 3.356335e+15 2.776345e+09 5.118081e-16
76.900000 3.951677e+08 4.647065e+08 2.842393e+15 3.360350e+15 2.760070e+09 5.091221e-16
77.000000 3.951729e+08 4.647051e+08 2.845808e+15 3.364365e+15 2.743909e+09 5.064534e-16
77.100000 3.951783e+08 4.647042e+08 2.849222e+15 3.368380e+15 2.727803e+09 5.038019e-16
77.200000 3.951840e+08 4.647034e+08 2.852636e+15 3.372395e+15 2.711772e+09 5.012232e-16
77.300000 3.951896e+08 4.647027e+08 2.856051e+15 3.376410e+15 2.695853e+09 4.986771e-16
77.400000 3.951952e+08 4.647020e+08 2.859465e+15 3.380425e+15 2.680047e+09 4.961469e-16
77.500000 3.952008e+08 4.647012e+08 2.862880e+15 3.384440e+15 2.664351e+09 4.936325e-16
77.600000 3.952064e+08 4.647004e+08 2.866294e+15 3.388455e+15 2.648766e+09 4.911338e-16
77.700000 3.952119e+08 4.646996e+08 2.869709e+15 3.392470e+15 2.633290e+09 4.886507e-16
77.800000 3.952174e+08 4.646989e+08 2.873123e+15 3.396485e+15 2.617921e+09 4.861830e-16
77.900000 3.952240e+08 4.646992e+08 2.876538e+15 3.400500e+15 2.602485e+09 4.837306e-16
78.000000 3.952307e+08 4.646997e+08 2.879953e+15 3.404515e+15 2.587133e+09 4.812533e-16
78.100000 3.952374e+08 4.647002e+08 2.883368e+15 3.408530e+15 2.571889e+09 4.787852e-16
78.200000 3.952441e+08 4.647006e+08 2.886782e+15 3.412545e+15 2.556752e+09 4.763327e-16
78.300000 3.952508e+08 4.647011e+08 2.890197e+15 3.416560e+15 2.541722e+09 4.738956e-16
78.400000 3.952574e+08 4.647015e+08 2.893612e+15 3.420575e+15 2.526798e+09 4.714738e-16
78.500000 3.952640e+08 4.647019e+08 2.897027e+15 3.424590e+15 2.511978e+09 4.690671e-16
78.600000 3.952704e+08 4.647022e+08 2.900442e+15 3.428605e+15 2.497278e+09 4.666755e-16
78.700000 3.952763e+08 4.647019e+08 2.903858e+15 3.432620e+15 2.482766e+09 4.642988e-16
78.800000 3.952821e+08 4.647016e+08 2.907273e+15 3.436635e+15 2.468356e+09 4.618074e-16
78.900000 3.952879e+08 4.647013e+08 2.910688e+15 3.440650e+15 2.454045e+09 4.593266e-16
79.000000 3.952937e+08 4.647010e+08 2.914103e+15 3.444665e+15 2.439834e+09 4.568620e-16
79.100000 3.952994e+08 4.647007e+08 2.917519e+15 3.448680e+15 2.425722e+09 4.544135e-16
79.200000 3.953051e+08 4.647003e+08 2.920934e+15 3.452695e+15 2.411707e+09 4.519808e-16
79.300000 3.953108e+08 4.647000e+08 2.924349e+15 3.456710e+15 2.397790e+09 4.495640e-16
79.400000 3.953165e+08 4.646996e+08 2.927765e+15 3.460725e+15 2.383965e+09 4.471629e-16
79.500000 3.953223e+08 4.646994e+08 2.931180e+15 3.464740e+15 2.370221e+09 4.448270e-16
79.600000 3.953281e+08 4.646991e+08 2.934596e+15 3.468755e+15 2.356572e+09 4.425994e-16
79.700000 3.953338e+08 4.646988e+08 2.938012e+15 3.472770e+15 2.343017e+09 4.403856e-16
79.800000 3.953395e+08 4.646986e+08 2.941427e+15 3.476785e+15 2.329555e+09 4.381853e-16
79.900000 3.953451e+08 4.646983e+08 2.944843e+15 3.480800e+15 2.316186e+09 4.359985e-16
80.000000 3.953508e+08 4.646980e+08 2.948259e+15 3.484815e+15 2.302909e+09 4.338252e-16
80.100000 3.953564e+08 4.646976e+08 2.951675e+15 3.488830e+15 2.289723e+09 4.316651e-16
80.200000 3.953626e+08 4.646979e+08 2.955091e+15 3.492845e+15 2.276545e+09 4.295182e-16
80.300000 3.953709e+08 4.647003e+08 2.958506e+15 3.496860e+15 2.263149e+09 4.273674e-16
80.400000 3.953792e+08 4.647028e+08 2.961922e+15 3.500875e+15 2.249847e+09 4.251322e-16
80.500000 3.953875e+08 4.647052e+08 2.965339e+15 3.504890e+15 2.236639e+09 4.229113e-16
80.600000 3.953957e+08 4.647076e+08 2.968755e+15 3.508905e+15 2.223522e+09 4.207044e-16
80.700000 3.954039e+08 4.647100e+08 2.972171e+15 3.512920e+15 2.210497e+09 4.185115e-16
80.800000 3.954121e+08 4.647123e+08 2.975587e+15 3.516936e+15 2.197563e+09 4.163325e-16
80.900000 3.954202e+08 4.647147e+08 2.979004e+15 3.520951e+15 2.184719e+09 4.141673e-16
81.000000 3.954277e+08 4.647163e+08 2.982420e+15 3.524966e+15 2.172053e+09 4.120158e-16
81.100000 3.954331e+08 4.647159e+08 2.985836e+15 3.528981e+15 2.159756e+09 4.098887e-16
81.200000 3.954384e+08 4.647155e+08 2.989253e+15 3.532996e+15 2.147542e+09 4.078083e-16
81.300000 3.954437e+08 4.647150e+08 2.992670e+15 3.537011e+15 2.135410e+09 4.057407e-16
81.400000 3.954490e+08 4.647146e+08 2.996086e+15 3.541026e+15 2.123361e+09 4.036860e-16
81.500000 3.954543e+08 4.647141e+08 2.999503e+15 3.545041e+15 2.111393e+09 4.016440e-16
81.600000 3.954596e+08 4.647136e+08 3.002920e+15 3.549057e+15 2.099506e+09 3.996146e-16
81.700000 3.954648e+08 4.647131e+08 3.006336e+15 3.553072e+15 2.087699e+09 3.975977e-16
81.800000 3.954700e+08 4.647127e+08 3.009753e+15 3.557087e+15 2.075964e+09 3.955932e-16
81.900000 3.954778e+08 4.647148e+08 3.013170e+15 3.561102e+15 2.063978e+09 3.935997e-16
82.000000 3.954855e+08 4.647168e+08 3.016587e+15 3.565117e+15 2.052075e+09 3.915913e-16
82.100000 3.954932e+08 4.647189e+08 3.020004e+15 3.569132e+15 2.040254e+09 3.895953e-16
82.200000 3.955008e+08 4.647209e+08 3.023421e+15 3.573147e+15 2.028514e+09 3.876117e-16
82.300000 3.955085e+08 4.647229e+08 3.026838e+15 3.577163e+15 2.016854e+09 3.856404e-16
82.400000 3.955161e+08 4.647249e+08 3.030255e+15 3.581178e+15 2.005273e+09 3.836813e-16
82.500000 3.955236e+08 4.647269e+08 3.033673e+15 3.585193e+15 1.993772e+09 3.817343e-16
82.600000 3.955312e+08 4.647288e+08 3.037090e+15 3.589208e+15 1.982350e+09 3.797993e-16
82.700000 3.955391e+08 4.647312e+08 3.040507e+15 3.593224e+15 1.970954e+09 3.778762e-16
82.800000 3.955471e+08 4.647336e+08 3.043925e+15 3.597239e+15 1.959623e+09 3.759436e-16
82.900000 3.955550e+08 4.647361e+08 3.047342e+15 3.601254e+15 1.948370e+09 3.740193e-16
83.000000 3.955629e+08 4.647385e+08 3.050760e+15 3.605269e+15 1.937193e+09 3.721070e-16
83.100000 3.955708e+08 4.647408e+08 3.054178e+15 3.609285e+15 1.926093e+09 3.702066e-16
83.200000 3.955787e+08 4.647432e+08 3.057595e+15 3.613300e+15 1.915069e+09 3.683179e-16
83.300000 3.955865e+08 4.647456e+08 3.061013e+15 3.617316e+15 1.904119e+09 3.664409e-16
83.400000 3.955943e+08 4.647479e+08 3.064431e+15 3.621331e+15 1.893244e+09 3.645756e-16
83.500000 3.956015e+08 4.647497e+08 3.067849e+15 3.625346e+15 1.882514e+09 3.627217e-16
83.600000 3.956083e+08 4.647510e+08 3.071267e+15 3.629362e+15 1.871907e+09 3.608566e-16
83.700000 3.956150e+08 4.647523e+08 3.074685e+15 3.633377e+15 1.861371e+09 3.589917e-16
83.800000 3.956217e+08 4.647535e+08 3.078103e+15 3.637393e+15 1.850906e+09 3.571385e-16
83.900000 3.956284e+08 4.647548e+08 3.081521e+15 3.641408e+15 1.840511e+09 3.552968e-16
84.000000 3.956350e+08 4.647561e+08 3.084940e+15 3.645424e+15 1.830186e+09 3.534666e-16
84.100000 3.956417e+08 4.647573e+08 3.088358e+15 3.649439e+15 1.819930e+09 3.516478e-16
84.200000 3.956483e+08 4.647585e+08 3.091776e+15 3.653455e+15 1.809742e+09 3.498404e-16
84.300000 3.956550e+08 4.647599e+08 3.095195e+15 3.657470e+15 1.799605e+09 3.480442e-16
84.400000 3.956628e+08 4.647624e+08 3.098613e+15 3.661486e+15 1.789406e+09 3.462735e-16
84.500000 3.956705e+08 4.647648e+08 3.102032e+15 3.665501e+15 1.779276e+09 3.445298e-16
84.600000 3.956782e+08 4.647672e+08 3.105450e+15 3.669517e+15 1.769215e+09 3.427968e-16
84.700000 3.956859e+08 4.647696e+08 3.108869e+15 3.673532e+15 1.759221e+09 3.410743e-16
84.800000 3.956936e+08 4.647720e+08 3.112288e+15 3.677548e+15 1.749294e+09 3.393623e-16
84.900000 3.957013e+08 4.647744e+08 3.115706e+15 3.681564e+15 1.739434e+09 3.376608e-16
85.000000 3.957089e+08 4.647767e+08 3.119125e+15 3.685579e+15 1.729639e+09 3.359696e-16
85.100000 3.957165e+08 4.647791e+08 3.122544e+15 3.689595e+15 1.719911e+09 3.342887e-16
85.200000 3.957248e+08 4.647821e+08 3.125963e+15 3.693611e+15 1.710164e+09 3.326180e-16
85.300000 3.957334e+08 4.647855e+08 3.129382e+15 3.697626e+15 1.700439e+09 3.309414e-16
85.400000 3.957420e+08 4.647889e+08 3.132801e+15 3.701642e+15 1.690779e+09 3.292749e-16
85.500000 3.957506e+08 4.647923e+08 3.136220e+15 3.705658e+15 1.681185e+09 3.276186e-16
85.600000 3.957591e+08 4.647957e+08 3.139640e+15 3.709674e+15 1.671655e+09 3.259724e-16
85.700000 3.957677e+08 4.647990e+08 3.143059e+15 3.713690e+15 1.662189e+09 3.243361e-16
85.800000 3.957761e+08 4.648024e+08 3.146479e+15 3.717705e+15 1.652786e+09 3.227098e-16
85.900000 3.957846e+08 4.648057e+08 3.149898e+15 3.721721e+15 1.643445e+09 3.210934e-16
86.000000 3.957930e+08 4.648091e+08 3.153318e+15 3.725737e+15 1.634168e+09 3.194868e-16
86.100000 3.958014e+08 4.648123e+08 3.156737e+15 3.729753e+15 1.624958e+09 3.178711e-16
86.200000 3.958097e+08 4.648156e+08 3.160157e+15 3.733769e+15 1.615809e+09 3.162472e-16
86.300000 3.958180e+08 4.648188e+08 3.163577e+15 3.737785e+15 1.606721e+09 3.146333e-16
86.400000 3.958262e+08 4.648220e+08 3.166997e+15 3.741801e+15 1.597695e+09 3.130293e-16
86.500000 3.958345e+08 4.648252e+08 3.170417e+15 3.745817e+15 1.588728e+09 3.114352e-16
86.600000 3.958427e+08 4.648284e+08 3.173837e+15 3.749833e+15 1.579820e+09 3.098509e-16
86.700000 3.958508e+08 4.648315e+08 3.177257e+15 3.753849e+15 1.570972e+09 3.082763e-16
86.800000 3.958590e+08 4.648347e+08 3.180677e+15 3.757866e+15 1.562183e+09 3.067113e-16
86.900000 3.958670e+08 4.648377e+08 3.184097e+15 3.761882e+15 1.553466e+09 3.051571e-16
87.000000 3.958748e+08 4.648405e+08 3.187517e+15 3.765898e+15 1.544822e+09 3.036522e-16
87.100000 3.958826e+08 4.648433e+08 3.190938e+15 3.769914e+15 1.536235e+09 3.021562e-16
87.200000 3.958903e+08 4.648461e+08 3.194358e+15 3.773930e+15 1.527704e+09 3.006691e-16
87.300000 3.958981e+08 4.648489e+08 3.197779e+15 3.777947e+15 1.519230e+09 2.991909e-16
87.400000 3.959058e+08 4.648517e+08 3.201199e+15 3.781963e+15 1.510812e+09 2.977215e-16
87.500000 3.959135e+08 4.648545e+08 3.204620e+15 3.785979e+15 1.502448e+09 2.962609e-16
87.600000 3.959211e+08 4.648572e+08 3.208041e+15 3.789996e+15 1.494140e+09 2.948089e-16
87.700000 3.959288e+08 4.648599e+08 3.211461e+15 3.794012e+15 1.485886e+09 2.933656e-16
87.800000 3.959378e+08 4.648641e+08 3.214882e+15 3.798028e+15 1.477542e+09 2.919229e-16
87.900000 3.959472e+08 4.648686e+08 3.218303e+15 3.802045e+15 1.469205e+09 2.904661e-16
88.000000 3.959566e+08 4.648732e+08 3.221724e+15 3.806061e+15 1.460924e+09 2.890180e-16
88.100000 3.959660e+08 4.648777e+08 3.225145e+15 3.810078e+15 1.452698e+09 2.875787e-16
88.200000 3.959754e+08 4.648822e+08 3.228566e+15 3.814094e+15 1.444527e+09 2.861480e-16
88.300000 3.959847e+08 4.648867e+08 3.231987e+15 3.818111e+15 1.436410e+09 2.847259e-16
88.400000 3.959940e+08 4.648912e+08 3.235409e+15 3.822128e+15 1.428347e+09 2.833123e-16
88.500000 3.960032e+08 4.648957e+08 3.238830e+15 3.826144e+15 1.420338e+09 2.819072e-16
88.600000 3.960125e+08 4.649002e+08 3.242252e+15 3.830161e+15 1.412374e+09 2.805105e-16
88.700000 3.960236e+08 4.649065e+08 3.245673e+15 3.834178e+15 1.404286e+09 2.791138e-16
88.800000 3.960346e+08 4.649127e+08 3.249095e+15 3.838194e+15 1.396254e+09 2.777169e-16
88.900000 3.960456e+08 4.649190e+08 3.252517e+15 3.842211e+15 1.388275e+09 2.763284e-16
89.000000 3.960565e+08 4.649252e+08 3.255938e+15 3.846228e+15 1.380349e+09 2.749482e-16
89.100000 3.960674e+08 4.649314e+08 3.259360e+15 3.850245e+15 1.372477e+09 2.735764e-16
89.200000 3.960783e+08 4.649375e+08 3.262782e+15 3.854262e+15 1.364658e+09 2.722128e-16
89.300000 3.960891e+08 4.649437e+08 3.266204e+15 3.858279e+15 1.356890e+09 2.708573e-16
89.400000 3.960999e+08 4.649498e+08 3.269627e+15 3.862296e+15 1.349175e+09 2.695100e-16
89.500000 3.961102e+08 4.649554e+08 3.273049e+15 3.866313e+15 1.341560e+09 2.681707e-16
89.600000 3.961194e+08 4.649599e+08 3.276471e+15 3.870331e+15 1.334095e+09 2.668208e-16
89.700000 3.961286e+08 4.649644e+08 3.279894e+15 3.874348e+15 1.326678e+09 2.654718e-16
89.800000 3.961377e+08 4.649689e+08 3.283316e+15 3.878365e+15 1.319310e+09 2.641311e-16
89.900000 3.961468e+08 4.649733e+08 3.286739e+15 3.882383e+15 1.311991e+09 2.627985e-16
90.000000 3.961559e+08 4.649778e+08 3.290162e+15 3.886400e+15 1.304719e+09 2.614739e-16
90.100000 3.961649e+08 4.649822e+08 3.293584e+15 3.890417e+15 1.297495e+09 2.601574e-16
90.200000 3.961739e+08 4.649866e+08 3.297007e+15 3.894435e+15 1.290318e+09 2.588488e-16
90.300000 3.961829e+08 4.649910e+08 3.300430e+15 3.898452e+15 1.283188e+09 2.575481e-16
90.400000 3.961920e+08 4.649954e+08 3.303853e+15 3.902470e+15 1.276096e+09 2.562552e-16
90.500000 3.962012e+08 4.650000e+08 3.307276e+15 3.906487e+15 1.269034e+09 2.549985e-16
90.600000 3.962103e+08 4.650046e+08 3.310700e+15 3.910505e+15 1.262019e+09 2.537504e-16
90.700000 3.962195e+08 4.650092e+08 3.314123e+15 3.914523e+15 1.255050e+09 2.525097e-16
90.800000 3.962286e+08 4.650138e+08 3.317546e+15 3.918540e+15 1.248126e+09 2.512763e-16
90.900000 3.962377e+08 4.650183e+08 3.320970e+15 3.922558e+15 1.241247e+09 2.500501e-16
91.000000 3.962467e+08 4.650228e+08 3.324393e+15 3.926576e+15 1.234412e+09 2.488312e-16
91.100000 3.962557e+08 4.650273e+08 3.327817e+15 3.930594e+15 1.227622e+09 2.476194e-16
91.200000 3.962647e+08 4.650318e+08 3.331240e+15 3.934611e+15 1.220876e+09 2.464147e-16
91.300000 3.962739e+08 4.650365e+08 3.334664e+15 3.938629e+15 1.214152e+09 2.452171e-16
91.400000 3.962835e+08 4.650416e+08 3.338088e+15 3.942647e+15 1.207438e+09 2.439977e-16
91.500000 3.962930e+08 4.650467e+08 3.341512e+15 3.946665e+15 1.200767e+09 2.427824e-16
91.600000 3.963025e+08 4.650517e+08 3.344936e+15 3.950683e+15 1.194140e+09 2.415744e-16
91.700000 3.963120e+08 4.650567e+08 3.348360e+15 3.954701e+15 1.187556e+09 2.403736e-16
91.800000 3.963214e+08 4.650617e+08 3.351784e+15 3.958719e+15 1.181015e+09 2.391799e-16
91.900000 3.963308e+08 4.650667e+08 3.355208e+15 3.962737e+15 1.174517e+09 2.379934e-16
92.000000 3.963402e+08 4.650717e+08 3.358632e+15 3.966756e+15 1.168060e+09 2.368139e-16
92.100000 3.963496e+08 4.650766e+08 3.362057e+15 3.970774e+15 1.161645e+09 2.356415e-16
92.200000 3.963590e+08 4.650816e+08 3.365481e+15 3.974792e+15 1.155264e+09 2.344759e-16
92.300000 3.963687e+08 4.650869e+08 3.368906e+15 3.978810e+15 1.148895e+09 2.333106e-16
92.400000 3.963784e+08 4.650923e+08 3.372330e+15 3.982829e+15 1.142566e+09 2.321511e-16
92.500000 3.963881e+08 4.650976e+08 3.375755e+15 3.986847e+15 1.136279e+09 2.309984e-16
92.600000 3.963977e+08 4.651029e+08 3.379180e+15 3.990866e+15 1.130032e+09 2.298526e-16
92.700000 3.964074e+08 4.651081e+08 3.382605e+15 3.994884e+15 1.123825e+09 2.287136e-16
92.800000 3.964169e+08 4.651134e+08 3.386030e+15 3.998903e+15 1.117659e+09 2.275814e-16
92.900000 3.964265e+08 4.651186e+08 3.389455e+15 4.002921e+15 1.111533e+09 2.264559e-16
93.000000 3.964360e+08 4.651238e+08 3.392880e+15 4.006940e+15 1.105446e+09 2.253370e-16
93.100000 3.964455e+08 4.651290e+08 3.396305e+15 4.010958e+15 1.099398e+09 2.242248e-16
93.200000 3.964561e+08 4.651353e+08 3.399730e+15 4.014977e+15 1.093299e+09 2.231062e-16
93.300000 3.964666e+08 4.651415e+08 3.403156e+15 4.018996e+15 1.087239e+09 2.219911e-16
93.400000 3.964771e+08 4.651477e+08 3.406581e+15 4.023015e+15 1.081219e+09 2.208826e-16
93.500000 3.964876e+08 4.651539e+08 3.410007e+15 4.027034e+15 1.075238e+09 2.197806e-16
93.600000 3.964980e+08 4.651601e+08 3.413433e+15 4.031053e+15 1.069295e+09 2.186853e-16
93.700000 3.965084e+08 4.651663e+08 3.416858e+15 4.035072e+15 1.063391e+09 2.175965e-16
93.800000 3.965188e+08 4.651724e+08 3.420284e+15 4.039091e+15 1.057525e+09 2.165141e-16
93.900000 3.965292e+08 4.651786e+08 3.423710e+15 4.043110e+15 1.051697e+09 2.154382e-16
94.000000 3.965395e+08 4.651847e+08 3.427136e+15 4.047129e+15 1.045907e+09 2.143687e-16
94.100000 3.965506e+08 4.651916e+08 3.430562e+15 4.051148e+15 1.040084e+09 2.133117e-16
94.200000 3.965620e+08 4.651988e+08 3.433988e+15 4.055167e+15 1.034281e+09 2.122630e-16
94.300000 3.965734e+08 4.652059e+08 3.437415e+15 4.059187e+15 1.028514e+09 2.112204e-16
94.400000 3.965847e+08 4.652130e+08 3.440841e+15 4.063206e+15 1.022786e+09 2.101839e-16
94.500000 3.965959e+08 4.652201e+08 3.444267e+15 4.067225e+15 1.017095e+09 2.091536e-16
94.600000 3.966072e+08 4.652272e+08 3.447694e+15 4.071245e+15 1.011441e+09 2.081293e-16
94.700000 3.966184e+08 4.652343e+08 3.451121e+15 4.075264e+15 1.005823e+09 2.071109e-16
94.800000 3.966296e+08 4.652413e+08 3.454548e+15 4.079284e+15 1.000242e+09 2.060986e-16
94.900000 3.966407e+08 4.652483e+08 3.457974e+15 4.083304e+15 9.946978e+08 2.050921e-16
95.000000 3.966514e+08 4.652548e+08 3.461401e+15 4.087324e+15 9.892222e+08 2.040909e-16
95.100000 3.966617e+08 4.652610e+08 3.464828e+15 4.091343e+15 9.838060e+08 2.030948e-16
95.200000 3.966720e+08 4.652672e+08 3.468256e+15 4.095363e+15 9.784245e+08 2.021044e-16
95.300000 3.966823e+08 4.652734e+08 3.471683e+15 4.099383e+15 9.730775e+08 2.011198e-16
95.400000 3.966925e+08 4.652795e+08 3.475110e+15 4.103403e+15 9.677647e+08 2.001409e-16
95.500000 3.967027e+08 4.652857e+08 3.478538e+15 4.107423e+15 9.624859e+08 1.991678e-16
95.600000 3.967129e+08 4.652918e+08 3.481965e+15 4.111443e+15 9.572409e+08 1.982003e-16
95.700000 3.967231e+08 4.652978e+08 3.485393e+15 4.115463e+15 9.520293e+08 1.972384e-16
95.800000 3.967332e+08 4.653039e+08 3.488820e+15 4.119483e+15 9.468510e+08 1.962821e-16
95.900000 3.967434e+08 4.653101e+08 3.492248e+15 4.123504e+15 9.416962e+08 1.953290e-16
96.000000 3.967545e+08 4.653171e+08 3.495676e+15 4.127524e+15 9.365083e+08 1.943522e-16
96.100000 3.967655e+08 4.653241e+08 3.499104e+15 4.131544e+15 9.313538e+08 1.933811e-16
96.200000 3.967765e+08 4.653312e+08 3.502532e+15 4.135565e+15 9.262324e+08 1.924158e-16
96.300000 3.967875e+08 4.653381e+08 3.505960e+15 4.139585e+15 9.211440e+08 1.914562e-16
96.400000 3.967985e+08 4.653451e+08 3.509388e+15 4.143606e+15 9.160882e+08 1.905023e-16
96.500000 3.968094e+08 4.653520e+08 3.512817e+15 4.147626e+15 9.110649e+08 1.895541e-16
96.600000 3.968203e+08 4.653589e+08 3.516245e+15 4.151647e+15 9.060737e+08 1.886115e-16
96.700000 3.968311e+08 4.653658e+08 3.519674e+15 4.155668e+15 9.011145e+08 1.876745e-16
96.800000 3.968420e+08 4.653727e+08 3.523102e+15 4.159688e+15 8.961870e+08 1.867430e-16
96.900000 3.968524e+08 4.653791e+08 3.526531e+15 4.163709e+15 8.913189e+08 1.858391e-16
97.000000 3.968626e+08 4.653854e+08 3.529960e+15 4.167730e+15 8.864953e+08 1.849483e-16
97.100000 3.968727e+08 4.653916e+08 3.533389e+15 4.171751e+15 8.817022e+08 1.840625e-16
97.200000 3.968828e+08 4.653978e+08 3.536818e+15 4.175772e+15 8.769395e+08 1.831819e-16
97.300000 3.968929e+08 4.654040e+08 3.540247e+15 4.179793e+15 8.722069e+08 1.823063e-16
97.400000 3.969030e+08 4.654101e+08 3.543676e+15 4.183814e+15 8.675041e+08 1.814357e-16
97.500000 3.969130e+08 4.654163e+08 3.547105e+15 4.187835e+15 8.628311e+08 1.805700e-16
97.600000 3.969230e+08 4.654224e+08 3.550535e+15 4.191856e+15 8.581875e+08 1.797093e-16
97.700000 3.969330e+08 4.654285e+08 3.553964e+15 4.195878e+15 8.535732e+08 1.788535e-16
97.800000 3.969430e+08 4.654346e+08 3.557394e+15 4.199899e+15 8.489879e+08 1.779995e-16
97.900000 3.969538e+08 4.654415e+08 3.560823e+15 4.203920e+15 8.443695e+08 1.771261e-16
98.000000 3.969646e+08 4.654485e+08 3.564253e+15 4.207942e+15 8.397789e+08 1.762579e-16
98.100000 3.969754e+08 4.654555e+08 3.567683e+15 4.211963e+15 8.352175e+08 1.753948e-16
98.200000 3.969862e+08 4.654624e+08 3.571112e+15 4.215985e+15 8.306849e+08 1.745366e-16
98.300000 3.969969e+08 4.654693e+08 3.574542e+15 4.220006e+15 8.261811e+08 1.736835e-16
98.400000 3.970076e+08 4.654762e+08 3.577972e+15 4.224028e+15 8.217058e+08 1.728353e-16
98.500000 3.970182e+08 4.654830e+08 3.581403e+15 4.228050e+15 8.172588e+08 1.719920e-16
98.600000 3.970289e+08 4.654899e+08 3.584833e+15 4.232072e+15 8.128399e+08 1.711537e-16
98.700000 3.970395e+08 4.654967e+08 3.588263e+15 4.236093e+15 8.084489e+08 1.703202e-16
98.800000 3.970503e+08 4.655038e+08 3.591694e+15 4.240115e+15 8.040679e+08 1.694889e-16
98.900000 3.970618e+08 4.655115e+08 3.595124e+15 4.244137e+15 7.996686e+08 1.686599e-16
99.000000 3.970733e+08 4.655192e+08 3.598555e+15 4.248159e+15 7.952974e+08 1.678357e-16
99.100000 3.970848e+08 4.655269e+08 3.601985e+15 4.252181e+15 7.909541e+08 1.670163e-16
99.200000 3.970962e+08 4.655346e+08 3.605416e+15 4.256203e+15 7.866383e+08 1.662016e-16
99.300000 3.971076e+08 4.655423e+08 3.608847e+15 4.260226e+15 7.823500e+08 1.653917e-16
99.400000 3.971189e+08 4.655499e+08 3.612278e+15 4.264248e+15 7.780889e+08 1.645864e-16
99.500000 3.971302e+08 4.655575e+08 3.615709e+15 4.268270e+15 7.738548e+08 1.637858e-16
99.600000 3.971415e+08 4.655651e+08 3.619140e+15 4.272293e+15 7.696475e+08 1.629898e-16
99.700000 3.971528e+08 4.655726e+08 3.622572e+15 4.276315e+15 7.654669e+08 1.621984e-16
99.800000 3.971637e+08 4.655799e+08 3.626003e+15 4.280338e+15 7.613316e+08 1.614203e-16
99.900000 3.971744e+08 4.655869e+08 3.629435e+15 4.284360e+15 7.572360e+08 1.606477e-16
100.000000 3.971850e+08 4.655938e+08 3.632866e+15 4.288383e+15 7.531660e+08 1.598796e-16
100.100000 3.971956e+08 4.656008e+08 3.636298e+15 4.292406e+15 7.491215e+08 1.591159e-16
100.200000 3.972062e+08 4.656077e+08 3.639730e+15 4.296429e+15 7.451024e+08 1.583565e-16
100.300000 3.972168e+08 4.656146e+08 3.643162e+15 4.300451e+15 7.411084e+08 1.576014e-16
100.400000 3.972273e+08 4.656215e+08 3.646593e+15 4.304474e+15 7.371394e+08 1.568506e-16
100.500000 3.972378e+08 4.656284e+08 3.650026e+15 4.308497e+15 7.331952e+08 1.561040e-16
100.600000 3.972483e+08 4.656353e+08 3.653458e+15 4.312520e+15 7.292756e+08 1.553617e-16
100.700000 3.972587e+08 4.656421e+08 3.656890e+15 4.316543e+15 7.253805e+08 1.546236e-16
100.800000 3.972698e+08 4.656496e+08 3.660322e+15 4.320567e+15 7.214677e+08 1.538782e-16
100.900000 3.972813e+08 4.656574e+08 3.663755e+15 4.324590e+15 7.175559e+08 1.531368e-16
101.000000 3.972927e+08 4.656653e+08 3.667187e+15 4.328613e+15 7.136687e+08 1.523995e-16
