4.0020E-10 2.1720E-01 5.8150E-14 1.2919E+00 1.9703E+00
1.2655E-09 2.1720E-01 1.4704E-13 1.2919E+00 1.9703E+00
4.0020E-09 2.1720E-01 4.6497E-13 1.2919E+00 1.9703E+00
1.2655E-08 2.1720E-01 1.4704E-12 1.2919E+00 1.9703E+00
4.0020E-08 2.1720E-01 4.6497E-12 1.2919E+00 1.9703E+00
1.2655E-07 2.1720E-01 1.4704E-11 1.2919E+00 1.9703E+00
4.0020E-07 2.1720E-01 4.6497E-11 1.2919E+00 1.9703E+00
1.2655E-06 2.1720E-01 1.4704E-10 1.2919E+00 1.9703E+00
4.0020E-06 2.1720E-01 4.6497E-10 1.2919E+00 1.9703E+00
1.2655E-05 2.1720E-01 1.4704E-09 1.2919E+00 1.9703E+00
4.0020E-05 2.1720E-01 4.6497E-09 1.2919E+00 1.9703E+00
1.2655E-04 2.1720E-01 1.4703E-08 1.2919E+00 1.9703E+00
4.0020E-04 2.1720E-01 4.8034E-08 1.2919E+00 1.9703E+00
1.2655E-03 2.1720E-01 1.5411E-07 1.2919E+00 1.9703E+00
4.0020E-03 2.1720E-01 4.8740E-07 1.2919E+00 1.9703E+00
