1.2685E-08 8.1992E-02 6.0339E-16 1.2919E+00 1.9703E+00
4.0113E-08 8.1992E-02 1.5293E-15 1.2919E+00 1.9703E+00
1.2685E-07 8.1992E-02 4.8360E-15 1.2919E+00 1.9703E+00
4.0113E-07 8.1992E-02 1.5293E-14 1.2919E+00 1.9703E+00
1.2685E-06 8.1992E-02 4.8360E-14 1.2919E+00 1.9703E+00
4.0113E-06 8.1992E-02 1.5293E-13 1.2919E+00 1.9703E+00
1.2685E-05 8.1992E-02 4.8360E-13 1.2919E+00 1.9703E+00
4.0113E-05 8.1992E-02 1.5293E-12 1.2919E+00 1.9703E+00
1.2685E-04 8.1992E-02 4.8360E-12 1.2919E+00 1.9703E+00
4.0113E-04 8.1992E-02 1.5293E-11 1.2919E+00 1.9703E+00
1.2685E-03 8.1992E-02 4.8360E-11 1.2919E+00 1.9703E+00
4.0113E-03 8.1992E-02 1.5293E-10 1.2919E+00 1.9703E+00
1.2685E-02 8.1992E-02 4.8359E-10 1.2919E+00 1.9703E+00
4.0113E-02 8.1992E-02 1.5295E-09 1.2919E+00 1.9703E+00
1.2685E-01 8.1992E-02 4.8369E-09 1.2919E+00 1.9703E+00
