4.0020E-13 2.7574E-01 3.0263E-05 1.2917E+00 1.9641E+00
1.2655E-12 2.7575E-01 7.5937E-05 1.2917E+00 1.9640E+00
4.0020E-12 2.7576E-01 2.3432E-04 1.2917E+00 1.9638E+00
1.2655E-11 2.7579E-01 6.8426E-04 1.2917E+00 1.9635E+00
4.0020E-11 2.7584E-01 1.7663E-03 1.2917E+00 1.9631E+00
1.2655E-10 2.7598E-01 3.7047E-03 1.2917E+00 1.9626E+00
4.0020E-10 2.7627E-01 6.4589E-03 1.2917E+00 1.9620E+00
1.2655E-09 2.7686E-01 1.1817E-02 1.2916E+00 1.9612E+00
4.0020E-09 2.7802E-01 2.5700E-02 1.2916E+00 1.9599E+00
1.2655E-08 2.8011E-01 5.4305E-02 1.2916E+00 1.9584E+00
4.0020E-08 2.8321E-01 1.0431E-01 1.2915E+00 1.9566E+00
1.2655E-07 2.8722E-01 1.8045E-01 1.2915E+00 1.9548E+00
4.0020E-07 2.9250E-01 2.8676E-01 1.2914E+00 1.9528E+00
1.2655E-06 3.0000E-01 4.4318E-01 1.2913E+00 1.9508E+00
4.0020E-06 3.1215E-01 6.9411E-01 1.2913E+00 1.9485E+00
