2.0795E-15 2.9402E-01 2.8548E+02 1.2851E+00 1.8639E+00
6.5760E-15 2.9608E-01 2.9649E+02 1.2851E+00 1.8635E+00
2.0795E-14 2.9962E-01 3.0465E+02 1.2849E+00 1.8626E+00
6.5760E-14 3.0440E-01 3.0403E+02 1.2847E+00 1.8613E+00
2.0795E-13 3.1055E-01 2.8773E+02 1.2845E+00 1.8597E+00
6.5760E-13 3.1864E-01 2.4568E+02 1.2840E+00 1.8577E+00
2.0795E-12 3.2964E-01 1.8850E+02 1.2831E+00 1.8542E+00
6.5760E-12 3.5222E-01 1.4683E+02 1.2805E+00 1.8458E+00
2.0795E-11 3.9707E-01 1.4047E+02 1.2728E+00 1.8222E+00
6.5760E-11 4.9767E-01 1.8628E+02 1.2524E+00 1.7603E+00
2.0795E-10 7.0720E-01 3.4819E+02 1.2082E+00 1.6273E+00
6.5760E-10 1.1085E+00 7.9349E+02 1.1407E+00 1.4243E+00
2.0795E-09 1.9500E+00 1.7563E+03 1.0741E+00 1.2241E+00
6.5760E-09 4.0926E+00 3.1414E+03 1.0316E+00 1.0963E+00
2.0795E-08 1.0385E+01 4.3897E+03 1.0121E+00 1.0374E+00
