6.5913E-14 2.7819E-01 1.8404E-01 1.2908E+00 1.9371E+00
2.0844E-13 2.7840E-01 2.3292E-01 1.2906E+00 1.9351E+00
6.5913E-13 2.7870E-01 2.7901E-01 1.2904E+00 1.9322E+00
2.0844E-12 2.7909E-01 2.8562E-01 1.2903E+00 1.9302E+00
6.5913E-12 2.7956E-01 2.7214E-01 1.2902E+00 1.9288E+00
2.0844E-11 2.8009E-01 2.6998E-01 1.2901E+00 1.9273E+00
6.5913E-11 2.8082E-01 3.0107E-01 1.2899E+00 1.9249E+00
2.0844E-10 2.8214E-01 3.8161E-01 1.2897E+00 1.9218E+00
6.5913E-10 2.8470E-01 5.3562E-01 1.2895E+00 1.9193E+00
2.0844E-09 2.9049E-01 7.7332E-01 1.2894E+00 1.9179E+00
6.5913E-09 3.0263E-01 1.1881E+00 1.2894E+00 1.9167E+00
2.0844E-08 3.2978E-01 1.9373E+00 1.2893E+00 1.9150E+00
6.5913E-08 3.9217E-01 3.3129E+00 1.2891E+00 1.9126E+00
2.0844E-07 5.2972E-01 6.0119E+00 1.2889E+00 1.9096E+00
6.5913E-07 8.6309E-01 1.0971E+01 1.2887E+00 1.9067E+00
