1.4182E-16 1.6041E-01 7.1230E+01 6.8765E-01 6.8773E-01
4.4847E-16 1.5887E-01 7.6415E+01 6.7897E-01 6.7905E-01
1.4182E-15 1.4648E-01 1.1202E+02 6.1897E-01 6.1900E-01
4.4847E-15 1.2352E-01 1.5941E+02 5.1439E-01 5.1441E-01
1.4182E-14 9.0751E-02 1.6032E+02 3.6951E-01 3.6952E-01
4.4847E-14 6.5907E-02 1.4809E+02 2.6144E-01 2.6145E-01
1.4182E-13 4.6177E-02 1.4196E+02 1.7661E-01 1.7662E-01
4.4847E-13 2.5956E-02 1.4334E+02 9.1240E-02 9.1245E-02
1.4182E-12 2.0253E-02 1.5920E+02 6.5221E-02 6.5226E-02
4.4847E-12 1.3876E-02 1.8105E+02 3.4563E-02 3.4567E-02
1.4182E-11 1.2699E-02 2.0539E+02 1.9271E-02 1.9274E-02
4.4847E-11 1.5728E-02 1.9895E+02 1.2232E-02 1.2234E-02
1.4182E-10 2.2493E-02 1.6338E+02 5.5705E-03 5.5716E-03
4.4847E-10 3.6629E-02 1.8937E+02 4.0757E-03 4.0765E-03
1.4182E-09 5.1764E-02 2.2300E+02 2.0791E-03 2.0796E-03
