2.4180e+14
2.4422e+14
2.4663e+14
2.4908e+14
2.5150e+14
2.5391e+14
2.5633e+14
2.5875e+14
2.6119e+14
2.6361e+14
2.6603e+14
2.6845e+14
2.7086e+14
2.7331e+14
2.7572e+14
2.7814e+14
2.8056e+14
2.8298e+14
2.8542e+14
2.8784e+14
2.9026e+14
2.9267e+14
2.9509e+14
2.9753e+14
2.9995e+14
3.0237e+14
3.0479e+14
3.0721e+14
3.0965e+14
3.1207e+14
3.1448e+14
3.1690e+14
3.1932e+14
3.2176e+14
3.2418e+14
3.2660e+14
3.2902e+14
3.3143e+14
3.3388e+14
3.3629e+14
3.3871e+14
3.4113e+14
3.4355e+14
3.4599e+14
3.4841e+14
3.5083e+14
3.5324e+14
3.5566e+14
3.5810e+14
3.6052e+14
3.6294e+14
3.6536e+14
3.6778e+14
3.7022e+14
3.7264e+14
3.7505e+14
3.7747e+14
3.7989e+14
3.8233e+14
3.8475e+14
3.8717e+14
3.8959e+14
3.9200e+14
3.9445e+14
3.9686e+14
3.9928e+14
4.0170e+14
4.0412e+14
4.0656e+14
4.0898e+14
4.1140e+14
4.1381e+14
4.1623e+14
4.1867e+14
4.2109e+14
4.2351e+14
4.2593e+14
4.2835e+14
4.3079e+14
4.3321e+14
4.3563e+14
4.3804e+14
4.4046e+14
4.4290e+14
4.4532e+14
4.4774e+14
4.5016e+14
4.5258e+14
4.5502e+14
4.5744e+14
4.5985e+14
4.6227e+14
4.6469e+14
4.6713e+14
4.6955e+14
4.7197e+14
4.7439e+14
4.7680e+14
4.7925e+14
4.8166e+14
4.8408e+14
4.8650e+14
4.8892e+14
4.9136e+14
4.9378e+14
4.9620e+14
4.9861e+14
5.0103e+14
5.0347e+14
5.0589e+14
5.0831e+14
5.1073e+14
5.1315e+14
5.1559e+14
5.1801e+14
5.2042e+14
5.2284e+14
5.2526e+14
5.2770e+14
5.3012e+14
5.3254e+14
5.3496e+14
5.3737e+14
5.3982e+14
5.4223e+14
5.4465e+14
5.4707e+14
5.4949e+14
5.5193e+14
5.5435e+14
5.5677e+14
5.5918e+14
5.6160e+14
5.6404e+14
5.6646e+14
5.6888e+14
5.7130e+14
5.7372e+14
5.7616e+14
5.7858e+14
5.8099e+14
5.8341e+14
5.8583e+14
5.8827e+14
5.9069e+14
5.9311e+14
5.9553e+14
5.9794e+14
6.0039e+14
6.0280e+14
6.0522e+14
6.0764e+14
6.1006e+14
6.1250e+14
6.1492e+14
6.1734e+14
6.1976e+14
6.2217e+14
6.2462e+14
6.2703e+14
6.2945e+14
6.3187e+14
6.3429e+14
6.3673e+14
6.3915e+14
6.4157e+14
6.4398e+14
6.4640e+14
6.4884e+14
6.5126e+14
6.5368e+14
6.5610e+14
6.5852e+14
6.6096e+14
6.6338e+14
6.6579e+14
6.6821e+14
6.7063e+14
6.7307e+14
6.7549e+14
6.7791e+14
6.8033e+14
6.8274e+14
6.8519e+14
6.8760e+14
6.9002e+14
6.9244e+14
6.9486e+14
6.9730e+14
6.9972e+14
7.0214e+14
7.0455e+14
7.0697e+14
7.0941e+14
7.1183e+14
7.1425e+14
7.1667e+14
7.1909e+14
7.2153e+14
7.2395e+14
7.2636e+14
7.2878e+14
7.3120e+14
7.3364e+14
7.3606e+14
7.3848e+14
7.4090e+14
7.4331e+14
7.4576e+14
7.4817e+14
7.5059e+14
7.5301e+14
7.5543e+14
7.5787e+14
7.6029e+14
7.6271e+14
7.6512e+14
7.6754e+14
7.6998e+14
7.7240e+14
7.7482e+14
7.7724e+14
7.7966e+14
7.8210e+14
7.8452e+14
7.8693e+14
7.8935e+14
7.9177e+14
7.9421e+14
7.9663e+14
7.9905e+14
8.0147e+14
8.0388e+14
8.0633e+14
8.0875e+14
8.1116e+14
8.1358e+14
8.1600e+14
8.1844e+14
8.2086e+14
8.2328e+14
8.2570e+14
8.2811e+14
8.3056e+14
8.3297e+14
8.3539e+14
8.3781e+14
8.4023e+14
8.4267e+14
8.4509e+14
8.4751e+14
8.4992e+14
8.5234e+14
8.5478e+14
8.5720e+14
8.5962e+14
8.6204e+14
8.6446e+14
8.6690e+14
8.6932e+14
8.7173e+14
8.7415e+14
8.7657e+14
8.7901e+14
8.8143e+14
8.8385e+14
8.8627e+14
8.8868e+14
8.9113e+14
8.9354e+14
8.9596e+14
8.9838e+14
9.0080e+14
9.0324e+14
9.0566e+14
9.0808e+14
9.1049e+14
9.1291e+14
9.1535e+14
9.1777e+14
9.2019e+14
9.2261e+14
9.2503e+14
9.2747e+14
9.2989e+14
9.3230e+14
9.3472e+14
9.3714e+14
9.3958e+14
9.4200e+14
9.4442e+14
9.4684e+14
9.4925e+14
9.5170e+14
9.5411e+14
9.5653e+14
9.5895e+14
9.6137e+14
9.6381e+14
9.6623e+14
9.6865e+14
9.7106e+14
9.7348e+14
9.7592e+14
9.7834e+14
9.8076e+14
9.8318e+14
9.8560e+14
9.8804e+14
9.9046e+14
9.9288e+14
9.9529e+14
9.9771e+14
1.0002e+15
1.0026e+15
1.0050e+15
1.0074e+15
1.0098e+15
1.0123e+15
1.0147e+15
1.0171e+15
1.0195e+15
1.0219e+15
1.0244e+15
1.0268e+15
1.0292e+15
1.0316e+15
1.0341e+15
1.0365e+15
1.0389e+15
1.0413e+15
1.0437e+15
1.0462e+15
1.0486e+15
1.0510e+15
1.0534e+15
1.0559e+15
1.0583e+15
1.0607e+15
1.0631e+15
1.0656e+15
1.0680e+15
1.0704e+15
1.0728e+15
1.0753e+15
1.0777e+15
1.0801e+15
1.0825e+15
1.0850e+15
1.0874e+15
1.0898e+15
1.0922e+15
1.0946e+15
1.0971e+15
1.0995e+15
1.1019e+15
1.1043e+15
1.1067e+15
1.1092e+15
1.1116e+15
1.1140e+15
1.1164e+15
1.1189e+15
1.1213e+15
1.1237e+15
1.1261e+15
1.1285e+15
1.1310e+15
1.1334e+15
1.1358e+15
1.1382e+15
1.1407e+15
1.1431e+15
1.1455e+15
1.1479e+15
1.1504e+15
1.1528e+15
1.1552e+15
1.1576e+15
1.1601e+15
1.1625e+15
1.1649e+15
1.1673e+15
1.1698e+15
1.1722e+15
1.1746e+15
1.1770e+15
1.1794e+15
1.1819e+15
1.1843e+15
1.1867e+15
1.1891e+15
1.1915e+15
1.1940e+15
1.1964e+15
1.1988e+15
1.2012e+15
1.2037e+15
1.2061e+15
1.2085e+15
1.2109e+15
1.2133e+15
1.2158e+15
1.2182e+15
1.2206e+15
1.2230e+15
1.2255e+15
1.2279e+15
1.2303e+15
1.2327e+15
1.2352e+15
1.2376e+15
1.2400e+15
1.2424e+15
1.2449e+15
1.2473e+15
1.2497e+15
1.2521e+15
1.2545e+15
1.2570e+15
1.2594e+15
1.2618e+15
1.2642e+15
1.2667e+15
1.2691e+15
1.2715e+15
1.2739e+15
1.2763e+15
1.2788e+15
1.2812e+15
1.2836e+15
1.2860e+15
1.2885e+15
1.2909e+15
1.2933e+15
1.2957e+15
1.2981e+15
1.3006e+15
1.3030e+15
1.3054e+15
1.3078e+15
1.3103e+15
1.3127e+15
1.3151e+15
1.3175e+15
1.3200e+15
1.3224e+15
1.3248e+15
1.3272e+15
1.3297e+15
1.3321e+15
1.3345e+15
1.3369e+15
1.3393e+15
1.3418e+15
1.3442e+15
1.3466e+15
1.3490e+15
1.3515e+15
1.3539e+15
1.3563e+15
1.3587e+15
1.3611e+15
1.3636e+15
1.3660e+15
1.3684e+15
1.3708e+15
1.3732e+15
1.3757e+15
1.3781e+15
1.3805e+15
1.3829e+15
1.3854e+15
1.3878e+15
1.3902e+15
1.3926e+15
1.3951e+15
1.3975e+15
1.3999e+15
1.4023e+15
1.4048e+15
1.4072e+15
1.4096e+15
1.4120e+15
1.4145e+15
1.4169e+15
1.4193e+15
1.4217e+15
1.4241e+15
1.4266e+15
1.4290e+15
1.4314e+15
1.4338e+15
1.4363e+15
1.4387e+15
1.4411e+15
1.4435e+15
1.4459e+15
1.4484e+15
1.4508e+15
1.4532e+15
1.4556e+15
1.4581e+15
1.4605e+15
1.4629e+15
1.4653e+15
1.4677e+15
1.4702e+15
1.4726e+15
1.4750e+15
1.4774e+15
1.4799e+15
1.4823e+15
1.4847e+15
1.4871e+15
1.4896e+15
1.4920e+15
1.4944e+15
1.4968e+15
1.4993e+15
1.5017e+15
1.5041e+15
1.5065e+15
1.5089e+15
1.5114e+15
1.5138e+15
1.5162e+15
1.5186e+15
1.5211e+15
1.5235e+15
1.5259e+15
1.5283e+15
1.5308e+15
1.5332e+15
1.5356e+15
1.5380e+15
1.5404e+15
1.5429e+15
1.5453e+15
1.5477e+15
1.5501e+15
1.5525e+15
1.5550e+15
1.5574e+15
1.5598e+15
1.5622e+15
1.5647e+15
1.5671e+15
1.5695e+15
1.5719e+15
1.5744e+15
1.5768e+15
1.5792e+15
1.5816e+15
1.5840e+15
1.5865e+15
1.5889e+15
1.5913e+15
1.5937e+15
1.5962e+15
1.5986e+15
1.6010e+15
1.6034e+15
1.6059e+15
1.6083e+15
1.6107e+15
1.6131e+15
1.6156e+15
1.6180e+15
1.6204e+15
1.6228e+15
1.6252e+15
1.6277e+15
1.6301e+15
1.6325e+15
1.6349e+15
1.6373e+15
1.6398e+15
1.6422e+15
1.6446e+15
1.6470e+15
1.6495e+15
1.6519e+15
1.6543e+15
1.6567e+15
1.6592e+15
1.6616e+15
1.6640e+15
1.6664e+15
1.6688e+15
1.6713e+15
1.6737e+15
1.6761e+15
1.6785e+15
1.6810e+15
1.6834e+15
1.6858e+15
1.6882e+15
1.6907e+15
1.6931e+15
1.6955e+15
1.6979e+15
1.7004e+15
1.7028e+15
1.7052e+15
1.7076e+15
1.7100e+15
1.7125e+15
1.7149e+15
1.7173e+15
1.7197e+15
1.7221e+15
1.7246e+15
1.7270e+15
1.7294e+15
1.7318e+15
1.7343e+15
1.7367e+15
1.7391e+15
1.7415e+15
1.7440e+15
1.7464e+15
1.7488e+15
1.7512e+15
1.7536e+15
1.7561e+15
1.7585e+15
1.7609e+15
1.7633e+15
1.7658e+15
1.7682e+15
1.7706e+15
1.7730e+15
1.7755e+15
1.7779e+15
1.7803e+15
1.7827e+15
1.7852e+15
1.7876e+15
1.7900e+15
1.7924e+15
1.7948e+15
1.7973e+15
1.7997e+15
1.8021e+15
1.8045e+15
1.8069e+15
1.8094e+15
1.8118e+15
1.8142e+15
1.8166e+15
1.8191e+15
1.8215e+15
1.8239e+15
1.8263e+15
1.8288e+15
1.8312e+15
1.8336e+15
1.8360e+15
1.8384e+15
1.8409e+15
1.8433e+15
1.8457e+15
1.8481e+15
1.8506e+15
1.8530e+15
1.8554e+15
1.8578e+15
1.8603e+15
1.8627e+15
1.8651e+15
1.8675e+15
1.8700e+15
1.8724e+15
1.8748e+15
1.8772e+15
1.8796e+15
1.8821e+15
1.8845e+15
1.8869e+15
1.8893e+15
1.8917e+15
1.8942e+15
1.8966e+15
1.8990e+15
1.9014e+15
1.9039e+15
1.9063e+15
1.9087e+15
1.9111e+15
1.9135e+15
1.9160e+15
1.9184e+15
1.9208e+15
1.9232e+15
1.9257e+15
1.9281e+15
1.9305e+15
1.9329e+15
1.9354e+15
1.9378e+15
1.9402e+15
1.9426e+15
1.9451e+15
1.9475e+15
1.9499e+15
1.9523e+15
1.9548e+15
1.9572e+15
1.9596e+15
1.9620e+15
1.9644e+15
1.9669e+15
1.9693e+15
1.9717e+15
1.9741e+15
1.9765e+15
1.9790e+15
1.9814e+15
1.9838e+15
1.9862e+15
1.9887e+15
1.9911e+15
1.9935e+15
1.9959e+15
1.9983e+15
2.0008e+15
2.0032e+15
2.0056e+15
2.0080e+15
2.0105e+15
2.0129e+15
2.0153e+15
2.0177e+15
2.0202e+15
2.0226e+15
2.0250e+15
2.0274e+15
2.0299e+15
2.0323e+15
2.0347e+15
2.0371e+15
2.0396e+15
2.0420e+15
2.0444e+15
2.0468e+15
2.0492e+15
2.0517e+15
2.0541e+15
2.0565e+15
2.0589e+15
2.0613e+15
2.0638e+15
2.0662e+15
2.0686e+15
2.0710e+15
2.0735e+15
2.0759e+15
2.0783e+15
2.0807e+15
2.0831e+15
2.0856e+15
2.0880e+15
2.0904e+15
2.0928e+15
2.0953e+15
2.0977e+15
2.1001e+15
2.1025e+15
2.1050e+15
2.1074e+15
2.1098e+15
2.1122e+15
2.1147e+15
2.1171e+15
2.1195e+15
2.1219e+15
2.1243e+15
2.1268e+15
2.1292e+15
2.1316e+15
2.1340e+15
2.1365e+15
2.1389e+15
2.1413e+15
2.1437e+15
2.1461e+15
2.1486e+15
2.1510e+15
2.1534e+15
2.1558e+15
2.1582e+15
2.1607e+15
2.1631e+15
2.1655e+15
2.1679e+15
2.1704e+15
2.1728e+15
2.1752e+15
2.1776e+15
2.1801e+15
2.1825e+15
2.1849e+15
2.1873e+15
2.1898e+15
2.1922e+15
2.1946e+15
2.1970e+15
2.1995e+15
2.2019e+15
2.2043e+15
2.2067e+15
2.2091e+15
2.2116e+15
2.2140e+15
2.2164e+15
2.2188e+15
2.2213e+15
2.2237e+15
2.2261e+15
2.2285e+15
2.2309e+15
2.2334e+15
2.2358e+15
2.2382e+15
2.2406e+15
2.2430e+15
2.2455e+15
2.2479e+15
2.2503e+15
2.2527e+15
2.2552e+15
2.2576e+15
2.2600e+15
2.2624e+15
2.2649e+15
2.2673e+15
2.2697e+15
2.2721e+15
2.2746e+15
2.2770e+15
2.2794e+15
2.2818e+15
2.2843e+15
2.2867e+15
2.2891e+15
2.2915e+15
2.2939e+15
2.2964e+15
2.2988e+15
2.3012e+15
2.3036e+15
2.3061e+15
2.3085e+15
2.3109e+15
2.3133e+15
2.3157e+15
2.3182e+15
2.3206e+15
2.3230e+15
2.3254e+15
2.3278e+15
2.3303e+15
2.3327e+15
2.3351e+15
2.3375e+15
2.3400e+15
2.3424e+15
2.3448e+15
2.3472e+15
2.3497e+15
2.3521e+15
2.3545e+15
2.3569e+15
2.3594e+15
2.3618e+15
2.3642e+15
2.3666e+15
2.3690e+15
2.3715e+15
2.3739e+15
2.3763e+15
2.3787e+15
2.3812e+15
2.3836e+15
2.3860e+15
2.3884e+15
2.3909e+15
2.3933e+15
2.3957e+15
2.3981e+15
2.4005e+15
2.4030e+15
2.4054e+15
2.4078e+15
2.4102e+15
2.4126e+15
2.4151e+15
2.4175e+15
2.4199e+15
2.4223e+15
2.4248e+15
2.4272e+15
2.4296e+15
2.4320e+15
2.4344e+15
2.4369e+15
2.4393e+15
2.4417e+15
2.4441e+15
2.4465e+15
2.4489e+15
2.4514e+15
2.4538e+15
2.4562e+15
2.4586e+15
2.4610e+15
2.4634e+15
2.4659e+15
2.4683e+15
2.4707e+15
2.4731e+15
2.4755e+15
2.4780e+15
2.4804e+15
2.4830e+15
2.4855e+15
2.4879e+15
2.4903e+15
2.4927e+15
2.4951e+15
2.4975e+15
2.5000e+15
2.5024e+15
2.5048e+15
2.5072e+15
2.5096e+15
2.5120e+15
2.5145e+15
2.5169e+15
2.5193e+15
2.5217e+15
2.5241e+15
2.5266e+15
2.5290e+15
2.5314e+15
2.5338e+15
2.5362e+15
2.5386e+15
2.5411e+15
2.5435e+15
2.5459e+15
2.5483e+15
2.5507e+15
2.5532e+15
2.5556e+15
2.5580e+15
2.5604e+15
2.5628e+15
2.5652e+15
2.5677e+15
2.5701e+15
2.5725e+15
2.5749e+15
2.5773e+15
2.5798e+15
2.5822e+15
2.5846e+15
2.5870e+15
2.5894e+15
2.5918e+15
2.5943e+15
2.5967e+15
2.5991e+15
2.6015e+15
2.6042e+15
2.6066e+15
2.6090e+15
2.6114e+15
2.6138e+15
2.6163e+15
2.6187e+15
2.6211e+15
2.6235e+15
2.6259e+15
2.6284e+15
2.6308e+15
2.6332e+15
2.6356e+15
2.6380e+15
2.6404e+15
2.6429e+15
2.6453e+15
2.6477e+15
2.6501e+15
2.6525e+15
2.6550e+15
2.6574e+15
2.6598e+15
