4.0020E-10 2.4824E-01 5.7687E-14 1.1551E+00 1.5393E+00
1.2655E-09 2.4824E-01 1.6670E-13 1.1551E+00 1.5393E+00
4.0020E-09 2.4824E-01 5.2716E-13 1.1551E+00 1.5393E+00
1.2655E-08 2.4824E-01 1.6670E-12 1.1551E+00 1.5393E+00
4.0020E-08 2.4824E-01 5.2716E-12 1.1551E+00 1.5393E+00
1.2655E-07 2.4824E-01 1.6670E-11 1.1551E+00 1.5393E+00
4.0020E-07 2.4824E-01 5.2716E-11 1.1551E+00 1.5393E+00
1.2655E-06 2.4824E-01 1.6670E-10 1.1551E+00 1.5393E+00
4.0020E-06 2.4824E-01 5.2716E-10 1.1551E+00 1.5393E+00
1.2655E-05 2.4824E-01 1.6670E-09 1.1551E+00 1.5393E+00
4.0020E-05 2.4824E-01 5.2716E-09 1.1551E+00 1.5393E+00
1.2655E-04 2.4824E-01 1.6670E-08 1.1551E+00 1.5393E+00
4.0020E-04 2.4824E-01 5.4745E-08 1.1551E+00 1.5393E+00
1.2655E-03 2.4824E-01 1.7481E-07 1.1551E+00 1.5393E+00
4.0020E-03 2.4824E-01 5.5280E-07 1.1551E+00 1.5393E+00
