4.0020E-16 2.9481E-01 4.8448E+01 1.0004E+00 1.0015E+00
1.7585E-15 2.9687E-01 5.6423E+01 1.0001E+00 1.0011E+00
7.7267E-15 2.9902E-01 7.3674E+01 9.9892E-01 9.9972E-01
3.3951E-14 3.0136E-01 1.0007E+02 9.9409E-01 9.9469E-01
1.4918E-13 3.0533E-01 1.2529E+02 9.7721E-01 9.7762E-01
6.5549E-13 3.1806E-01 1.4526E+02 9.3596E-01 9.3625E-01
2.8802E-12 3.7956E-01 1.7348E+02 8.9180E-01 8.9206E-01
1.2655E-11 6.1825E-01 2.5021E+02 8.6232E-01 8.6256E-01
5.5608E-11 1.5390E+00 6.4483E+02 8.5197E-01 8.5219E-01
2.4434E-10 5.3030E+00 2.2695E+03 8.3537E-01 8.3555E-01
1.0736E-09 1.9488E+01 8.0993E+03 7.8417E-01 7.8429E-01
4.7174E-09 5.6987E+01 2.2976E+04 6.5697E-01 6.5703E-01
2.0728E-08 1.2177E+02 4.7269E+04 4.6852E-01 4.6856E-01
9.1079E-08 2.0031E+02 7.1255E+04 2.9505E-01 2.9506E-01
4.0020E-07 2.9328E+02 9.0210E+04 1.6208E-01 1.6209E-01
