2.0795E-15 3.3508E-01 2.8548E+02 1.1498E+00 1.4561E+00
6.5760E-15 3.3768E-01 2.9820E+02 1.1498E+00 1.4557E+00
2.0795E-14 3.4164E-01 3.0472E+02 1.1497E+00 1.4550E+00
6.5760E-14 3.4692E-01 3.0301E+02 1.1495E+00 1.4540E+00
2.0795E-13 3.5368E-01 2.8409E+02 1.1493E+00 1.4527E+00
6.5760E-13 3.6245E-01 2.3863E+02 1.1490E+00 1.4513E+00
2.0795E-12 3.7409E-01 1.8041E+02 1.1484E+00 1.4491E+00
6.5760E-12 4.0211E-01 1.4153E+02 1.1468E+00 1.4438E+00
2.0795E-11 4.5438E-01 1.4224E+02 1.1423E+00 1.4297E+00
6.5760E-11 5.7378E-01 1.9281E+02 1.1304E+00 1.3936E+00
2.0795E-10 8.2365E-01 3.5321E+02 1.1052E+00 1.3178E+00
6.5760E-10 1.3289E+00 7.5597E+02 1.0684E+00 1.2068E+00
2.0795E-09 2.4647E+00 1.5438E+03 1.0342E+00 1.1040E+00
6.5760E-09 5.5159E+00 2.5691E+03 1.0139E+00 1.0427E+00
2.0795E-08 1.4706E+01 3.4357E+03 1.0051E+00 1.0162E+00
