6.5913E-11 2.9140E-01 6.6150E-13 1.1551E+00 1.5393E+00
2.0844E-10 2.9140E-01 1.9161E-12 1.1551E+00 1.5393E+00
6.5913E-10 2.9140E-01 6.0591E-12 1.1551E+00 1.5393E+00
2.0844E-09 2.9140E-01 1.9161E-11 1.1551E+00 1.5393E+00
6.5913E-09 2.9140E-01 6.0591E-11 1.1551E+00 1.5393E+00
2.0844E-08 2.9140E-01 1.9161E-10 1.1551E+00 1.5393E+00
6.5913E-08 2.9140E-01 6.0591E-10 1.1551E+00 1.5393E+00
2.0844E-07 2.9140E-01 1.9161E-09 1.1551E+00 1.5393E+00
6.5913E-07 2.9140E-01 6.0591E-09 1.1551E+00 1.5393E+00
2.0844E-06 2.9140E-01 1.9293E-08 1.1551E+00 1.5393E+00
6.5913E-06 2.9140E-01 6.8833E-08 1.1551E+00 1.5393E+00
2.0844E-05 2.9140E-01 2.3710E-07 1.1551E+00 1.5393E+00
6.5913E-05 2.9140E-01 7.7182E-07 1.1551E+00 1.5393E+00
2.0844E-04 2.9141E-01 2.4587E-06 1.1551E+00 1.5393E+00
6.5913E-04 2.9141E-01 7.7741E-06 1.1551E+00 1.5393E+00
