-21.4937 -20.9937 -20.4937 -19.9937 -19.4937 -18.9937 -18.4937 -17.9937 -17.4937 -16.9937 -16.4937 -15.9937 -15.4937 -14.9937 -14.4937 
3.7636 30.8773 30.4693 30.1912 29.7891 29.2744 28.7103 28.2094 27.7301 27.3177 26.8668 26.4327 25.8707 25.3099 24.9208 24.4663
4.0646 31.3092 30.7325 30.2055 29.6956 29.1504 28.5718 28.0060 27.5222 27.2905 27.1941 27.1038 26.9138 26.5842 26.1196 25.5792
4.5417 33.0337 32.5527 32.0621 31.5596 31.0316 30.4559 29.8344 29.2290 28.7312 28.3633 28.1262 27.9567 27.7667 27.4879 27.1142
5.0646 33.2338 32.7597 32.3027 31.8500 31.3758 30.8509 30.2900 29.6971 29.1092 28.5689 28.1311 27.8014 27.5246 27.2326 26.8968
5.5417 31.8421 31.4580 31.0240 30.5309 30.0100 29.5113 29.0656 28.6764 28.3205 27.9831 27.6743 27.3901 27.1273 26.8904 26.6484
6.0646 29.1048 29.0615 29.0479 29.0092 28.9136 28.7257 28.4628 28.2338 28.0681 27.8894 27.6699 27.4051 27.1052 26.7959 26.4904
6.5417 28.1097 27.8325 27.5264 27.1639 26.7555 26.3482 25.9969 25.7516 25.6188 25.5531 25.5083 25.4645 25.4188 25.3822 25.3432
7.0646 24.4177 24.3796 24.3796 24.4733 25.0154 25.1543 25.1574 25.1579 25.1602 25.1623 25.1658 25.1691 25.1729 25.1730 25.1706
7.5417 24.3977 24.3596 24.3596 24.3596 24.3596 24.3596 24.3596 24.3596 24.3596 24.3625 24.4149 24.4521 24.4647 24.4678 24.4678
8.0646 24.3850 24.3459 24.3459 24.3459 24.3459 24.3459 24.3459 24.3459 24.3459 24.3459 24.3459 24.3459 24.3623 24.3665 24.3665
9.0646 24.4002 24.3621 24.3621 24.3621 24.3621 24.3621 24.3621 24.3621 24.3621 24.3621 24.3621 24.3621 24.3621 24.3622 24.3622
