-21.4937 -20.9937 -20.4937 -19.9937 -19.4937 -18.9937 -18.4937 -17.9937 -17.4937 -16.9937 -16.4937 -15.9937 -15.4937 -14.9937 -14.4937
3.7636 -0.6173 -0.6310 -0.6799 -0.7656 -0.8951 -1.1036 -1.2268 -1.4390 -1.6496 -1.7347 -1.8222 -1.7023 -1.5625 -1.3351 -1.2606
4.0646 -0.5305 -0.5274 -0.5243 -0.5209 -0.5152 -0.4975 -0.4207 -0.2088 0.1872 0.7245 1.2898 1.7558 2.0855 2.3017 2.4673
4.5417 -0.4749 -0.4715 -0.4664 -0.4598 -0.4514 -0.4408 -0.4270 -0.3957 -0.3426 -0.2413 -0.0843 0.1235 0.3918 0.7416 1.1675
5.0646 -0.3540 -0.3423 -0.3302 -0.3202 -0.3102 -0.2993 -0.2886 -0.2777 -0.2607 -0.2375 -0.1959 -0.1226 0.0058 0.2086 0.4999
5.5417 -0.4977 -0.4974 -0.4969 -0.4963 -0.4956 -0.4948 -0.4937 -0.4917 -0.4874 -0.4784 -0.4604 -0.4230 -0.3501 -0.2247 -0.0235
6.0646 -0.5015 -0.5015 -0.5015 -0.5014 -0.5013 -0.5011 -0.5006 -0.4997 -0.4978 -0.4945 -0.4898 -0.4838 -0.4760 -0.4654 -0.4488
6.5417 -0.5042 -0.5042 -0.5042 -0.5042 -0.5042 -0.5042 -0.5042 -0.5042 -0.5042 -0.5041 -0.5040 -0.5039 -0.5034 -0.5025 -0.5006
7.0646 -0.5117 -0.5117 -0.5117 -0.5117 -0.5117 -0.5117 -0.5117 -0.5117 -0.5117 -0.5117 -0.5117 -0.5117 -0.5117 -0.5115 -0.5113
7.5417 -0.5355 -0.5355 -0.5355 -0.5355 -0.5355 -0.5355 -0.5355 -0.5355 -0.5355 -0.5355 -0.5355 -0.5355 -0.5355 -0.5355 -0.5355
8.0646 -0.6051 -0.6051 -0.6051 -0.6051 -0.6051 -0.6051 -0.6051 -0.6051 -0.6051 -0.6051 -0.6051 -0.6051 -0.6051 -0.6051 -0.6051
9.0646 -1.0282 -1.0282 -1.0282 -1.0282 -1.0282 -1.0282 -1.0282 -1.0282 -1.0282 -1.0282 -1.0282 -1.0282 -1.0282 -1.0282 -1.0282
